ID	Track	Artist	Position	Trend	Date	Chart	market
5fwSHlTEWpluwOM0Sxnh5k	Pepas	Farruko	1	#3e3e40	2021-09-01	Viral 50	is
2prnn41CblB8B4yWACDljP	Love Tonight - David Guetta Remix Edit	Shouse	2	#84bd00	2021-09-01	Viral 50	is
4RVwu0g32PAqgUiJoXsdF8	Happier Than Ever	Billie Eilish	3	#bd3200	2021-09-01	Viral 50	is
1uMHCAyGmHqyygoNRuo7MV	edamame (feat. Rich Brian)	bbno$	4	#3e3e40	2021-09-01	Viral 50	is
6OufwUcCqo81guU2jAlDVP	Love Tonight - Edit	Shouse	5	#84bd00	2021-09-01	Viral 50	is
2USlegnFJLrVLpoVfPimKB	Thunder	Gabry Ponte, LUM!X, Prezioso	6	#3e3e40	2021-09-01	Viral 50	is
7CIERzyqIwLVKGp00YbHRO	Pain	PinkPantheress	7	#84bd00	2021-09-01	Viral 50	is
7BGhFCspxYfYuxuWqstcal	VICE CITY BABY	kef LAVÍK	8	#84bd00	2021-09-01	Viral 50	is
1MIGkQxcdAt2lDx6ySpsc5	SUVs (Black on Black)	Jack Harlow, Pooh Shiesty	9	#bd3200	2021-09-01	Viral 50	is
27NovPIUIRrOZoCHxABJwK	INDUSTRY BABY (feat. Jack Harlow)	Lil Nas X	10	#84bd00	2021-09-01	Viral 50	is
37y7iDayfwm3WXn5BiAoRk	Dark Red	Steve Lacy	11	#bd3200	2021-09-01	Viral 50	is
5PjdY0CKGZdEuoNab3yDmX	STAY (with Justin Bieber)	The Kid LAROI	12	#84bd00	2021-09-01	Viral 50	is
0qXP5fMhxGzxALOkXYUxfP	Loverboy	A-Wall	13	#84bd00	2021-09-01	Viral 50	is
6M3PsepEj5gyJoIi7Xvr7u	Take My Breath	The Weeknd	14	#bd3200	2021-09-01	Viral 50	is
4s6vwFgPdCtidpEw8KuQT6	REPEAT IT (with Gunna)	Lil Tecca	15	#bd3200	2021-09-01	Viral 50	is
0mJBiaODgK0XjOLCN5fItq	Like I Can	Sam Smith	16	#bd3200	2021-09-01	Viral 50	is
02MWAaffLxlfxAUY7c5dvx	Heat Waves	Glass Animals	17	#84bd00	2021-09-01	Viral 50	is
7sq2z9oX2S0CvgTqCZ0ko4	Strange	Celeste	18	#84bd00	2021-09-01	Viral 50	is
6Uj1ctrBOjOas8xZXGqKk4	Woman	Doja Cat	19	#84bd00	2021-09-01	Viral 50	is
4XvcHTUfIlWfyJTRG0aqlo	2055	Sleepy Hallow	20	#bd3200	2021-09-01	Viral 50	is
7rYCenkV4OXJgiUuKrhDCb	Beethoven	Kenndog	21	#84bd00	2021-09-01	Viral 50	is
3Ho13bRS28xEvGvgW4LOFM	On Go (feat. Polo G)	Sheff G	22	#3e3e40	2021-09-01	Viral 50	is
7MC4XR9M9amdmKQr2iDF7i	Iko Iko (My Bestie)	Justin Wellington, Small Jam	23	#84bd00	2021-09-01	Viral 50	is
2OjHNAk9fzdpuoCv1gfQV8	please don't trust me	ClubDub	24	#3e3e40	2021-09-01	Viral 50	is
2eppXfCeR7XaX7x2zkCBIw	Mér er drull	FLOTT	25	#bd3200	2021-09-01	Viral 50	is
5NWPKgXfMhFZyPqNQ8Kt2C	Veiðimaður (feat. THØR & Bjørn)	Ingi Bauer	26	#bd3200	2021-09-01	Viral 50	is
6MNwXWX1d2k8ARllRJ5Ezt	FVN!	LVL1	27	#84bd00	2021-09-01	Viral 50	is
4YprqLB3jEAlHNOMXEcZtm	Vibe	Mike Candys	28	#bd3200	2021-09-01	Viral 50	is
07MDkzWARZaLEdKxo6yArG	Meet Me At Our Spot	THE ANXIETY, WILLOW, Tyler Cole	29	#84bd00	2021-09-01	Viral 50	is
6ZvXQhiIbP4XpbrHN6brAI	Kawaii 808	Yellow Claw, Crisis Era, Ramengvrl	30	#4687d7	2021-09-01	Viral 50	is
2Ru0Dxnb6h8fhPNfy2Z3pK	Lítil Stúlka	Lil Krummi	31	#84bd00	2021-09-01	Viral 50	is
3Wrjm47oTz2sjIgck11l5e	Beggin'	Måneskin	32	#bd3200	2021-09-01	Viral 50	is
0dd4ONt81AsGdX0TYFPHfI	Seinna meir	Bylgjan, Bubbi Morthens, Friðrik Dór, Jóhanna Guðrún, Elísabet, Jón Jónsson, Regína Ósk, Sigga Beinteins, Helgi Björnsson	33	#84bd00	2021-09-01	Viral 50	is
54AtiA08i3sDfJYsBYZHPw	Diamond in the rough	Arik Ancelin	34	#bd3200	2021-09-01	Viral 50	is
6PQ88X9TkUIAUIZJHW2upE	Bad Habits	Ed Sheeran	35	#84bd00	2021-09-01	Viral 50	is
3WM7W3sM8tPomGi9AU1Hrw	María (útsett fyrir þrjá)	kef LAVÍK	36	#84bd00	2021-09-01	Viral 50	is
7J4zszAZxAyowZp7gNUIUI	Bongo Cha Cha Cha	Goodboys	37	#84bd00	2021-09-01	Viral 50	is
1dIWPXMX4kRHj6Dt2DStUQ	Chosen (feat. Ty Dolla $ign)	Blxst, Tyga	38	#bd3200	2021-09-01	Viral 50	is
0Kdj7nwaYQmvhxnqZaIQuW	Bezos I	Bo Burnham	39	#84bd00	2021-09-01	Viral 50	is
5fO4ybFbomoSWPB3n2d6pe	Hell Shell	Young Nudy	40	#bd3200	2021-09-01	Viral 50	is
24iwskv8LDFMYRZ6Sr9iyw	Touchable	Remble	41	#bd3200	2021-09-01	Viral 50	is
0zO8ctW0UiuOefR87OeJOZ	Collard Greens	ScHoolboy Q, Kendrick Lamar	42	#84bd00	2021-09-01	Viral 50	is
1058fW9H3fZA6QjYCdOBad	Don't Go Yet	Camila Cabello	43	#bd3200	2021-09-01	Viral 50	is
750vtNtNiQVl80E4baoJjd	Lose	KSI, Lil Wayne	44	#4687d7	2021-09-01	Viral 50	is
5bzSQWaQq0AKxaMbuwLxwv	frikki dór 2012	ClubDub, Mambakid	45	#84bd00	2021-09-01	Viral 50	is
1q3Iuk3nVEwRPj7mR34QYQ	Pisk Mig Hårdt!!!	Dario Von Slutty	46	#4687d7	2021-09-01	Viral 50	is
05GvwwTLLID738BbKN1ze0	Because You Move Me	Tinlicker, Helsloot	47	#84bd00	2021-09-01	Viral 50	is
3yaYgjEFkRw3PVjW9mV1TO	Over The Top (feat. Drake)	Smiley	48	#bd3200	2021-09-01	Viral 50	is
3uUuGVFu1V7jTQL60S1r8z	Where Are You Now	Lost Frequencies, Calum Scott	49	#84bd00	2021-09-01	Viral 50	is
67G6iaOw8DZqp1z8STR89R	WHOLE LOTTA MONEY (feat. Nicki Minaj) - Remix	BIA	50	#4687d7	2021-09-01	Viral 50	is
5fwSHlTEWpluwOM0Sxnh5k	Pepas	Farruko	1	#3e3e40	2021-09-02	Viral 50	is
4RVwu0g32PAqgUiJoXsdF8	Happier Than Ever	Billie Eilish	2	#84bd00	2021-09-02	Viral 50	is
2prnn41CblB8B4yWACDljP	Love Tonight - David Guetta Remix Edit	Shouse	3	#bd3200	2021-09-02	Viral 50	is
6OufwUcCqo81guU2jAlDVP	Love Tonight - Edit	Shouse	4	#84bd00	2021-09-02	Viral 50	is
2USlegnFJLrVLpoVfPimKB	Thunder	Gabry Ponte, LUM!X, Prezioso	5	#84bd00	2021-09-02	Viral 50	is
7CIERzyqIwLVKGp00YbHRO	Pain	PinkPantheress	6	#84bd00	2021-09-02	Viral 50	is
7BGhFCspxYfYuxuWqstcal	VICE CITY BABY	kef LAVÍK	7	#84bd00	2021-09-02	Viral 50	is
1uMHCAyGmHqyygoNRuo7MV	edamame (feat. Rich Brian)	bbno$	8	#bd3200	2021-09-02	Viral 50	is
27NovPIUIRrOZoCHxABJwK	INDUSTRY BABY (feat. Jack Harlow)	Lil Nas X	9	#84bd00	2021-09-02	Viral 50	is
4s6vwFgPdCtidpEw8KuQT6	REPEAT IT (with Gunna)	Lil Tecca	10	#84bd00	2021-09-02	Viral 50	is
37y7iDayfwm3WXn5BiAoRk	Dark Red	Steve Lacy	11	#3e3e40	2021-09-02	Viral 50	is
5PjdY0CKGZdEuoNab3yDmX	STAY (with Justin Bieber)	The Kid LAROI	12	#3e3e40	2021-09-02	Viral 50	is
02MWAaffLxlfxAUY7c5dvx	Heat Waves	Glass Animals	13	#84bd00	2021-09-02	Viral 50	is
6ZvXQhiIbP4XpbrHN6brAI	Kawaii 808	Yellow Claw, Crisis Era, Ramengvrl	14	#84bd00	2021-09-02	Viral 50	is
07MDkzWARZaLEdKxo6yArG	Meet Me At Our Spot	THE ANXIETY, WILLOW, Tyler Cole	15	#84bd00	2021-09-02	Viral 50	is
1MIGkQxcdAt2lDx6ySpsc5	SUVs (Black on Black)	Jack Harlow, Pooh Shiesty	16	#bd3200	2021-09-02	Viral 50	is
7rYCenkV4OXJgiUuKrhDCb	Beethoven	Kenndog	17	#84bd00	2021-09-02	Viral 50	is
6Uj1ctrBOjOas8xZXGqKk4	Woman	Doja Cat	18	#84bd00	2021-09-02	Viral 50	is
4XvcHTUfIlWfyJTRG0aqlo	2055	Sleepy Hallow	19	#84bd00	2021-09-02	Viral 50	is
0qXP5fMhxGzxALOkXYUxfP	Loverboy	A-Wall	20	#bd3200	2021-09-02	Viral 50	is
7MC4XR9M9amdmKQr2iDF7i	Iko Iko (My Bestie)	Justin Wellington, Small Jam	21	#84bd00	2021-09-02	Viral 50	is
3Ho13bRS28xEvGvgW4LOFM	On Go (feat. Polo G)	Sheff G	22	#3e3e40	2021-09-02	Viral 50	is
5NWPKgXfMhFZyPqNQ8Kt2C	Veiðimaður (feat. THØR & Bjørn)	Ingi Bauer	23	#84bd00	2021-09-02	Viral 50	is
2OjHNAk9fzdpuoCv1gfQV8	please don't trust me	ClubDub	24	#3e3e40	2021-09-02	Viral 50	is
6M3PsepEj5gyJoIi7Xvr7u	Take My Breath	The Weeknd	25	#bd3200	2021-09-02	Viral 50	is
4YprqLB3jEAlHNOMXEcZtm	Vibe	Mike Candys	26	#84bd00	2021-09-02	Viral 50	is
24iwskv8LDFMYRZ6Sr9iyw	Touchable	Remble	27	#84bd00	2021-09-02	Viral 50	is
0mJBiaODgK0XjOLCN5fItq	Like I Can	Sam Smith	28	#bd3200	2021-09-02	Viral 50	is
2eppXfCeR7XaX7x2zkCBIw	Mér er drull	FLOTT	29	#bd3200	2021-09-02	Viral 50	is
6MNwXWX1d2k8ARllRJ5Ezt	FVN!	LVL1	30	#bd3200	2021-09-02	Viral 50	is
0dd4ONt81AsGdX0TYFPHfI	Seinna meir	Bylgjan, Bubbi Morthens, Friðrik Dór, Jóhanna Guðrún, Elísabet, Jón Jónsson, Regína Ósk, Sigga Beinteins, Helgi Björnsson	31	#84bd00	2021-09-02	Viral 50	is
0Kdj7nwaYQmvhxnqZaIQuW	Bezos I	Bo Burnham	32	#84bd00	2021-09-02	Viral 50	is
3yaYgjEFkRw3PVjW9mV1TO	Over The Top (feat. Drake)	Smiley	33	#84bd00	2021-09-02	Viral 50	is
750vtNtNiQVl80E4baoJjd	Lose	KSI, Lil Wayne	34	#84bd00	2021-09-02	Viral 50	is
3ZozFqJJlDBNIm4xqxn2ZD	Fancy Like	Walker Hayes	35	#4687d7	2021-09-02	Viral 50	is
3WM7W3sM8tPomGi9AU1Hrw	María (útsett fyrir þrjá)	kef LAVÍK	36	#3e3e40	2021-09-02	Viral 50	is
5fO4ybFbomoSWPB3n2d6pe	Hell Shell	Young Nudy	37	#84bd00	2021-09-02	Viral 50	is
6PQ88X9TkUIAUIZJHW2upE	Bad Habits	Ed Sheeran	38	#bd3200	2021-09-02	Viral 50	is
05GvwwTLLID738BbKN1ze0	Because You Move Me	Tinlicker, Helsloot	39	#84bd00	2021-09-02	Viral 50	is
0zO8ctW0UiuOefR87OeJOZ	Collard Greens	ScHoolboy Q, Kendrick Lamar	40	#84bd00	2021-09-02	Viral 50	is
2Ru0Dxnb6h8fhPNfy2Z3pK	Lítil Stúlka	Lil Krummi	41	#bd3200	2021-09-02	Viral 50	is
5bzSQWaQq0AKxaMbuwLxwv	frikki dór 2012	ClubDub, Mambakid	42	#84bd00	2021-09-02	Viral 50	is
14mc78ctIxHOMYz5fWja7Q	Rolando (Caught In The Rain)	DUSTY LOCANE	43	#4687d7	2021-09-02	Viral 50	is
54AtiA08i3sDfJYsBYZHPw	Diamond in the rough	Arik Ancelin	44	#bd3200	2021-09-02	Viral 50	is
7J4zszAZxAyowZp7gNUIUI	Bongo Cha Cha Cha	Goodboys	45	#bd3200	2021-09-02	Viral 50	is
7sq2z9oX2S0CvgTqCZ0ko4	Strange	Celeste	46	#bd3200	2021-09-02	Viral 50	is
7zx1i0jGcFwMBurajgKlO7	Black Magic	Jonasu	47	#4687d7	2021-09-02	Viral 50	is
1q3Iuk3nVEwRPj7mR34QYQ	Pisk Mig Hårdt!!!	Dario Von Slutty	48	#bd3200	2021-09-02	Viral 50	is
67G6iaOw8DZqp1z8STR89R	WHOLE LOTTA MONEY (feat. Nicki Minaj) - Remix	BIA	49	#84bd00	2021-09-02	Viral 50	is
1dIWPXMX4kRHj6Dt2DStUQ	Chosen (feat. Ty Dolla $ign)	Blxst, Tyga	50	#bd3200	2021-09-02	Viral 50	is
5fwSHlTEWpluwOM0Sxnh5k	Pepas	Farruko	1	#3e3e40	2021-09-03	Viral 50	is
4RVwu0g32PAqgUiJoXsdF8	Happier Than Ever	Billie Eilish	2	#3e3e40	2021-09-03	Viral 50	is
2prnn41CblB8B4yWACDljP	Love Tonight - David Guetta Remix Edit	Shouse	3	#3e3e40	2021-09-03	Viral 50	is
6OufwUcCqo81guU2jAlDVP	Love Tonight - Edit	Shouse	4	#3e3e40	2021-09-03	Viral 50	is
27NovPIUIRrOZoCHxABJwK	INDUSTRY BABY (feat. Jack Harlow)	Lil Nas X	5	#84bd00	2021-09-03	Viral 50	is
7CIERzyqIwLVKGp00YbHRO	Pain	PinkPantheress	6	#3e3e40	2021-09-03	Viral 50	is
37y7iDayfwm3WXn5BiAoRk	Dark Red	Steve Lacy	7	#84bd00	2021-09-03	Viral 50	is
1uMHCAyGmHqyygoNRuo7MV	edamame (feat. Rich Brian)	bbno$	8	#3e3e40	2021-09-03	Viral 50	is
2USlegnFJLrVLpoVfPimKB	Thunder	Gabry Ponte, LUM!X, Prezioso	9	#bd3200	2021-09-03	Viral 50	is
07MDkzWARZaLEdKxo6yArG	Meet Me At Our Spot	THE ANXIETY, WILLOW, Tyler Cole	10	#84bd00	2021-09-03	Viral 50	is
02MWAaffLxlfxAUY7c5dvx	Heat Waves	Glass Animals	11	#84bd00	2021-09-03	Viral 50	is
6ZvXQhiIbP4XpbrHN6brAI	Kawaii 808	Yellow Claw, Crisis Era, Ramengvrl	12	#84bd00	2021-09-03	Viral 50	is
4s6vwFgPdCtidpEw8KuQT6	REPEAT IT (with Gunna)	Lil Tecca	13	#bd3200	2021-09-03	Viral 50	is
7BGhFCspxYfYuxuWqstcal	VICE CITY BABY	kef LAVÍK	14	#bd3200	2021-09-03	Viral 50	is
7rYCenkV4OXJgiUuKrhDCb	Beethoven	Kenndog	15	#84bd00	2021-09-03	Viral 50	is
6M3PsepEj5gyJoIi7Xvr7u	Take My Breath	The Weeknd	16	#84bd00	2021-09-03	Viral 50	is
6Uj1ctrBOjOas8xZXGqKk4	Woman	Doja Cat	17	#84bd00	2021-09-03	Viral 50	is
4XvcHTUfIlWfyJTRG0aqlo	2055	Sleepy Hallow	18	#84bd00	2021-09-03	Viral 50	is
3Ho13bRS28xEvGvgW4LOFM	On Go (feat. Polo G)	Sheff G	19	#84bd00	2021-09-03	Viral 50	is
7MC4XR9M9amdmKQr2iDF7i	Iko Iko (My Bestie)	Justin Wellington, Small Jam	20	#84bd00	2021-09-03	Viral 50	is
4YprqLB3jEAlHNOMXEcZtm	Vibe	Mike Candys	21	#84bd00	2021-09-03	Viral 50	is
5PjdY0CKGZdEuoNab3yDmX	STAY (with Justin Bieber)	The Kid LAROI	22	#bd3200	2021-09-03	Viral 50	is
2OjHNAk9fzdpuoCv1gfQV8	please don't trust me	ClubDub	23	#84bd00	2021-09-03	Viral 50	is
1MIGkQxcdAt2lDx6ySpsc5	SUVs (Black on Black)	Jack Harlow, Pooh Shiesty	24	#bd3200	2021-09-03	Viral 50	is
5NWPKgXfMhFZyPqNQ8Kt2C	Veiðimaður (feat. THØR & Bjørn)	Ingi Bauer	25	#bd3200	2021-09-03	Viral 50	is
2eppXfCeR7XaX7x2zkCBIw	Mér er drull	FLOTT	26	#84bd00	2021-09-03	Viral 50	is
24iwskv8LDFMYRZ6Sr9iyw	Touchable	Remble	27	#3e3e40	2021-09-03	Viral 50	is
14mc78ctIxHOMYz5fWja7Q	Rolando (Caught In The Rain)	DUSTY LOCANE	28	#84bd00	2021-09-03	Viral 50	is
6MNwXWX1d2k8ARllRJ5Ezt	FVN!	LVL1	29	#84bd00	2021-09-03	Viral 50	is
05GvwwTLLID738BbKN1ze0	Because You Move Me	Tinlicker, Helsloot	30	#84bd00	2021-09-03	Viral 50	is
6PQ88X9TkUIAUIZJHW2upE	Bad Habits	Ed Sheeran	31	#84bd00	2021-09-03	Viral 50	is
3yaYgjEFkRw3PVjW9mV1TO	Over The Top (feat. Drake)	Smiley	32	#84bd00	2021-09-03	Viral 50	is
0dd4ONt81AsGdX0TYFPHfI	Seinna meir	Bylgjan, Bubbi Morthens, Friðrik Dór, Jóhanna Guðrún, Elísabet, Jón Jónsson, Regína Ósk, Sigga Beinteins, Helgi Björnsson	33	#bd3200	2021-09-03	Viral 50	is
0W6I02J9xcqK8MtSeosEXb	Get Into It (Yuh)	Doja Cat	34	#4687d7	2021-09-03	Viral 50	is
750vtNtNiQVl80E4baoJjd	Lose	KSI, Lil Wayne	35	#bd3200	2021-09-03	Viral 50	is
0qXP5fMhxGzxALOkXYUxfP	Loverboy	A-Wall	36	#bd3200	2021-09-03	Viral 50	is
0Kdj7nwaYQmvhxnqZaIQuW	Bezos I	Bo Burnham	37	#bd3200	2021-09-03	Viral 50	is
3ZozFqJJlDBNIm4xqxn2ZD	Fancy Like	Walker Hayes	38	#bd3200	2021-09-03	Viral 50	is
54AtiA08i3sDfJYsBYZHPw	Diamond in the rough	Arik Ancelin	39	#84bd00	2021-09-03	Viral 50	is
5fO4ybFbomoSWPB3n2d6pe	Hell Shell	Young Nudy	40	#bd3200	2021-09-03	Viral 50	is
1q3Iuk3nVEwRPj7mR34QYQ	Pisk Mig Hårdt!!!	Dario Von Slutty	41	#84bd00	2021-09-03	Viral 50	is
7J4zszAZxAyowZp7gNUIUI	Bongo Cha Cha Cha	Goodboys	42	#84bd00	2021-09-03	Viral 50	is
0mJBiaODgK0XjOLCN5fItq	Like I Can	Sam Smith	43	#bd3200	2021-09-03	Viral 50	is
5ILxHBhW4UdYQ8XNx8lASr	1000 NÆTUR (feat. Agnes)	Vill	44	#4687d7	2021-09-03	Viral 50	is
3qj4vBQO1SWIdLFJRr2nHb	F.C.K (feat. Aron Can)	Birnir	45	#4687d7	2021-09-03	Viral 50	is
5Rv9grENo0PwMFd3ZCT3Zp	I WANNA SEE SOME ASS (feat. jetsonmade)	Jack Harlow	46	#4687d7	2021-09-03	Viral 50	is
7sq2z9oX2S0CvgTqCZ0ko4	Strange	Celeste	47	#bd3200	2021-09-03	Viral 50	is
7zx1i0jGcFwMBurajgKlO7	Black Magic	Jonasu	48	#bd3200	2021-09-03	Viral 50	is
3uUuGVFu1V7jTQL60S1r8z	Where Are You Now	Lost Frequencies, Calum Scott	49	#4687d7	2021-09-03	Viral 50	is
1dIWPXMX4kRHj6Dt2DStUQ	Chosen (feat. Ty Dolla $ign)	Blxst, Tyga	50	#3e3e40	2021-09-03	Viral 50	is
5fwSHlTEWpluwOM0Sxnh5k	Pepas	Farruko	1	#3e3e40	2021-09-04	Viral 50	is
4RVwu0g32PAqgUiJoXsdF8	Happier Than Ever	Billie Eilish	2	#3e3e40	2021-09-04	Viral 50	is
6OufwUcCqo81guU2jAlDVP	Love Tonight - Edit	Shouse	3	#84bd00	2021-09-04	Viral 50	is
2prnn41CblB8B4yWACDljP	Love Tonight - David Guetta Remix Edit	Shouse	4	#bd3200	2021-09-04	Viral 50	is
7CIERzyqIwLVKGp00YbHRO	Pain	PinkPantheress	5	#84bd00	2021-09-04	Viral 50	is
37y7iDayfwm3WXn5BiAoRk	Dark Red	Steve Lacy	6	#84bd00	2021-09-04	Viral 50	is
27NovPIUIRrOZoCHxABJwK	INDUSTRY BABY (feat. Jack Harlow)	Lil Nas X	7	#bd3200	2021-09-04	Viral 50	is
6ZvXQhiIbP4XpbrHN6brAI	Kawaii 808	Yellow Claw, Crisis Era, Ramengvrl	8	#84bd00	2021-09-04	Viral 50	is
6SO4GbNZMa8lFx0Lvl1RcX	Vertu úlfur - Titillag	Emilíana Torrini	9	#4687d7	2021-09-04	Viral 50	is
02MWAaffLxlfxAUY7c5dvx	Heat Waves	Glass Animals	10	#84bd00	2021-09-04	Viral 50	is
6M3PsepEj5gyJoIi7Xvr7u	Take My Breath	The Weeknd	11	#84bd00	2021-09-04	Viral 50	is
5PjdY0CKGZdEuoNab3yDmX	STAY (with Justin Bieber)	The Kid LAROI	12	#84bd00	2021-09-04	Viral 50	is
2USlegnFJLrVLpoVfPimKB	Thunder	Gabry Ponte, LUM!X, Prezioso	13	#bd3200	2021-09-04	Viral 50	is
6Uj1ctrBOjOas8xZXGqKk4	Woman	Doja Cat	14	#84bd00	2021-09-04	Viral 50	is
07MDkzWARZaLEdKxo6yArG	Meet Me At Our Spot	THE ANXIETY, WILLOW, Tyler Cole	15	#bd3200	2021-09-04	Viral 50	is
4s6vwFgPdCtidpEw8KuQT6	REPEAT IT (with Gunna)	Lil Tecca	16	#bd3200	2021-09-04	Viral 50	is
1uMHCAyGmHqyygoNRuo7MV	edamame (feat. Rich Brian)	bbno$	17	#bd3200	2021-09-04	Viral 50	is
7rYCenkV4OXJgiUuKrhDCb	Beethoven	Kenndog	18	#bd3200	2021-09-04	Viral 50	is
750vtNtNiQVl80E4baoJjd	Lose	KSI, Lil Wayne	19	#84bd00	2021-09-04	Viral 50	is
4XvcHTUfIlWfyJTRG0aqlo	2055	Sleepy Hallow	20	#bd3200	2021-09-04	Viral 50	is
5NWPKgXfMhFZyPqNQ8Kt2C	Veiðimaður (feat. THØR & Bjørn)	Ingi Bauer	21	#84bd00	2021-09-04	Viral 50	is
05GvwwTLLID738BbKN1ze0	Because You Move Me	Tinlicker, Helsloot	22	#84bd00	2021-09-04	Viral 50	is
14mc78ctIxHOMYz5fWja7Q	Rolando (Caught In The Rain)	DUSTY LOCANE	23	#84bd00	2021-09-04	Viral 50	is
3ZozFqJJlDBNIm4xqxn2ZD	Fancy Like	Walker Hayes	24	#84bd00	2021-09-04	Viral 50	is
1MIGkQxcdAt2lDx6ySpsc5	SUVs (Black on Black)	Jack Harlow, Pooh Shiesty	25	#bd3200	2021-09-04	Viral 50	is
0Fs9cdPDhptWEDJmiCbkEW	She Knows (feat. Amber Coffman & Cults)	J. Cole	26	#4687d7	2021-09-04	Viral 50	is
24iwskv8LDFMYRZ6Sr9iyw	Touchable	Remble	27	#3e3e40	2021-09-04	Viral 50	is
0dd4ONt81AsGdX0TYFPHfI	Seinna meir	Bylgjan, Bubbi Morthens, Friðrik Dór, Jóhanna Guðrún, Elísabet, Jón Jónsson, Regína Ósk, Sigga Beinteins, Helgi Björnsson	28	#84bd00	2021-09-04	Viral 50	is
3yaYgjEFkRw3PVjW9mV1TO	Over The Top (feat. Drake)	Smiley	29	#84bd00	2021-09-04	Viral 50	is
7BGhFCspxYfYuxuWqstcal	VICE CITY BABY	kef LAVÍK	30	#bd3200	2021-09-04	Viral 50	is
0Kdj7nwaYQmvhxnqZaIQuW	Bezos I	Bo Burnham	31	#84bd00	2021-09-04	Viral 50	is
7MC4XR9M9amdmKQr2iDF7i	Iko Iko (My Bestie)	Justin Wellington, Small Jam	32	#bd3200	2021-09-04	Viral 50	is
2eppXfCeR7XaX7x2zkCBIw	Mér er drull	FLOTT	33	#bd3200	2021-09-04	Viral 50	is
2OjHNAk9fzdpuoCv1gfQV8	please don't trust me	ClubDub	34	#bd3200	2021-09-04	Viral 50	is
0W6I02J9xcqK8MtSeosEXb	Get Into It (Yuh)	Doja Cat	35	#bd3200	2021-09-04	Viral 50	is
6PQ88X9TkUIAUIZJHW2upE	Bad Habits	Ed Sheeran	36	#bd3200	2021-09-04	Viral 50	is
4YprqLB3jEAlHNOMXEcZtm	Vibe	Mike Candys	37	#bd3200	2021-09-04	Viral 50	is
3Ho13bRS28xEvGvgW4LOFM	On Go (feat. Polo G)	Sheff G	38	#bd3200	2021-09-04	Viral 50	is
5fO4ybFbomoSWPB3n2d6pe	Hell Shell	Young Nudy	39	#84bd00	2021-09-04	Viral 50	is
1q3Iuk3nVEwRPj7mR34QYQ	Pisk Mig Hårdt!!!	Dario Von Slutty	40	#84bd00	2021-09-04	Viral 50	is
6MNwXWX1d2k8ARllRJ5Ezt	FVN!	LVL1	41	#bd3200	2021-09-04	Viral 50	is
0mJBiaODgK0XjOLCN5fItq	Like I Can	Sam Smith	42	#84bd00	2021-09-04	Viral 50	is
727Z2S2mtNH46CbP9EWPwY	If You Love Her	Forest Blakk	43	#4687d7	2021-09-04	Viral 50	is
3qj4vBQO1SWIdLFJRr2nHb	F.C.K (feat. Aron Can)	Birnir	44	#84bd00	2021-09-04	Viral 50	is
54AtiA08i3sDfJYsBYZHPw	Diamond in the rough	Arik Ancelin	45	#bd3200	2021-09-04	Viral 50	is
44xO8889yUQHn70P73NILS	Believe Me	Navos	46	#4687d7	2021-09-04	Viral 50	is
7sq2z9oX2S0CvgTqCZ0ko4	Strange	Celeste	47	#3e3e40	2021-09-04	Viral 50	is
7J4zszAZxAyowZp7gNUIUI	Bongo Cha Cha Cha	Goodboys	48	#bd3200	2021-09-04	Viral 50	is
5Rv9grENo0PwMFd3ZCT3Zp	I WANNA SEE SOME ASS (feat. jetsonmade)	Jack Harlow	49	#bd3200	2021-09-04	Viral 50	is
1dIWPXMX4kRHj6Dt2DStUQ	Chosen (feat. Ty Dolla $ign)	Blxst, Tyga	50	#3e3e40	2021-09-04	Viral 50	is
5fwSHlTEWpluwOM0Sxnh5k	Pepas	Farruko	1	#3e3e40	2021-09-05	Viral 50	is
4RVwu0g32PAqgUiJoXsdF8	Happier Than Ever	Billie Eilish	2	#3e3e40	2021-09-05	Viral 50	is
2prnn41CblB8B4yWACDljP	Love Tonight - David Guetta Remix Edit	Shouse	3	#84bd00	2021-09-05	Viral 50	is
6OufwUcCqo81guU2jAlDVP	Love Tonight - Edit	Shouse	4	#bd3200	2021-09-05	Viral 50	is
6SO4GbNZMa8lFx0Lvl1RcX	Vertu úlfur - Titillag	Emilíana Torrini	5	#84bd00	2021-09-05	Viral 50	is
37y7iDayfwm3WXn5BiAoRk	Dark Red	Steve Lacy	6	#3e3e40	2021-09-05	Viral 50	is
6ZvXQhiIbP4XpbrHN6brAI	Kawaii 808	Yellow Claw, Crisis Era, Ramengvrl	7	#84bd00	2021-09-05	Viral 50	is
27NovPIUIRrOZoCHxABJwK	INDUSTRY BABY (feat. Jack Harlow)	Lil Nas X	8	#bd3200	2021-09-05	Viral 50	is
6M3PsepEj5gyJoIi7Xvr7u	Take My Breath	The Weeknd	9	#84bd00	2021-09-05	Viral 50	is
1uMHCAyGmHqyygoNRuo7MV	edamame (feat. Rich Brian)	bbno$	10	#84bd00	2021-09-05	Viral 50	is
02MWAaffLxlfxAUY7c5dvx	Heat Waves	Glass Animals	11	#bd3200	2021-09-05	Viral 50	is
7CIERzyqIwLVKGp00YbHRO	Pain	PinkPantheress	12	#bd3200	2021-09-05	Viral 50	is
5PjdY0CKGZdEuoNab3yDmX	STAY (with Justin Bieber)	The Kid LAROI	13	#bd3200	2021-09-05	Viral 50	is
2USlegnFJLrVLpoVfPimKB	Thunder	Gabry Ponte, LUM!X, Prezioso	14	#bd3200	2021-09-05	Viral 50	is
07MDkzWARZaLEdKxo6yArG	Meet Me At Our Spot	THE ANXIETY, WILLOW, Tyler Cole	15	#3e3e40	2021-09-05	Viral 50	is
6Uj1ctrBOjOas8xZXGqKk4	Woman	Doja Cat	16	#bd3200	2021-09-05	Viral 50	is
4s6vwFgPdCtidpEw8KuQT6	REPEAT IT (with Gunna)	Lil Tecca	17	#bd3200	2021-09-05	Viral 50	is
750vtNtNiQVl80E4baoJjd	Lose	KSI, Lil Wayne	18	#84bd00	2021-09-05	Viral 50	is
14mc78ctIxHOMYz5fWja7Q	Rolando (Caught In The Rain)	DUSTY LOCANE	19	#84bd00	2021-09-05	Viral 50	is
4XvcHTUfIlWfyJTRG0aqlo	2055	Sleepy Hallow	20	#3e3e40	2021-09-05	Viral 50	is
3ZozFqJJlDBNIm4xqxn2ZD	Fancy Like	Walker Hayes	21	#84bd00	2021-09-05	Viral 50	is
5NWPKgXfMhFZyPqNQ8Kt2C	Veiðimaður (feat. THØR & Bjørn)	Ingi Bauer	22	#bd3200	2021-09-05	Viral 50	is
05GvwwTLLID738BbKN1ze0	Because You Move Me	Tinlicker, Helsloot	23	#bd3200	2021-09-05	Viral 50	is
0Fs9cdPDhptWEDJmiCbkEW	She Knows (feat. Amber Coffman & Cults)	J. Cole	24	#84bd00	2021-09-05	Viral 50	is
7rYCenkV4OXJgiUuKrhDCb	Beethoven	Kenndog	25	#bd3200	2021-09-05	Viral 50	is
3yaYgjEFkRw3PVjW9mV1TO	Over The Top (feat. Drake)	Smiley	26	#84bd00	2021-09-05	Viral 50	is
0Kdj7nwaYQmvhxnqZaIQuW	Bezos I	Bo Burnham	27	#84bd00	2021-09-05	Viral 50	is
2eppXfCeR7XaX7x2zkCBIw	Mér er drull	FLOTT	28	#84bd00	2021-09-05	Viral 50	is
0W6I02J9xcqK8MtSeosEXb	Get Into It (Yuh)	Doja Cat	29	#84bd00	2021-09-05	Viral 50	is
6PQ88X9TkUIAUIZJHW2upE	Bad Habits	Ed Sheeran	30	#84bd00	2021-09-05	Viral 50	is
3Ho13bRS28xEvGvgW4LOFM	On Go (feat. Polo G)	Sheff G	31	#84bd00	2021-09-05	Viral 50	is
1MIGkQxcdAt2lDx6ySpsc5	SUVs (Black on Black)	Jack Harlow, Pooh Shiesty	32	#bd3200	2021-09-05	Viral 50	is
2OjHNAk9fzdpuoCv1gfQV8	please don't trust me	ClubDub	33	#84bd00	2021-09-05	Viral 50	is
7MC4XR9M9amdmKQr2iDF7i	Iko Iko (My Bestie)	Justin Wellington, Small Jam	34	#bd3200	2021-09-05	Viral 50	is
0mJBiaODgK0XjOLCN5fItq	Like I Can	Sam Smith	35	#84bd00	2021-09-05	Viral 50	is
24iwskv8LDFMYRZ6Sr9iyw	Touchable	Remble	36	#bd3200	2021-09-05	Viral 50	is
727Z2S2mtNH46CbP9EWPwY	If You Love Her	Forest Blakk	37	#84bd00	2021-09-05	Viral 50	is
20sXcaJkWP0DdzA58Colw3	The Writing On The Wall	Iron Maiden	38	#4687d7	2021-09-05	Viral 50	is
5bzSQWaQq0AKxaMbuwLxwv	frikki dór 2012	ClubDub, Mambakid	39	#4687d7	2021-09-05	Viral 50	is
1058fW9H3fZA6QjYCdOBad	Don't Go Yet	Camila Cabello	40	#4687d7	2021-09-05	Viral 50	is
7uWdDOhI3wydISWM1AXN0M	My Potna Dem	$ilkMoney	41	#4687d7	2021-09-05	Viral 50	is
1q3Iuk3nVEwRPj7mR34QYQ	Pisk Mig Hårdt!!!	Dario Von Slutty	42	#bd3200	2021-09-05	Viral 50	is
44xO8889yUQHn70P73NILS	Believe Me	Navos	43	#84bd00	2021-09-05	Viral 50	is
7BGhFCspxYfYuxuWqstcal	VICE CITY BABY	kef LAVÍK	44	#bd3200	2021-09-05	Viral 50	is
3qj4vBQO1SWIdLFJRr2nHb	F.C.K (feat. Aron Can)	Birnir	45	#bd3200	2021-09-05	Viral 50	is
5Rv9grENo0PwMFd3ZCT3Zp	I WANNA SEE SOME ASS (feat. jetsonmade)	Jack Harlow	46	#84bd00	2021-09-05	Viral 50	is
1dIWPXMX4kRHj6Dt2DStUQ	Chosen (feat. Ty Dolla $ign)	Blxst, Tyga	47	#84bd00	2021-09-05	Viral 50	is
7sq2z9oX2S0CvgTqCZ0ko4	Strange	Celeste	48	#bd3200	2021-09-05	Viral 50	is
2vmfvSoZBFAt9hhRoEByLi	Volví	Aventura, Bad Bunny	49	#4687d7	2021-09-05	Viral 50	is
6MNwXWX1d2k8ARllRJ5Ezt	FVN!	LVL1	50	#bd3200	2021-09-05	Viral 50	is
6zSpb8dQRaw0M1dK8PBwQz	Cold Heart - PNAU Remix	Elton John, Dua Lipa	1	#4687d7	2021-09-06	Viral 50	is
5fwSHlTEWpluwOM0Sxnh5k	Pepas	Farruko	2	#bd3200	2021-09-06	Viral 50	is
6OTKVgVpVaVjhRLYizPJKA	Just for me	PinkPantheress	3	#4687d7	2021-09-06	Viral 50	is
6SO4GbNZMa8lFx0Lvl1RcX	Vertu úlfur - Titillag	Emilíana Torrini	4	#84bd00	2021-09-06	Viral 50	is
4RVwu0g32PAqgUiJoXsdF8	Happier Than Ever	Billie Eilish	5	#bd3200	2021-09-06	Viral 50	is
6ZvXQhiIbP4XpbrHN6brAI	Kawaii 808	Yellow Claw, Crisis Era, Ramengvrl	6	#84bd00	2021-09-06	Viral 50	is
27NovPIUIRrOZoCHxABJwK	INDUSTRY BABY (feat. Jack Harlow)	Lil Nas X	7	#84bd00	2021-09-06	Viral 50	is
1uMHCAyGmHqyygoNRuo7MV	edamame (feat. Rich Brian)	bbno$	8	#84bd00	2021-09-06	Viral 50	is
37y7iDayfwm3WXn5BiAoRk	Dark Red	Steve Lacy	9	#bd3200	2021-09-06	Viral 50	is
2prnn41CblB8B4yWACDljP	Love Tonight - David Guetta Remix Edit	Shouse	10	#bd3200	2021-09-06	Viral 50	is
6OufwUcCqo81guU2jAlDVP	Love Tonight - Edit	Shouse	11	#bd3200	2021-09-06	Viral 50	is
02MWAaffLxlfxAUY7c5dvx	Heat Waves	Glass Animals	12	#bd3200	2021-09-06	Viral 50	is
5PjdY0CKGZdEuoNab3yDmX	STAY (with Justin Bieber)	The Kid LAROI	13	#3e3e40	2021-09-06	Viral 50	is
2USlegnFJLrVLpoVfPimKB	Thunder	Gabry Ponte, LUM!X, Prezioso	14	#3e3e40	2021-09-06	Viral 50	is
5svL1PkWw8hPEAOdTNLexy	Paralyzed	Sueco	15	#4687d7	2021-09-06	Viral 50	is
6Uj1ctrBOjOas8xZXGqKk4	Woman	Doja Cat	16	#3e3e40	2021-09-06	Viral 50	is
14mc78ctIxHOMYz5fWja7Q	Rolando (Caught In The Rain)	DUSTY LOCANE	17	#84bd00	2021-09-06	Viral 50	is
7CIERzyqIwLVKGp00YbHRO	Pain	PinkPantheress	18	#bd3200	2021-09-06	Viral 50	is
6Dy1jexKYriXAVG6evyUTJ	OUT OUT (feat. Charli XCX & Saweetie)	Joel Corry, Jax Jones	19	#4687d7	2021-09-06	Viral 50	is
6M3PsepEj5gyJoIi7Xvr7u	Take My Breath	The Weeknd	20	#bd3200	2021-09-06	Viral 50	is
5NWPKgXfMhFZyPqNQ8Kt2C	Veiðimaður (feat. THØR & Bjørn)	Ingi Bauer	21	#84bd00	2021-09-06	Viral 50	is
3ZozFqJJlDBNIm4xqxn2ZD	Fancy Like	Walker Hayes	22	#bd3200	2021-09-06	Viral 50	is
750vtNtNiQVl80E4baoJjd	Lose	KSI, Lil Wayne	23	#bd3200	2021-09-06	Viral 50	is
07MDkzWARZaLEdKxo6yArG	Meet Me At Our Spot	THE ANXIETY, WILLOW, Tyler Cole	24	#bd3200	2021-09-06	Viral 50	is
2eppXfCeR7XaX7x2zkCBIw	Mér er drull	FLOTT	25	#84bd00	2021-09-06	Viral 50	is
0Fs9cdPDhptWEDJmiCbkEW	She Knows (feat. Amber Coffman & Cults)	J. Cole	26	#bd3200	2021-09-06	Viral 50	is
05GvwwTLLID738BbKN1ze0	Because You Move Me	Tinlicker, Helsloot	27	#bd3200	2021-09-06	Viral 50	is
44xO8889yUQHn70P73NILS	Believe Me	Navos	28	#84bd00	2021-09-06	Viral 50	is
1MZtr7IH5qtjIkqrXj8WOJ	Essence (feat. Justin Bieber & Tems)	WizKid	29	#4687d7	2021-09-06	Viral 50	is
20sXcaJkWP0DdzA58Colw3	The Writing On The Wall	Iron Maiden	30	#84bd00	2021-09-06	Viral 50	is
3yaYgjEFkRw3PVjW9mV1TO	Over The Top (feat. Drake)	Smiley	31	#bd3200	2021-09-06	Viral 50	is
7aonAWn0J0AJ47ZU9WHCXC	INFERNO	Sub Urban, Bella Poarch	32	#4687d7	2021-09-06	Viral 50	is
24iwskv8LDFMYRZ6Sr9iyw	Touchable	Remble	33	#84bd00	2021-09-06	Viral 50	is
0W6I02J9xcqK8MtSeosEXb	Get Into It (Yuh)	Doja Cat	34	#bd3200	2021-09-06	Viral 50	is
2OjHNAk9fzdpuoCv1gfQV8	please don't trust me	ClubDub	35	#bd3200	2021-09-06	Viral 50	is
3S7A85bAWOd6ltk6r2ANOI	U Are My High	DJ Snake	36	#4687d7	2021-09-06	Viral 50	is
0Kdj7nwaYQmvhxnqZaIQuW	Bezos I	Bo Burnham	37	#bd3200	2021-09-06	Viral 50	is
3Ho13bRS28xEvGvgW4LOFM	On Go (feat. Polo G)	Sheff G	38	#bd3200	2021-09-06	Viral 50	is
727Z2S2mtNH46CbP9EWPwY	If You Love Her	Forest Blakk	39	#bd3200	2021-09-06	Viral 50	is
7MC4XR9M9amdmKQr2iDF7i	Iko Iko (My Bestie)	Justin Wellington, Small Jam	40	#bd3200	2021-09-06	Viral 50	is
6KgtcmCF9Ky68XC7ezxl3s	Rumors (feat. Cardi B)	Lizzo	41	#4687d7	2021-09-06	Viral 50	is
5bzSQWaQq0AKxaMbuwLxwv	frikki dór 2012	ClubDub, Mambakid	42	#bd3200	2021-09-06	Viral 50	is
6PQ88X9TkUIAUIZJHW2upE	Bad Habits	Ed Sheeran	43	#bd3200	2021-09-06	Viral 50	is
32pPek0KsHsMSSFogNu49f	Wasted	Digga D, ArrDee	44	#4687d7	2021-09-06	Viral 50	is
3qj4vBQO1SWIdLFJRr2nHb	F.C.K (feat. Aron Can)	Birnir	45	#3e3e40	2021-09-06	Viral 50	is
7uWdDOhI3wydISWM1AXN0M	My Potna Dem	$ilkMoney	46	#bd3200	2021-09-06	Viral 50	is
6MNwXWX1d2k8ARllRJ5Ezt	FVN!	LVL1	47	#84bd00	2021-09-06	Viral 50	is
7sq2z9oX2S0CvgTqCZ0ko4	Strange	Celeste	48	#3e3e40	2021-09-06	Viral 50	is
5VVznM65c8WDK4MQrubfO2	Drink Beer	Bassbrain, Dirty Workz	49	#4687d7	2021-09-06	Viral 50	is
1MIGkQxcdAt2lDx6ySpsc5	SUVs (Black on Black)	Jack Harlow, Pooh Shiesty	50	#bd3200	2021-09-06	Viral 50	is
5fwSHlTEWpluwOM0Sxnh5k	Pepas	Farruko	1	#84bd00	2021-09-07	Viral 50	is
6zSpb8dQRaw0M1dK8PBwQz	Cold Heart - PNAU Remix	Elton John, Dua Lipa	2	#bd3200	2021-09-07	Viral 50	is
6SO4GbNZMa8lFx0Lvl1RcX	Vertu úlfur - Titillag	Emilíana Torrini	3	#84bd00	2021-09-07	Viral 50	is
6OTKVgVpVaVjhRLYizPJKA	Just for me	PinkPantheress	4	#bd3200	2021-09-07	Viral 50	is
4RVwu0g32PAqgUiJoXsdF8	Happier Than Ever	Billie Eilish	5	#3e3e40	2021-09-07	Viral 50	is
2prnn41CblB8B4yWACDljP	Love Tonight - David Guetta Remix Edit	Shouse	6	#84bd00	2021-09-07	Viral 50	is
27NovPIUIRrOZoCHxABJwK	INDUSTRY BABY (feat. Jack Harlow)	Lil Nas X	7	#3e3e40	2021-09-07	Viral 50	is
1uMHCAyGmHqyygoNRuo7MV	edamame (feat. Rich Brian)	bbno$	8	#3e3e40	2021-09-07	Viral 50	is
37y7iDayfwm3WXn5BiAoRk	Dark Red	Steve Lacy	9	#3e3e40	2021-09-07	Viral 50	is
6OufwUcCqo81guU2jAlDVP	Love Tonight - Edit	Shouse	10	#84bd00	2021-09-07	Viral 50	is
02MWAaffLxlfxAUY7c5dvx	Heat Waves	Glass Animals	11	#84bd00	2021-09-07	Viral 50	is
6Uj1ctrBOjOas8xZXGqKk4	Woman	Doja Cat	12	#84bd00	2021-09-07	Viral 50	is
6ZvXQhiIbP4XpbrHN6brAI	Kawaii 808	Yellow Claw, Crisis Era, Ramengvrl	13	#bd3200	2021-09-07	Viral 50	is
5svL1PkWw8hPEAOdTNLexy	Paralyzed	Sueco	14	#84bd00	2021-09-07	Viral 50	is
7CIERzyqIwLVKGp00YbHRO	Pain	PinkPantheress	15	#84bd00	2021-09-07	Viral 50	is
5PjdY0CKGZdEuoNab3yDmX	STAY (with Justin Bieber)	The Kid LAROI	16	#bd3200	2021-09-07	Viral 50	is
6Dy1jexKYriXAVG6evyUTJ	OUT OUT (feat. Charli XCX & Saweetie)	Joel Corry, Jax Jones	17	#84bd00	2021-09-07	Viral 50	is
6M3PsepEj5gyJoIi7Xvr7u	Take My Breath	The Weeknd	18	#84bd00	2021-09-07	Viral 50	is
2USlegnFJLrVLpoVfPimKB	Thunder	Gabry Ponte, LUM!X, Prezioso	19	#bd3200	2021-09-07	Viral 50	is
0Fs9cdPDhptWEDJmiCbkEW	She Knows (feat. Amber Coffman & Cults)	J. Cole	20	#84bd00	2021-09-07	Viral 50	is
14mc78ctIxHOMYz5fWja7Q	Rolando (Caught In The Rain)	DUSTY LOCANE	21	#bd3200	2021-09-07	Viral 50	is
3ZozFqJJlDBNIm4xqxn2ZD	Fancy Like	Walker Hayes	22	#3e3e40	2021-09-07	Viral 50	is
07MDkzWARZaLEdKxo6yArG	Meet Me At Our Spot	THE ANXIETY, WILLOW, Tyler Cole	23	#84bd00	2021-09-07	Viral 50	is
5NWPKgXfMhFZyPqNQ8Kt2C	Veiðimaður (feat. THØR & Bjørn)	Ingi Bauer	24	#bd3200	2021-09-07	Viral 50	is
3S7A85bAWOd6ltk6r2ANOI	U Are My High	DJ Snake	25	#84bd00	2021-09-07	Viral 50	is
2eppXfCeR7XaX7x2zkCBIw	Mér er drull	FLOTT	26	#bd3200	2021-09-07	Viral 50	is
7sq2z9oX2S0CvgTqCZ0ko4	Strange	Celeste	27	#84bd00	2021-09-07	Viral 50	is
05GvwwTLLID738BbKN1ze0	Because You Move Me	Tinlicker, Helsloot	28	#bd3200	2021-09-07	Viral 50	is
20sXcaJkWP0DdzA58Colw3	The Writing On The Wall	Iron Maiden	29	#84bd00	2021-09-07	Viral 50	is
0Kdj7nwaYQmvhxnqZaIQuW	Bezos I	Bo Burnham	30	#84bd00	2021-09-07	Viral 50	is
1MZtr7IH5qtjIkqrXj8WOJ	Essence (feat. Justin Bieber & Tems)	WizKid	31	#bd3200	2021-09-07	Viral 50	is
6PQ88X9TkUIAUIZJHW2upE	Bad Habits	Ed Sheeran	32	#84bd00	2021-09-07	Viral 50	is
7aonAWn0J0AJ47ZU9WHCXC	INFERNO	Sub Urban, Bella Poarch	33	#bd3200	2021-09-07	Viral 50	is
3yaYgjEFkRw3PVjW9mV1TO	Over The Top (feat. Drake)	Smiley	34	#bd3200	2021-09-07	Viral 50	is
0W6I02J9xcqK8MtSeosEXb	Get Into It (Yuh)	Doja Cat	35	#bd3200	2021-09-07	Viral 50	is
44xO8889yUQHn70P73NILS	Believe Me	Navos	36	#bd3200	2021-09-07	Viral 50	is
4YprqLB3jEAlHNOMXEcZtm	Vibe	Mike Candys	37	#4687d7	2021-09-07	Viral 50	is
750vtNtNiQVl80E4baoJjd	Lose	KSI, Lil Wayne	38	#bd3200	2021-09-07	Viral 50	is
727Z2S2mtNH46CbP9EWPwY	If You Love Her	Forest Blakk	39	#3e3e40	2021-09-07	Viral 50	is
24iwskv8LDFMYRZ6Sr9iyw	Touchable	Remble	40	#bd3200	2021-09-07	Viral 50	is
3Ho13bRS28xEvGvgW4LOFM	On Go (feat. Polo G)	Sheff G	41	#bd3200	2021-09-07	Viral 50	is
5VVznM65c8WDK4MQrubfO2	Drink Beer	Bassbrain, Dirty Workz	42	#84bd00	2021-09-07	Viral 50	is
32pPek0KsHsMSSFogNu49f	Wasted	Digga D, ArrDee	43	#84bd00	2021-09-07	Viral 50	is
6KgtcmCF9Ky68XC7ezxl3s	Rumors (feat. Cardi B)	Lizzo	44	#bd3200	2021-09-07	Viral 50	is
6zWU7YALeEDMcPGhKKZJhV	Navajo	Masego	45	#4687d7	2021-09-07	Viral 50	is
3qj4vBQO1SWIdLFJRr2nHb	F.C.K (feat. Aron Can)	Birnir	46	#bd3200	2021-09-07	Viral 50	is
2OjHNAk9fzdpuoCv1gfQV8	please don't trust me	ClubDub	47	#bd3200	2021-09-07	Viral 50	is
7uWdDOhI3wydISWM1AXN0M	My Potna Dem	$ilkMoney	48	#bd3200	2021-09-07	Viral 50	is
1dIWPXMX4kRHj6Dt2DStUQ	Chosen (feat. Ty Dolla $ign)	Blxst, Tyga	49	#4687d7	2021-09-07	Viral 50	is
4c1TXKNAh4yb5cb0zE3x1X	MDMA	Little Sis Nora	50	#4687d7	2021-09-07	Viral 50	is
5fwSHlTEWpluwOM0Sxnh5k	Pepas	Farruko	1	#3e3e40	2021-09-08	Viral 50	is
6zSpb8dQRaw0M1dK8PBwQz	Cold Heart - PNAU Remix	Elton John, Dua Lipa	2	#3e3e40	2021-09-08	Viral 50	is
6SO4GbNZMa8lFx0Lvl1RcX	Vertu úlfur - Titillag	Emilíana Torrini	3	#3e3e40	2021-09-08	Viral 50	is
1uMHCAyGmHqyygoNRuo7MV	edamame (feat. Rich Brian)	bbno$	4	#84bd00	2021-09-08	Viral 50	is
4RVwu0g32PAqgUiJoXsdF8	Happier Than Ever	Billie Eilish	5	#3e3e40	2021-09-08	Viral 50	is
6OTKVgVpVaVjhRLYizPJKA	Just for me	PinkPantheress	6	#bd3200	2021-09-08	Viral 50	is
27NovPIUIRrOZoCHxABJwK	INDUSTRY BABY (feat. Jack Harlow)	Lil Nas X	7	#3e3e40	2021-09-08	Viral 50	is
2prnn41CblB8B4yWACDljP	Love Tonight - David Guetta Remix Edit	Shouse	8	#bd3200	2021-09-08	Viral 50	is
6Uj1ctrBOjOas8xZXGqKk4	Woman	Doja Cat	9	#84bd00	2021-09-08	Viral 50	is
37y7iDayfwm3WXn5BiAoRk	Dark Red	Steve Lacy	10	#bd3200	2021-09-08	Viral 50	is
6OufwUcCqo81guU2jAlDVP	Love Tonight - Edit	Shouse	11	#bd3200	2021-09-08	Viral 50	is
07MDkzWARZaLEdKxo6yArG	Meet Me At Our Spot	THE ANXIETY, WILLOW, Tyler Cole	12	#84bd00	2021-09-08	Viral 50	is
2USlegnFJLrVLpoVfPimKB	Thunder	Gabry Ponte, LUM!X, Prezioso	13	#84bd00	2021-09-08	Viral 50	is
02MWAaffLxlfxAUY7c5dvx	Heat Waves	Glass Animals	14	#bd3200	2021-09-08	Viral 50	is
5svL1PkWw8hPEAOdTNLexy	Paralyzed	Sueco	15	#bd3200	2021-09-08	Viral 50	is
7CIERzyqIwLVKGp00YbHRO	Pain	PinkPantheress	16	#bd3200	2021-09-08	Viral 50	is
1MZtr7IH5qtjIkqrXj8WOJ	Essence (feat. Justin Bieber & Tems)	WizKid	17	#84bd00	2021-09-08	Viral 50	is
6Dy1jexKYriXAVG6evyUTJ	OUT OUT (feat. Charli XCX & Saweetie)	Joel Corry, Jax Jones	18	#bd3200	2021-09-08	Viral 50	is
5NWPKgXfMhFZyPqNQ8Kt2C	Veiðimaður (feat. THØR & Bjørn)	Ingi Bauer	19	#84bd00	2021-09-08	Viral 50	is
6M3PsepEj5gyJoIi7Xvr7u	Take My Breath	The Weeknd	20	#bd3200	2021-09-08	Viral 50	is
5PjdY0CKGZdEuoNab3yDmX	STAY (with Justin Bieber)	The Kid LAROI	21	#bd3200	2021-09-08	Viral 50	is
6ZvXQhiIbP4XpbrHN6brAI	Kawaii 808	Yellow Claw, Crisis Era, Ramengvrl	22	#bd3200	2021-09-08	Viral 50	is
05GvwwTLLID738BbKN1ze0	Because You Move Me	Tinlicker, Helsloot	23	#84bd00	2021-09-08	Viral 50	is
20sXcaJkWP0DdzA58Colw3	The Writing On The Wall	Iron Maiden	24	#84bd00	2021-09-08	Viral 50	is
7sq2z9oX2S0CvgTqCZ0ko4	Strange	Celeste	25	#84bd00	2021-09-08	Viral 50	is
3S7A85bAWOd6ltk6r2ANOI	U Are My High	DJ Snake	26	#bd3200	2021-09-08	Viral 50	is
7aonAWn0J0AJ47ZU9WHCXC	INFERNO	Sub Urban, Bella Poarch	27	#84bd00	2021-09-08	Viral 50	is
14mc78ctIxHOMYz5fWja7Q	Rolando (Caught In The Rain)	DUSTY LOCANE	28	#bd3200	2021-09-08	Viral 50	is
0Kdj7nwaYQmvhxnqZaIQuW	Bezos I	Bo Burnham	29	#84bd00	2021-09-08	Viral 50	is
7rYCenkV4OXJgiUuKrhDCb	Beethoven	Kenndog	30	#4687d7	2021-09-08	Viral 50	is
3ZozFqJJlDBNIm4xqxn2ZD	Fancy Like	Walker Hayes	31	#bd3200	2021-09-08	Viral 50	is
2eppXfCeR7XaX7x2zkCBIw	Mér er drull	FLOTT	32	#bd3200	2021-09-08	Viral 50	is
6PQ88X9TkUIAUIZJHW2upE	Bad Habits	Ed Sheeran	33	#bd3200	2021-09-08	Viral 50	is
44xO8889yUQHn70P73NILS	Believe Me	Navos	34	#84bd00	2021-09-08	Viral 50	is
3NqBxTOMCJ3zW9CIP51td4	Jugaste y Sufrí	Eslabon Armado, DannyLux	35	#4687d7	2021-09-08	Viral 50	is
0Fs9cdPDhptWEDJmiCbkEW	She Knows (feat. Amber Coffman & Cults)	J. Cole	36	#bd3200	2021-09-08	Viral 50	is
6zWU7YALeEDMcPGhKKZJhV	Navajo	Masego	37	#84bd00	2021-09-08	Viral 50	is
0W6I02J9xcqK8MtSeosEXb	Get Into It (Yuh)	Doja Cat	38	#bd3200	2021-09-08	Viral 50	is
4YprqLB3jEAlHNOMXEcZtm	Vibe	Mike Candys	39	#bd3200	2021-09-08	Viral 50	is
2ZUG2XOccCaNmyCaFExjPm	I Don't Care	La Melo, Birnir, Bussines	40	#4687d7	2021-09-08	Viral 50	is
750vtNtNiQVl80E4baoJjd	Lose	KSI, Lil Wayne	41	#bd3200	2021-09-08	Viral 50	is
24iwskv8LDFMYRZ6Sr9iyw	Touchable	Remble	42	#bd3200	2021-09-08	Viral 50	is
1iAWDVZem3Vx3Pb8fTUTEL	Rick & Morty	Soulja Boy	43	#4687d7	2021-09-08	Viral 50	is
32pPek0KsHsMSSFogNu49f	Wasted	Digga D, ArrDee	44	#bd3200	2021-09-08	Viral 50	is
5VVznM65c8WDK4MQrubfO2	Drink Beer	Bassbrain, Dirty Workz	45	#bd3200	2021-09-08	Viral 50	is
0V5cvmTKsYmF5FmGGEAfmS	Je te laisserai des mots	Patrick Watson	46	#4687d7	2021-09-08	Viral 50	is
1058fW9H3fZA6QjYCdOBad	Don't Go Yet	Camila Cabello	47	#4687d7	2021-09-08	Viral 50	is
6KgtcmCF9Ky68XC7ezxl3s	Rumors (feat. Cardi B)	Lizzo	48	#bd3200	2021-09-08	Viral 50	is
7zx1i0jGcFwMBurajgKlO7	Black Magic	Jonasu	49	#4687d7	2021-09-08	Viral 50	is
1dIWPXMX4kRHj6Dt2DStUQ	Chosen (feat. Ty Dolla $ign)	Blxst, Tyga	50	#bd3200	2021-09-08	Viral 50	is
5fwSHlTEWpluwOM0Sxnh5k	Pepas	Farruko	1	#3e3e40	2021-09-09	Viral 50	is
6zSpb8dQRaw0M1dK8PBwQz	Cold Heart - PNAU Remix	Elton John, Dua Lipa	2	#3e3e40	2021-09-09	Viral 50	is
6SO4GbNZMa8lFx0Lvl1RcX	Vertu úlfur - Titillag	Emilíana Torrini	3	#3e3e40	2021-09-09	Viral 50	is
1uMHCAyGmHqyygoNRuo7MV	edamame (feat. Rich Brian)	bbno$	4	#3e3e40	2021-09-09	Viral 50	is
6OTKVgVpVaVjhRLYizPJKA	Just for me	PinkPantheress	5	#84bd00	2021-09-09	Viral 50	is
6Uj1ctrBOjOas8xZXGqKk4	Woman	Doja Cat	6	#84bd00	2021-09-09	Viral 50	is
4RVwu0g32PAqgUiJoXsdF8	Happier Than Ever	Billie Eilish	7	#bd3200	2021-09-09	Viral 50	is
27NovPIUIRrOZoCHxABJwK	INDUSTRY BABY (feat. Jack Harlow)	Lil Nas X	8	#bd3200	2021-09-09	Viral 50	is
37y7iDayfwm3WXn5BiAoRk	Dark Red	Steve Lacy	9	#84bd00	2021-09-09	Viral 50	is
02MWAaffLxlfxAUY7c5dvx	Heat Waves	Glass Animals	10	#84bd00	2021-09-09	Viral 50	is
2USlegnFJLrVLpoVfPimKB	Thunder	Gabry Ponte, LUM!X, Prezioso	11	#84bd00	2021-09-09	Viral 50	is
6OufwUcCqo81guU2jAlDVP	Love Tonight - Edit	Shouse	12	#bd3200	2021-09-09	Viral 50	is
2prnn41CblB8B4yWACDljP	Love Tonight - David Guetta Remix Edit	Shouse	13	#bd3200	2021-09-09	Viral 50	is
5NWPKgXfMhFZyPqNQ8Kt2C	Veiðimaður (feat. THØR & Bjørn)	Ingi Bauer	14	#84bd00	2021-09-09	Viral 50	is
5PjdY0CKGZdEuoNab3yDmX	STAY (with Justin Bieber)	The Kid LAROI	15	#84bd00	2021-09-09	Viral 50	is
07MDkzWARZaLEdKxo6yArG	Meet Me At Our Spot	THE ANXIETY, WILLOW, Tyler Cole	16	#bd3200	2021-09-09	Viral 50	is
1MZtr7IH5qtjIkqrXj8WOJ	Essence (feat. Justin Bieber & Tems)	WizKid	17	#3e3e40	2021-09-09	Viral 50	is
6M3PsepEj5gyJoIi7Xvr7u	Take My Breath	The Weeknd	18	#84bd00	2021-09-09	Viral 50	is
0Fs9cdPDhptWEDJmiCbkEW	She Knows (feat. Amber Coffman & Cults)	J. Cole	19	#84bd00	2021-09-09	Viral 50	is
20sXcaJkWP0DdzA58Colw3	The Writing On The Wall	Iron Maiden	20	#84bd00	2021-09-09	Viral 50	is
5svL1PkWw8hPEAOdTNLexy	Paralyzed	Sueco	21	#bd3200	2021-09-09	Viral 50	is
05GvwwTLLID738BbKN1ze0	Because You Move Me	Tinlicker, Helsloot	22	#84bd00	2021-09-09	Viral 50	is
3S7A85bAWOd6ltk6r2ANOI	U Are My High	DJ Snake	23	#84bd00	2021-09-09	Viral 50	is
3qj4vBQO1SWIdLFJRr2nHb	F.C.K (feat. Aron Can)	Birnir	24	#4687d7	2021-09-09	Viral 50	is
6Dy1jexKYriXAVG6evyUTJ	OUT OUT (feat. Charli XCX & Saweetie)	Joel Corry, Jax Jones	25	#bd3200	2021-09-09	Viral 50	is
7aonAWn0J0AJ47ZU9WHCXC	INFERNO	Sub Urban, Bella Poarch	26	#84bd00	2021-09-09	Viral 50	is
7sq2z9oX2S0CvgTqCZ0ko4	Strange	Celeste	27	#bd3200	2021-09-09	Viral 50	is
7rYCenkV4OXJgiUuKrhDCb	Beethoven	Kenndog	28	#84bd00	2021-09-09	Viral 50	is
44xO8889yUQHn70P73NILS	Believe Me	Navos	29	#84bd00	2021-09-09	Viral 50	is
6zWU7YALeEDMcPGhKKZJhV	Navajo	Masego	30	#84bd00	2021-09-09	Viral 50	is
1058fW9H3fZA6QjYCdOBad	Don't Go Yet	Camila Cabello	31	#84bd00	2021-09-09	Viral 50	is
6PQ88X9TkUIAUIZJHW2upE	Bad Habits	Ed Sheeran	32	#84bd00	2021-09-09	Viral 50	is
2ZUG2XOccCaNmyCaFExjPm	I Don't Care	La Melo, Birnir, Bussines	33	#84bd00	2021-09-09	Viral 50	is
2eppXfCeR7XaX7x2zkCBIw	Mér er drull	FLOTT	34	#bd3200	2021-09-09	Viral 50	is
7CIERzyqIwLVKGp00YbHRO	Pain	PinkPantheress	35	#bd3200	2021-09-09	Viral 50	is
0mJBiaODgK0XjOLCN5fItq	Like I Can	Sam Smith	36	#4687d7	2021-09-09	Viral 50	is
0Kdj7nwaYQmvhxnqZaIQuW	Bezos I	Bo Burnham	37	#bd3200	2021-09-09	Viral 50	is
4YprqLB3jEAlHNOMXEcZtm	Vibe	Mike Candys	38	#84bd00	2021-09-09	Viral 50	is
14mc78ctIxHOMYz5fWja7Q	Rolando (Caught In The Rain)	DUSTY LOCANE	39	#bd3200	2021-09-09	Viral 50	is
3NqBxTOMCJ3zW9CIP51td4	Jugaste y Sufrí	Eslabon Armado, DannyLux	40	#bd3200	2021-09-09	Viral 50	is
1iAWDVZem3Vx3Pb8fTUTEL	Rick & Morty	Soulja Boy	41	#84bd00	2021-09-09	Viral 50	is
3uUuGVFu1V7jTQL60S1r8z	Where Are You Now	Lost Frequencies, Calum Scott	42	#4687d7	2021-09-09	Viral 50	is
750vtNtNiQVl80E4baoJjd	Lose	KSI, Lil Wayne	43	#bd3200	2021-09-09	Viral 50	is
0V5cvmTKsYmF5FmGGEAfmS	Je te laisserai des mots	Patrick Watson	44	#84bd00	2021-09-09	Viral 50	is
6ZvXQhiIbP4XpbrHN6brAI	Kawaii 808	Yellow Claw, Crisis Era, Ramengvrl	45	#bd3200	2021-09-09	Viral 50	is
1dIWPXMX4kRHj6Dt2DStUQ	Chosen (feat. Ty Dolla $ign)	Blxst, Tyga	46	#84bd00	2021-09-09	Viral 50	is
6KgtcmCF9Ky68XC7ezxl3s	Rumors (feat. Cardi B)	Lizzo	47	#84bd00	2021-09-09	Viral 50	is
7uWdDOhI3wydISWM1AXN0M	My Potna Dem	$ilkMoney	48	#4687d7	2021-09-09	Viral 50	is
1q3Iuk3nVEwRPj7mR34QYQ	Pisk Mig Hårdt!!!	Dario Von Slutty	49	#4687d7	2021-09-09	Viral 50	is
4gvrJnKCKIPiacNsWVQwEU	love nwantiti (feat. Dj Yo! & AX'EL) - Remix	CKay	50	#4687d7	2021-09-09	Viral 50	is
6zSpb8dQRaw0M1dK8PBwQz	Cold Heart - PNAU Remix	Elton John, Dua Lipa	1	#84bd00	2021-09-10	Viral 50	is
5fwSHlTEWpluwOM0Sxnh5k	Pepas	Farruko	2	#bd3200	2021-09-10	Viral 50	is
1uMHCAyGmHqyygoNRuo7MV	edamame (feat. Rich Brian)	bbno$	3	#84bd00	2021-09-10	Viral 50	is
6SO4GbNZMa8lFx0Lvl1RcX	Vertu úlfur - Titillag	Emilíana Torrini	4	#bd3200	2021-09-10	Viral 50	is
6OTKVgVpVaVjhRLYizPJKA	Just for me	PinkPantheress	5	#3e3e40	2021-09-10	Viral 50	is
6Uj1ctrBOjOas8xZXGqKk4	Woman	Doja Cat	6	#3e3e40	2021-09-10	Viral 50	is
2prnn41CblB8B4yWACDljP	Love Tonight - David Guetta Remix Edit	Shouse	7	#84bd00	2021-09-10	Viral 50	is
2USlegnFJLrVLpoVfPimKB	Thunder	Gabry Ponte, LUM!X, Prezioso	8	#84bd00	2021-09-10	Viral 50	is
27NovPIUIRrOZoCHxABJwK	INDUSTRY BABY (feat. Jack Harlow)	Lil Nas X	9	#bd3200	2021-09-10	Viral 50	is
4RVwu0g32PAqgUiJoXsdF8	Happier Than Ever	Billie Eilish	10	#bd3200	2021-09-10	Viral 50	is
37y7iDayfwm3WXn5BiAoRk	Dark Red	Steve Lacy	11	#bd3200	2021-09-10	Viral 50	is
02MWAaffLxlfxAUY7c5dvx	Heat Waves	Glass Animals	12	#bd3200	2021-09-10	Viral 50	is
6OufwUcCqo81guU2jAlDVP	Love Tonight - Edit	Shouse	13	#bd3200	2021-09-10	Viral 50	is
5NWPKgXfMhFZyPqNQ8Kt2C	Veiðimaður (feat. THØR & Bjørn)	Ingi Bauer	14	#3e3e40	2021-09-10	Viral 50	is
6M3PsepEj5gyJoIi7Xvr7u	Take My Breath	The Weeknd	15	#84bd00	2021-09-10	Viral 50	is
07MDkzWARZaLEdKxo6yArG	Meet Me At Our Spot	THE ANXIETY, WILLOW, Tyler Cole	16	#3e3e40	2021-09-10	Viral 50	is
5PjdY0CKGZdEuoNab3yDmX	STAY (with Justin Bieber)	The Kid LAROI	17	#bd3200	2021-09-10	Viral 50	is
1MZtr7IH5qtjIkqrXj8WOJ	Essence (feat. Justin Bieber & Tems)	WizKid	18	#bd3200	2021-09-10	Viral 50	is
3NqBxTOMCJ3zW9CIP51td4	Jugaste y Sufrí	Eslabon Armado, DannyLux	19	#84bd00	2021-09-10	Viral 50	is
4ka1FkKAMde6dQAFFMXKac	i hope ur miserable until ur dead	Nessa Barrett	20	#4687d7	2021-09-10	Viral 50	is
0Fs9cdPDhptWEDJmiCbkEW	She Knows (feat. Amber Coffman & Cults)	J. Cole	21	#bd3200	2021-09-10	Viral 50	is
7CIERzyqIwLVKGp00YbHRO	Pain	PinkPantheress	22	#84bd00	2021-09-10	Viral 50	is
5svL1PkWw8hPEAOdTNLexy	Paralyzed	Sueco	23	#bd3200	2021-09-10	Viral 50	is
3qj4vBQO1SWIdLFJRr2nHb	F.C.K (feat. Aron Can)	Birnir	24	#3e3e40	2021-09-10	Viral 50	is
7aonAWn0J0AJ47ZU9WHCXC	INFERNO	Sub Urban, Bella Poarch	25	#84bd00	2021-09-10	Viral 50	is
0qXP5fMhxGzxALOkXYUxfP	Loverboy	A-Wall	26	#4687d7	2021-09-10	Viral 50	is
2ZUG2XOccCaNmyCaFExjPm	I Don't Care	La Melo, Birnir, Bussines	27	#84bd00	2021-09-10	Viral 50	is
0V5cvmTKsYmF5FmGGEAfmS	Je te laisserai des mots	Patrick Watson	28	#84bd00	2021-09-10	Viral 50	is
7rYCenkV4OXJgiUuKrhDCb	Beethoven	Kenndog	29	#bd3200	2021-09-10	Viral 50	is
1058fW9H3fZA6QjYCdOBad	Don't Go Yet	Camila Cabello	30	#84bd00	2021-09-10	Viral 50	is
7LReyvrox0PUfUzAcz6z0O	HEITI KING	Þjóðleikhúsið, EBBA, CYBER	31	#4687d7	2021-09-10	Viral 50	is
2eppXfCeR7XaX7x2zkCBIw	Mér er drull	FLOTT	32	#84bd00	2021-09-10	Viral 50	is
4gvrJnKCKIPiacNsWVQwEU	love nwantiti (feat. Dj Yo! & AX'EL) - Remix	CKay	33	#84bd00	2021-09-10	Viral 50	is
0mJBiaODgK0XjOLCN5fItq	Like I Can	Sam Smith	34	#84bd00	2021-09-10	Viral 50	is
1iAWDVZem3Vx3Pb8fTUTEL	Rick & Morty	Soulja Boy	35	#84bd00	2021-09-10	Viral 50	is
3uUuGVFu1V7jTQL60S1r8z	Where Are You Now	Lost Frequencies, Calum Scott	36	#84bd00	2021-09-10	Viral 50	is
05GvwwTLLID738BbKN1ze0	Because You Move Me	Tinlicker, Helsloot	37	#bd3200	2021-09-10	Viral 50	is
4YprqLB3jEAlHNOMXEcZtm	Vibe	Mike Candys	38	#3e3e40	2021-09-10	Viral 50	is
6PQ88X9TkUIAUIZJHW2upE	Bad Habits	Ed Sheeran	39	#bd3200	2021-09-10	Viral 50	is
0zO8ctW0UiuOefR87OeJOZ	Collard Greens	ScHoolboy Q, Kendrick Lamar	40	#4687d7	2021-09-10	Viral 50	is
6zWU7YALeEDMcPGhKKZJhV	Navajo	Masego	41	#bd3200	2021-09-10	Viral 50	is
2OjHNAk9fzdpuoCv1gfQV8	please don't trust me	ClubDub	42	#4687d7	2021-09-10	Viral 50	is
750vtNtNiQVl80E4baoJjd	Lose	KSI, Lil Wayne	43	#3e3e40	2021-09-10	Viral 50	is
3S7A85bAWOd6ltk6r2ANOI	U Are My High	DJ Snake	44	#bd3200	2021-09-10	Viral 50	is
0eu4C55hL6x29mmeAjytzC	Life Goes On	Oliver Tree	45	#4687d7	2021-09-10	Viral 50	is
1dIWPXMX4kRHj6Dt2DStUQ	Chosen (feat. Ty Dolla $ign)	Blxst, Tyga	46	#3e3e40	2021-09-10	Viral 50	is
6ZvXQhiIbP4XpbrHN6brAI	Kawaii 808	Yellow Claw, Crisis Era, Ramengvrl	47	#bd3200	2021-09-10	Viral 50	is
1q0PYXTbDsirp2l74ng6pn	In Da Getto	J Balvin, Skrillex	48	#4687d7	2021-09-10	Viral 50	is
7uWdDOhI3wydISWM1AXN0M	My Potna Dem	$ilkMoney	49	#bd3200	2021-09-10	Viral 50	is
0Kdj7nwaYQmvhxnqZaIQuW	Bezos I	Bo Burnham	50	#bd3200	2021-09-10	Viral 50	is
6zSpb8dQRaw0M1dK8PBwQz	Cold Heart - PNAU Remix	Elton John, Dua Lipa	1	#3e3e40	2021-09-11	Viral 50	is
5fwSHlTEWpluwOM0Sxnh5k	Pepas	Farruko	2	#3e3e40	2021-09-11	Viral 50	is
1uMHCAyGmHqyygoNRuo7MV	edamame (feat. Rich Brian)	bbno$	3	#3e3e40	2021-09-11	Viral 50	is
6OTKVgVpVaVjhRLYizPJKA	Just for me	PinkPantheress	4	#84bd00	2021-09-11	Viral 50	is
2prnn41CblB8B4yWACDljP	Love Tonight - David Guetta Remix Edit	Shouse	5	#84bd00	2021-09-11	Viral 50	is
6Uj1ctrBOjOas8xZXGqKk4	Woman	Doja Cat	6	#3e3e40	2021-09-11	Viral 50	is
4RVwu0g32PAqgUiJoXsdF8	Happier Than Ever	Billie Eilish	7	#84bd00	2021-09-11	Viral 50	is
6SO4GbNZMa8lFx0Lvl1RcX	Vertu úlfur - Titillag	Emilíana Torrini	8	#bd3200	2021-09-11	Viral 50	is
2USlegnFJLrVLpoVfPimKB	Thunder	Gabry Ponte, LUM!X, Prezioso	9	#bd3200	2021-09-11	Viral 50	is
6OufwUcCqo81guU2jAlDVP	Love Tonight - Edit	Shouse	10	#84bd00	2021-09-11	Viral 50	is
27NovPIUIRrOZoCHxABJwK	INDUSTRY BABY (feat. Jack Harlow)	Lil Nas X	11	#bd3200	2021-09-11	Viral 50	is
37y7iDayfwm3WXn5BiAoRk	Dark Red	Steve Lacy	12	#bd3200	2021-09-11	Viral 50	is
02MWAaffLxlfxAUY7c5dvx	Heat Waves	Glass Animals	13	#bd3200	2021-09-11	Viral 50	is
07MDkzWARZaLEdKxo6yArG	Meet Me At Our Spot	THE ANXIETY, WILLOW, Tyler Cole	14	#84bd00	2021-09-11	Viral 50	is
0qXP5fMhxGzxALOkXYUxfP	Loverboy	A-Wall	15	#84bd00	2021-09-11	Viral 50	is
5NWPKgXfMhFZyPqNQ8Kt2C	Veiðimaður (feat. THØR & Bjørn)	Ingi Bauer	16	#bd3200	2021-09-11	Viral 50	is
3NqBxTOMCJ3zW9CIP51td4	Jugaste y Sufrí	Eslabon Armado, DannyLux	17	#84bd00	2021-09-11	Viral 50	is
1MZtr7IH5qtjIkqrXj8WOJ	Essence (feat. Justin Bieber & Tems)	WizKid	18	#3e3e40	2021-09-11	Viral 50	is
4ka1FkKAMde6dQAFFMXKac	i hope ur miserable until ur dead	Nessa Barrett	19	#84bd00	2021-09-11	Viral 50	is
7aonAWn0J0AJ47ZU9WHCXC	INFERNO	Sub Urban, Bella Poarch	20	#84bd00	2021-09-11	Viral 50	is
0eu4C55hL6x29mmeAjytzC	Life Goes On	Oliver Tree	21	#84bd00	2021-09-11	Viral 50	is
2eppXfCeR7XaX7x2zkCBIw	Mér er drull	FLOTT	22	#84bd00	2021-09-11	Viral 50	is
6M3PsepEj5gyJoIi7Xvr7u	Take My Breath	The Weeknd	23	#bd3200	2021-09-11	Viral 50	is
0V5cvmTKsYmF5FmGGEAfmS	Je te laisserai des mots	Patrick Watson	24	#84bd00	2021-09-11	Viral 50	is
7CIERzyqIwLVKGp00YbHRO	Pain	PinkPantheress	25	#bd3200	2021-09-11	Viral 50	is
3qj4vBQO1SWIdLFJRr2nHb	F.C.K (feat. Aron Can)	Birnir	26	#bd3200	2021-09-11	Viral 50	is
5PjdY0CKGZdEuoNab3yDmX	STAY (with Justin Bieber)	The Kid LAROI	27	#bd3200	2021-09-11	Viral 50	is
1058fW9H3fZA6QjYCdOBad	Don't Go Yet	Camila Cabello	28	#84bd00	2021-09-11	Viral 50	is
2ZUG2XOccCaNmyCaFExjPm	I Don't Care	La Melo, Birnir, Bussines	29	#bd3200	2021-09-11	Viral 50	is
5svL1PkWw8hPEAOdTNLexy	Paralyzed	Sueco	30	#bd3200	2021-09-11	Viral 50	is
05GvwwTLLID738BbKN1ze0	Because You Move Me	Tinlicker, Helsloot	31	#84bd00	2021-09-11	Viral 50	is
1dIWPXMX4kRHj6Dt2DStUQ	Chosen (feat. Ty Dolla $ign)	Blxst, Tyga	32	#84bd00	2021-09-11	Viral 50	is
7sq2z9oX2S0CvgTqCZ0ko4	Strange	Celeste	33	#4687d7	2021-09-11	Viral 50	is
7rYCenkV4OXJgiUuKrhDCb	Beethoven	Kenndog	34	#bd3200	2021-09-11	Viral 50	is
0mJBiaODgK0XjOLCN5fItq	Like I Can	Sam Smith	35	#bd3200	2021-09-11	Viral 50	is
7LReyvrox0PUfUzAcz6z0O	HEITI KING	Þjóðleikhúsið, EBBA, CYBER	36	#bd3200	2021-09-11	Viral 50	is
3uUuGVFu1V7jTQL60S1r8z	Where Are You Now	Lost Frequencies, Calum Scott	37	#bd3200	2021-09-11	Viral 50	is
0Fs9cdPDhptWEDJmiCbkEW	She Knows (feat. Amber Coffman & Cults)	J. Cole	38	#bd3200	2021-09-11	Viral 50	is
4gvrJnKCKIPiacNsWVQwEU	love nwantiti (feat. Dj Yo! & AX'EL) - Remix	CKay	39	#bd3200	2021-09-11	Viral 50	is
4YprqLB3jEAlHNOMXEcZtm	Vibe	Mike Candys	40	#bd3200	2021-09-11	Viral 50	is
0Kdj7nwaYQmvhxnqZaIQuW	Bezos I	Bo Burnham	41	#84bd00	2021-09-11	Viral 50	is
1q0PYXTbDsirp2l74ng6pn	In Da Getto	J Balvin, Skrillex	42	#84bd00	2021-09-11	Viral 50	is
6zWU7YALeEDMcPGhKKZJhV	Navajo	Masego	43	#bd3200	2021-09-11	Viral 50	is
1iAWDVZem3Vx3Pb8fTUTEL	Rick & Morty	Soulja Boy	44	#bd3200	2021-09-11	Viral 50	is
3S7A85bAWOd6ltk6r2ANOI	U Are My High	DJ Snake	45	#bd3200	2021-09-11	Viral 50	is
1q3Iuk3nVEwRPj7mR34QYQ	Pisk Mig Hårdt!!!	Dario Von Slutty	46	#4687d7	2021-09-11	Viral 50	is
44xO8889yUQHn70P73NILS	Believe Me	Navos	47	#4687d7	2021-09-11	Viral 50	is
6ZJqCviTotiIujl1rfcL53	Passion	PinkPantheress	48	#4687d7	2021-09-11	Viral 50	is
6PQ88X9TkUIAUIZJHW2upE	Bad Habits	Ed Sheeran	49	#bd3200	2021-09-11	Viral 50	is
1U3nHai9ueJCuEXbf8TvBA	Lithium	Odd Mob	50	#4687d7	2021-09-11	Viral 50	is
6zSpb8dQRaw0M1dK8PBwQz	Cold Heart - PNAU Remix	Elton John, Dua Lipa	1	#3e3e40	2021-09-12	Viral 50	is
5fwSHlTEWpluwOM0Sxnh5k	Pepas	Farruko	2	#3e3e40	2021-09-12	Viral 50	is
1uMHCAyGmHqyygoNRuo7MV	edamame (feat. Rich Brian)	bbno$	3	#3e3e40	2021-09-12	Viral 50	is
6OTKVgVpVaVjhRLYizPJKA	Just for me	PinkPantheress	4	#3e3e40	2021-09-12	Viral 50	is
2prnn41CblB8B4yWACDljP	Love Tonight - David Guetta Remix Edit	Shouse	5	#3e3e40	2021-09-12	Viral 50	is
6Uj1ctrBOjOas8xZXGqKk4	Woman	Doja Cat	6	#3e3e40	2021-09-12	Viral 50	is
37y7iDayfwm3WXn5BiAoRk	Dark Red	Steve Lacy	7	#84bd00	2021-09-12	Viral 50	is
4RVwu0g32PAqgUiJoXsdF8	Happier Than Ever	Billie Eilish	8	#bd3200	2021-09-12	Viral 50	is
0qXP5fMhxGzxALOkXYUxfP	Loverboy	A-Wall	9	#84bd00	2021-09-12	Viral 50	is
6SO4GbNZMa8lFx0Lvl1RcX	Vertu úlfur - Titillag	Emilíana Torrini	10	#bd3200	2021-09-12	Viral 50	is
27NovPIUIRrOZoCHxABJwK	INDUSTRY BABY (feat. Jack Harlow)	Lil Nas X	11	#3e3e40	2021-09-12	Viral 50	is
2USlegnFJLrVLpoVfPimKB	Thunder	Gabry Ponte, LUM!X, Prezioso	12	#bd3200	2021-09-12	Viral 50	is
3NqBxTOMCJ3zW9CIP51td4	Jugaste y Sufrí	Eslabon Armado, DannyLux	13	#84bd00	2021-09-12	Viral 50	is
07MDkzWARZaLEdKxo6yArG	Meet Me At Our Spot	THE ANXIETY, WILLOW, Tyler Cole	14	#3e3e40	2021-09-12	Viral 50	is
02MWAaffLxlfxAUY7c5dvx	Heat Waves	Glass Animals	15	#bd3200	2021-09-12	Viral 50	is
0eu4C55hL6x29mmeAjytzC	Life Goes On	Oliver Tree	16	#84bd00	2021-09-12	Viral 50	is
6OufwUcCqo81guU2jAlDVP	Love Tonight - Edit	Shouse	17	#bd3200	2021-09-12	Viral 50	is
5NWPKgXfMhFZyPqNQ8Kt2C	Veiðimaður (feat. THØR & Bjørn)	Ingi Bauer	18	#bd3200	2021-09-12	Viral 50	is
7rYCenkV4OXJgiUuKrhDCb	Beethoven	Kenndog	19	#84bd00	2021-09-12	Viral 50	is
4ka1FkKAMde6dQAFFMXKac	i hope ur miserable until ur dead	Nessa Barrett	20	#bd3200	2021-09-12	Viral 50	is
1MZtr7IH5qtjIkqrXj8WOJ	Essence (feat. Justin Bieber & Tems)	WizKid	21	#bd3200	2021-09-12	Viral 50	is
2eppXfCeR7XaX7x2zkCBIw	Mér er drull	FLOTT	22	#3e3e40	2021-09-12	Viral 50	is
7sq2z9oX2S0CvgTqCZ0ko4	Strange	Celeste	23	#84bd00	2021-09-12	Viral 50	is
3qj4vBQO1SWIdLFJRr2nHb	F.C.K (feat. Aron Can)	Birnir	24	#84bd00	2021-09-12	Viral 50	is
0mJBiaODgK0XjOLCN5fItq	Like I Can	Sam Smith	25	#84bd00	2021-09-12	Viral 50	is
5svL1PkWw8hPEAOdTNLexy	Paralyzed	Sueco	26	#84bd00	2021-09-12	Viral 50	is
2ZUG2XOccCaNmyCaFExjPm	I Don't Care	La Melo, Birnir, Bussines	27	#84bd00	2021-09-12	Viral 50	is
7CIERzyqIwLVKGp00YbHRO	Pain	PinkPantheress	28	#bd3200	2021-09-12	Viral 50	is
05GvwwTLLID738BbKN1ze0	Because You Move Me	Tinlicker, Helsloot	29	#84bd00	2021-09-12	Viral 50	is
0V5cvmTKsYmF5FmGGEAfmS	Je te laisserai des mots	Patrick Watson	30	#bd3200	2021-09-12	Viral 50	is
1dIWPXMX4kRHj6Dt2DStUQ	Chosen (feat. Ty Dolla $ign)	Blxst, Tyga	31	#84bd00	2021-09-12	Viral 50	is
44xO8889yUQHn70P73NILS	Believe Me	Navos	32	#84bd00	2021-09-12	Viral 50	is
1058fW9H3fZA6QjYCdOBad	Don't Go Yet	Camila Cabello	33	#bd3200	2021-09-12	Viral 50	is
3uUuGVFu1V7jTQL60S1r8z	Where Are You Now	Lost Frequencies, Calum Scott	34	#84bd00	2021-09-12	Viral 50	is
6M3PsepEj5gyJoIi7Xvr7u	Take My Breath	The Weeknd	35	#bd3200	2021-09-12	Viral 50	is
0Fs9cdPDhptWEDJmiCbkEW	She Knows (feat. Amber Coffman & Cults)	J. Cole	36	#84bd00	2021-09-12	Viral 50	is
0dd4ONt81AsGdX0TYFPHfI	Seinna meir	Bylgjan, Bubbi Morthens, Friðrik Dór, Jóhanna Guðrún, Elísabet, Jón Jónsson, Regína Ósk, Sigga Beinteins, Helgi Björnsson	37	#4687d7	2021-09-12	Viral 50	is
6PQ88X9TkUIAUIZJHW2upE	Bad Habits	Ed Sheeran	38	#84bd00	2021-09-12	Viral 50	is
1q0PYXTbDsirp2l74ng6pn	In Da Getto	J Balvin, Skrillex	39	#84bd00	2021-09-12	Viral 50	is
1iAWDVZem3Vx3Pb8fTUTEL	Rick & Morty	Soulja Boy	40	#84bd00	2021-09-12	Viral 50	is
5PjdY0CKGZdEuoNab3yDmX	STAY (with Justin Bieber)	The Kid LAROI	41	#bd3200	2021-09-12	Viral 50	is
6zWU7YALeEDMcPGhKKZJhV	Navajo	Masego	42	#84bd00	2021-09-12	Viral 50	is
3koCCeSaVUyrRo3N2gHrd8	Let's Groove	Earth, Wind & Fire	43	#4687d7	2021-09-12	Viral 50	is
4YprqLB3jEAlHNOMXEcZtm	Vibe	Mike Candys	44	#bd3200	2021-09-12	Viral 50	is
0Kdj7nwaYQmvhxnqZaIQuW	Bezos I	Bo Burnham	45	#bd3200	2021-09-12	Viral 50	is
6ZJqCviTotiIujl1rfcL53	Passion	PinkPantheress	46	#84bd00	2021-09-12	Viral 50	is
1q3Iuk3nVEwRPj7mR34QYQ	Pisk Mig Hårdt!!!	Dario Von Slutty	47	#bd3200	2021-09-12	Viral 50	is
4gvrJnKCKIPiacNsWVQwEU	love nwantiti (feat. Dj Yo! & AX'EL) - Remix	CKay	48	#bd3200	2021-09-12	Viral 50	is
1U3nHai9ueJCuEXbf8TvBA	Lithium	Odd Mob	49	#84bd00	2021-09-12	Viral 50	is
7aonAWn0J0AJ47ZU9WHCXC	INFERNO	Sub Urban, Bella Poarch	50	#bd3200	2021-09-12	Viral 50	is
6zSpb8dQRaw0M1dK8PBwQz	Cold Heart - PNAU Remix	Elton John, Dua Lipa	1	#3e3e40	2021-09-13	Viral 50	is
1is8gU4RVcN4J8xItxWoOY	I GUESS I'M IN LOVE	Clinton Kane	2	#4687d7	2021-09-13	Viral 50	is
1uMHCAyGmHqyygoNRuo7MV	edamame (feat. Rich Brian)	bbno$	3	#3e3e40	2021-09-13	Viral 50	is
5fwSHlTEWpluwOM0Sxnh5k	Pepas	Farruko	4	#bd3200	2021-09-13	Viral 50	is
2prnn41CblB8B4yWACDljP	Love Tonight - David Guetta Remix Edit	Shouse	5	#3e3e40	2021-09-13	Viral 50	is
65xW3k84PJoqr7HNe3IyTn	Þegar ég verð 36	FLOTT	6	#4687d7	2021-09-13	Viral 50	is
6Uj1ctrBOjOas8xZXGqKk4	Woman	Doja Cat	7	#bd3200	2021-09-13	Viral 50	is
0qXP5fMhxGzxALOkXYUxfP	Loverboy	A-Wall	8	#84bd00	2021-09-13	Viral 50	is
4RVwu0g32PAqgUiJoXsdF8	Happier Than Ever	Billie Eilish	9	#bd3200	2021-09-13	Viral 50	is
37y7iDayfwm3WXn5BiAoRk	Dark Red	Steve Lacy	10	#bd3200	2021-09-13	Viral 50	is
2Xr1dTzJee307rmrkt8c0g	love nwantiti (ah ah ah)	CKay	11	#4687d7	2021-09-13	Viral 50	is
3NqBxTOMCJ3zW9CIP51td4	Jugaste y Sufrí	Eslabon Armado, DannyLux	12	#84bd00	2021-09-13	Viral 50	is
02MWAaffLxlfxAUY7c5dvx	Heat Waves	Glass Animals	13	#84bd00	2021-09-13	Viral 50	is
6OTKVgVpVaVjhRLYizPJKA	Just for me	PinkPantheress	14	#bd3200	2021-09-13	Viral 50	is
2USlegnFJLrVLpoVfPimKB	Thunder	Gabry Ponte, LUM!X, Prezioso	15	#bd3200	2021-09-13	Viral 50	is
4ka1FkKAMde6dQAFFMXKac	i hope ur miserable until ur dead	Nessa Barrett	16	#84bd00	2021-09-13	Viral 50	is
07MDkzWARZaLEdKxo6yArG	Meet Me At Our Spot	THE ANXIETY, WILLOW, Tyler Cole	17	#bd3200	2021-09-13	Viral 50	is
6OufwUcCqo81guU2jAlDVP	Love Tonight - Edit	Shouse	18	#bd3200	2021-09-13	Viral 50	is
0eu4C55hL6x29mmeAjytzC	Life Goes On	Oliver Tree	19	#bd3200	2021-09-13	Viral 50	is
1MZtr7IH5qtjIkqrXj8WOJ	Essence (feat. Justin Bieber & Tems)	WizKid	20	#84bd00	2021-09-13	Viral 50	is
5NWPKgXfMhFZyPqNQ8Kt2C	Veiðimaður (feat. THØR & Bjørn)	Ingi Bauer	21	#bd3200	2021-09-13	Viral 50	is
2eppXfCeR7XaX7x2zkCBIw	Mér er drull	FLOTT	22	#3e3e40	2021-09-13	Viral 50	is
3qj4vBQO1SWIdLFJRr2nHb	F.C.K (feat. Aron Can)	Birnir	23	#84bd00	2021-09-13	Viral 50	is
7sq2z9oX2S0CvgTqCZ0ko4	Strange	Celeste	24	#bd3200	2021-09-13	Viral 50	is
0z8hI3OPS8ADPWtoCjjLl6	Summer of Love (Shawn Mendes & Tainy)	Shawn Mendes	25	#4687d7	2021-09-13	Viral 50	is
7rYCenkV4OXJgiUuKrhDCb	Beethoven	Kenndog	26	#bd3200	2021-09-13	Viral 50	is
6SO4GbNZMa8lFx0Lvl1RcX	Vertu úlfur - Titillag	Emilíana Torrini	27	#bd3200	2021-09-13	Viral 50	is
0Fs9cdPDhptWEDJmiCbkEW	She Knows (feat. Amber Coffman & Cults)	J. Cole	28	#84bd00	2021-09-13	Viral 50	is
27NovPIUIRrOZoCHxABJwK	INDUSTRY BABY (feat. Jack Harlow)	Lil Nas X	29	#bd3200	2021-09-13	Viral 50	is
05GvwwTLLID738BbKN1ze0	Because You Move Me	Tinlicker, Helsloot	30	#bd3200	2021-09-13	Viral 50	is
0mJBiaODgK0XjOLCN5fItq	Like I Can	Sam Smith	31	#bd3200	2021-09-13	Viral 50	is
1q0PYXTbDsirp2l74ng6pn	In Da Getto	J Balvin, Skrillex	32	#84bd00	2021-09-13	Viral 50	is
5svL1PkWw8hPEAOdTNLexy	Paralyzed	Sueco	33	#bd3200	2021-09-13	Viral 50	is
6PQ88X9TkUIAUIZJHW2upE	Bad Habits	Ed Sheeran	34	#84bd00	2021-09-13	Viral 50	is
44V6EzbUSYgyfsNiP0FrlA	Visiting Hours	Ed Sheeran	35	#4687d7	2021-09-13	Viral 50	is
3uUuGVFu1V7jTQL60S1r8z	Where Are You Now	Lost Frequencies, Calum Scott	36	#bd3200	2021-09-13	Viral 50	is
6qI8FI7aVLh25sZQ5gl0Kg	No Coffee at the Funeral	Vök	37	#4687d7	2021-09-13	Viral 50	is
20on25jryn53hWghthWWW3	Do It To It	ACRAZE, Cherish	38	#4687d7	2021-09-13	Viral 50	is
5PjdY0CKGZdEuoNab3yDmX	STAY (with Justin Bieber)	The Kid LAROI	39	#84bd00	2021-09-13	Viral 50	is
0dd4ONt81AsGdX0TYFPHfI	Seinna meir	Bylgjan, Bubbi Morthens, Friðrik Dór, Jóhanna Guðrún, Elísabet, Jón Jónsson, Regína Ósk, Sigga Beinteins, Helgi Björnsson	40	#bd3200	2021-09-13	Viral 50	is
0V5cvmTKsYmF5FmGGEAfmS	Je te laisserai des mots	Patrick Watson	41	#bd3200	2021-09-13	Viral 50	is
1058fW9H3fZA6QjYCdOBad	Don't Go Yet	Camila Cabello	42	#bd3200	2021-09-13	Viral 50	is
3koCCeSaVUyrRo3N2gHrd8	Let's Groove	Earth, Wind & Fire	43	#3e3e40	2021-09-13	Viral 50	is
1EYeZGTMCjV7uVey5fNWXM	love nwantiti (feat. ElGrande Toto) - North African Remix	CKay, ElGrandeToto	44	#4687d7	2021-09-13	Viral 50	is
0zCgWGmDF0aih5qexATyBn	After Dark	Mr.Kitty	45	#4687d7	2021-09-13	Viral 50	is
1sx0XsWUusUoPstbvokZjP	A-O-K	Tai Verdes	46	#4687d7	2021-09-13	Viral 50	is
44xO8889yUQHn70P73NILS	Believe Me	Navos	47	#bd3200	2021-09-13	Viral 50	is
4Go2u6SexdY2Qxo0oHMIzE	Wid It	Tion Wayne, ArrDee	48	#4687d7	2021-09-13	Viral 50	is
0Kdj7nwaYQmvhxnqZaIQuW	Bezos I	Bo Burnham	49	#bd3200	2021-09-13	Viral 50	is
1SHB1hp6267UK9bJQUxYvO	Судно (Борис Рижий)	Molchat Doma	50	#4687d7	2021-09-13	Viral 50	is
6zSpb8dQRaw0M1dK8PBwQz	Cold Heart - PNAU Remix	Elton John, Dua Lipa	1	#3e3e40	2021-09-14	Viral 50	is
2Xr1dTzJee307rmrkt8c0g	love nwantiti (ah ah ah)	CKay	2	#84bd00	2021-09-14	Viral 50	is
1is8gU4RVcN4J8xItxWoOY	I GUESS I'M IN LOVE	Clinton Kane	3	#bd3200	2021-09-14	Viral 50	is
1uMHCAyGmHqyygoNRuo7MV	edamame (feat. Rich Brian)	bbno$	4	#bd3200	2021-09-14	Viral 50	is
5fwSHlTEWpluwOM0Sxnh5k	Pepas	Farruko	5	#bd3200	2021-09-14	Viral 50	is
2prnn41CblB8B4yWACDljP	Love Tonight - David Guetta Remix Edit	Shouse	6	#bd3200	2021-09-14	Viral 50	is
65xW3k84PJoqr7HNe3IyTn	Þegar ég verð 36	FLOTT	7	#bd3200	2021-09-14	Viral 50	is
0eu4C55hL6x29mmeAjytzC	Life Goes On	Oliver Tree	8	#84bd00	2021-09-14	Viral 50	is
07MDkzWARZaLEdKxo6yArG	Meet Me At Our Spot	THE ANXIETY, WILLOW, Tyler Cole	9	#84bd00	2021-09-14	Viral 50	is
0qXP5fMhxGzxALOkXYUxfP	Loverboy	A-Wall	10	#bd3200	2021-09-14	Viral 50	is
3NqBxTOMCJ3zW9CIP51td4	Jugaste y Sufrí	Eslabon Armado, DannyLux	11	#84bd00	2021-09-14	Viral 50	is
6Uj1ctrBOjOas8xZXGqKk4	Woman	Doja Cat	12	#bd3200	2021-09-14	Viral 50	is
02MWAaffLxlfxAUY7c5dvx	Heat Waves	Glass Animals	13	#3e3e40	2021-09-14	Viral 50	is
4ka1FkKAMde6dQAFFMXKac	i hope ur miserable until ur dead	Nessa Barrett	14	#84bd00	2021-09-14	Viral 50	is
2USlegnFJLrVLpoVfPimKB	Thunder	Gabry Ponte, LUM!X, Prezioso	15	#3e3e40	2021-09-14	Viral 50	is
6OTKVgVpVaVjhRLYizPJKA	Just for me	PinkPantheress	16	#bd3200	2021-09-14	Viral 50	is
4RVwu0g32PAqgUiJoXsdF8	Happier Than Ever	Billie Eilish	17	#bd3200	2021-09-14	Viral 50	is
37y7iDayfwm3WXn5BiAoRk	Dark Red	Steve Lacy	18	#bd3200	2021-09-14	Viral 50	is
7rYCenkV4OXJgiUuKrhDCb	Beethoven	Kenndog	19	#84bd00	2021-09-14	Viral 50	is
1EYeZGTMCjV7uVey5fNWXM	love nwantiti (feat. ElGrande Toto) - North African Remix	CKay, ElGrandeToto	20	#84bd00	2021-09-14	Viral 50	is
27NovPIUIRrOZoCHxABJwK	INDUSTRY BABY (feat. Jack Harlow)	Lil Nas X	21	#84bd00	2021-09-14	Viral 50	is
1MZtr7IH5qtjIkqrXj8WOJ	Essence (feat. Justin Bieber & Tems)	WizKid	22	#bd3200	2021-09-14	Viral 50	is
5NWPKgXfMhFZyPqNQ8Kt2C	Veiðimaður (feat. THØR & Bjørn)	Ingi Bauer	23	#bd3200	2021-09-14	Viral 50	is
1q0PYXTbDsirp2l74ng6pn	In Da Getto	J Balvin, Skrillex	24	#84bd00	2021-09-14	Viral 50	is
3qj4vBQO1SWIdLFJRr2nHb	F.C.K (feat. Aron Can)	Birnir	25	#bd3200	2021-09-14	Viral 50	is
5PjdY0CKGZdEuoNab3yDmX	STAY (with Justin Bieber)	The Kid LAROI	26	#84bd00	2021-09-14	Viral 50	is
0Fs9cdPDhptWEDJmiCbkEW	She Knows (feat. Amber Coffman & Cults)	J. Cole	27	#84bd00	2021-09-14	Viral 50	is
6SO4GbNZMa8lFx0Lvl1RcX	Vertu úlfur - Titillag	Emilíana Torrini	28	#bd3200	2021-09-14	Viral 50	is
6OufwUcCqo81guU2jAlDVP	Love Tonight - Edit	Shouse	29	#bd3200	2021-09-14	Viral 50	is
0mJBiaODgK0XjOLCN5fItq	Like I Can	Sam Smith	30	#84bd00	2021-09-14	Viral 50	is
1sx0XsWUusUoPstbvokZjP	A-O-K	Tai Verdes	31	#84bd00	2021-09-14	Viral 50	is
2eppXfCeR7XaX7x2zkCBIw	Mér er drull	FLOTT	32	#bd3200	2021-09-14	Viral 50	is
7sq2z9oX2S0CvgTqCZ0ko4	Strange	Celeste	33	#bd3200	2021-09-14	Viral 50	is
1F80MEkZA9yTlpMQp9dhht	Because You Move Me	Tinlicker, Helsloot	34	#bd3200	2021-09-14	Viral 50	is
1058fW9H3fZA6QjYCdOBad	Don't Go Yet	Camila Cabello	35	#84bd00	2021-09-14	Viral 50	is
3koCCeSaVUyrRo3N2gHrd8	Let's Groove	Earth, Wind & Fire	36	#84bd00	2021-09-14	Viral 50	is
0zO8ctW0UiuOefR87OeJOZ	Collard Greens	ScHoolboy Q, Kendrick Lamar	37	#4687d7	2021-09-14	Viral 50	is
6qI8FI7aVLh25sZQ5gl0Kg	No Coffee at the Funeral	Vök	38	#bd3200	2021-09-14	Viral 50	is
20on25jryn53hWghthWWW3	Do It To It	ACRAZE, Cherish	39	#bd3200	2021-09-14	Viral 50	is
0dd4ONt81AsGdX0TYFPHfI	Seinna meir	Bylgjan, Bubbi Morthens, Friðrik Dór, Jóhanna Guðrún, Elísabet, Jón Jónsson, Regína Ósk, Sigga Beinteins, Helgi Björnsson	40	#3e3e40	2021-09-14	Viral 50	is
2mC33mxgLJN3IT65MGN3B0	Nothing Else Matters	Miley Cyrus, WATT, Elton John, Yo-Yo Ma, Robert Trujillo, Chad Smith	41	#4687d7	2021-09-14	Viral 50	is
0V5cvmTKsYmF5FmGGEAfmS	Je te laisserai des mots	Patrick Watson	42	#bd3200	2021-09-14	Viral 50	is
1q3Iuk3nVEwRPj7mR34QYQ	Pisk Mig Hårdt!!!	Dario Von Slutty	43	#4687d7	2021-09-14	Viral 50	is
5svL1PkWw8hPEAOdTNLexy	Paralyzed	Sueco	44	#bd3200	2021-09-14	Viral 50	is
6PQ88X9TkUIAUIZJHW2upE	Bad Habits	Ed Sheeran	45	#bd3200	2021-09-14	Viral 50	is
44xO8889yUQHn70P73NILS	Believe Me	Navos	46	#84bd00	2021-09-14	Viral 50	is
4Go2u6SexdY2Qxo0oHMIzE	Wid It	Tion Wayne, ArrDee	47	#84bd00	2021-09-14	Viral 50	is
0zCgWGmDF0aih5qexATyBn	After Dark	Mr.Kitty	48	#bd3200	2021-09-14	Viral 50	is
0bI7K9Becu2dtXK1Q3cZNB	Don't Be Shy	Tiësto, KAROL G	49	#4687d7	2021-09-14	Viral 50	is
7aonAWn0J0AJ47ZU9WHCXC	INFERNO	Sub Urban, Bella Poarch	50	#4687d7	2021-09-14	Viral 50	is
6zSpb8dQRaw0M1dK8PBwQz	Cold Heart - PNAU Remix	Elton John, Dua Lipa	1	#3e3e40	2021-09-15	Viral 50	is
2Xr1dTzJee307rmrkt8c0g	love nwantiti (ah ah ah)	CKay	2	#3e3e40	2021-09-15	Viral 50	is
1uMHCAyGmHqyygoNRuo7MV	edamame (feat. Rich Brian)	bbno$	3	#84bd00	2021-09-15	Viral 50	is
65xW3k84PJoqr7HNe3IyTn	Þegar ég verð 36	FLOTT	4	#84bd00	2021-09-15	Viral 50	is
0eu4C55hL6x29mmeAjytzC	Life Goes On	Oliver Tree	5	#84bd00	2021-09-15	Viral 50	is
2prnn41CblB8B4yWACDljP	Love Tonight - David Guetta Remix Edit	Shouse	6	#3e3e40	2021-09-15	Viral 50	is
1is8gU4RVcN4J8xItxWoOY	I GUESS I'M IN LOVE	Clinton Kane	7	#bd3200	2021-09-15	Viral 50	is
6OTKVgVpVaVjhRLYizPJKA	Just for me	PinkPantheress	8	#84bd00	2021-09-15	Viral 50	is
0qXP5fMhxGzxALOkXYUxfP	Loverboy	A-Wall	9	#84bd00	2021-09-15	Viral 50	is
1EYeZGTMCjV7uVey5fNWXM	love nwantiti (feat. ElGrande Toto) - North African Remix	CKay, ElGrandeToto	10	#84bd00	2021-09-15	Viral 50	is
02MWAaffLxlfxAUY7c5dvx	Heat Waves	Glass Animals	11	#84bd00	2021-09-15	Viral 50	is
2USlegnFJLrVLpoVfPimKB	Thunder	Gabry Ponte, LUM!X, Prezioso	12	#84bd00	2021-09-15	Viral 50	is
07MDkzWARZaLEdKxo6yArG	Meet Me At Our Spot	THE ANXIETY, WILLOW, Tyler Cole	13	#bd3200	2021-09-15	Viral 50	is
37y7iDayfwm3WXn5BiAoRk	Dark Red	Steve Lacy	14	#84bd00	2021-09-15	Viral 50	is
6Uj1ctrBOjOas8xZXGqKk4	Woman	Doja Cat	15	#bd3200	2021-09-15	Viral 50	is
3NqBxTOMCJ3zW9CIP51td4	Jugaste y Sufrí	Eslabon Armado, DannyLux	16	#bd3200	2021-09-15	Viral 50	is
4ka1FkKAMde6dQAFFMXKac	i hope ur miserable until ur dead	Nessa Barrett	17	#bd3200	2021-09-15	Viral 50	is
4RVwu0g32PAqgUiJoXsdF8	Happier Than Ever	Billie Eilish	18	#bd3200	2021-09-15	Viral 50	is
5fwSHlTEWpluwOM0Sxnh5k	Pepas	Farruko	19	#bd3200	2021-09-15	Viral 50	is
2eppXfCeR7XaX7x2zkCBIw	Mér er drull	FLOTT	20	#84bd00	2021-09-15	Viral 50	is
1q0PYXTbDsirp2l74ng6pn	In Da Getto	J Balvin, Skrillex	21	#84bd00	2021-09-15	Viral 50	is
0mJBiaODgK0XjOLCN5fItq	Like I Can	Sam Smith	22	#84bd00	2021-09-15	Viral 50	is
27NovPIUIRrOZoCHxABJwK	INDUSTRY BABY (feat. Jack Harlow)	Lil Nas X	23	#bd3200	2021-09-15	Viral 50	is
3qj4vBQO1SWIdLFJRr2nHb	F.C.K (feat. Aron Can)	Birnir	24	#84bd00	2021-09-15	Viral 50	is
5PjdY0CKGZdEuoNab3yDmX	STAY (with Justin Bieber)	The Kid LAROI	25	#84bd00	2021-09-15	Viral 50	is
7rYCenkV4OXJgiUuKrhDCb	Beethoven	Kenndog	26	#bd3200	2021-09-15	Viral 50	is
0Fs9cdPDhptWEDJmiCbkEW	She Knows (feat. Amber Coffman & Cults)	J. Cole	27	#3e3e40	2021-09-15	Viral 50	is
5NWPKgXfMhFZyPqNQ8Kt2C	Veiðimaður (feat. THØR & Bjørn)	Ingi Bauer	28	#bd3200	2021-09-15	Viral 50	is
6OufwUcCqo81guU2jAlDVP	Love Tonight - Edit	Shouse	29	#3e3e40	2021-09-15	Viral 50	is
1MZtr7IH5qtjIkqrXj8WOJ	Essence (feat. Justin Bieber & Tems)	WizKid	30	#bd3200	2021-09-15	Viral 50	is
6SO4GbNZMa8lFx0Lvl1RcX	Vertu úlfur - Titillag	Emilíana Torrini	31	#bd3200	2021-09-15	Viral 50	is
7sq2z9oX2S0CvgTqCZ0ko4	Strange	Celeste	32	#84bd00	2021-09-15	Viral 50	is
2mC33mxgLJN3IT65MGN3B0	Nothing Else Matters	Miley Cyrus, WATT, Elton John, Yo-Yo Ma, Robert Trujillo, Chad Smith	33	#84bd00	2021-09-15	Viral 50	is
44V6EzbUSYgyfsNiP0FrlA	Visiting Hours	Ed Sheeran	34	#4687d7	2021-09-15	Viral 50	is
0z8hI3OPS8ADPWtoCjjLl6	Summer of Love (Shawn Mendes & Tainy)	Shawn Mendes	35	#4687d7	2021-09-15	Viral 50	is
1058fW9H3fZA6QjYCdOBad	Don't Go Yet	Camila Cabello	36	#bd3200	2021-09-15	Viral 50	is
1sx0XsWUusUoPstbvokZjP	A-O-K	Tai Verdes	37	#bd3200	2021-09-15	Viral 50	is
6qI8FI7aVLh25sZQ5gl0Kg	No Coffee at the Funeral	Vök	38	#3e3e40	2021-09-15	Viral 50	is
0zO8ctW0UiuOefR87OeJOZ	Collard Greens	ScHoolboy Q, Kendrick Lamar	39	#bd3200	2021-09-15	Viral 50	is
0dd4ONt81AsGdX0TYFPHfI	Seinna meir	Bylgjan, Bubbi Morthens, Friðrik Dór, Jóhanna Guðrún, Elísabet, Jón Jónsson, Regína Ósk, Sigga Beinteins, Helgi Björnsson	40	#3e3e40	2021-09-15	Viral 50	is
20on25jryn53hWghthWWW3	Do It To It	ACRAZE, Cherish	41	#bd3200	2021-09-15	Viral 50	is
3koCCeSaVUyrRo3N2gHrd8	Let's Groove	Earth, Wind & Fire	42	#bd3200	2021-09-15	Viral 50	is
5VVznM65c8WDK4MQrubfO2	Drink Beer	Bassbrain, Dirty Workz	43	#4687d7	2021-09-15	Viral 50	is
5svL1PkWw8hPEAOdTNLexy	Paralyzed	Sueco	44	#3e3e40	2021-09-15	Viral 50	is
0zCgWGmDF0aih5qexATyBn	After Dark	Mr.Kitty	45	#84bd00	2021-09-15	Viral 50	is
44xO8889yUQHn70P73NILS	Believe Me	Navos	46	#3e3e40	2021-09-15	Viral 50	is
4Go2u6SexdY2Qxo0oHMIzE	Wid It	Tion Wayne, ArrDee	47	#3e3e40	2021-09-15	Viral 50	is
0bI7K9Becu2dtXK1Q3cZNB	Don't Be Shy	Tiësto, KAROL G	48	#84bd00	2021-09-15	Viral 50	is
3uUuGVFu1V7jTQL60S1r8z	Where Are You Now	Lost Frequencies, Calum Scott	49	#4687d7	2021-09-15	Viral 50	is
7CIERzyqIwLVKGp00YbHRO	Pain	PinkPantheress	50	#4687d7	2021-09-15	Viral 50	is
2Xr1dTzJee307rmrkt8c0g	love nwantiti (ah ah ah)	CKay	1	#84bd00	2021-09-16	Viral 50	is
6zSpb8dQRaw0M1dK8PBwQz	Cold Heart - PNAU Remix	Elton John, Dua Lipa	2	#bd3200	2021-09-16	Viral 50	is
65xW3k84PJoqr7HNe3IyTn	Þegar ég verð 36	FLOTT	3	#84bd00	2021-09-16	Viral 50	is
0eu4C55hL6x29mmeAjytzC	Life Goes On	Oliver Tree	4	#84bd00	2021-09-16	Viral 50	is
5fwSHlTEWpluwOM0Sxnh5k	Pepas	Farruko	5	#84bd00	2021-09-16	Viral 50	is
1uMHCAyGmHqyygoNRuo7MV	edamame (feat. Rich Brian)	bbno$	6	#bd3200	2021-09-16	Viral 50	is
1EYeZGTMCjV7uVey5fNWXM	love nwantiti (feat. ElGrande Toto) - North African Remix	CKay, ElGrandeToto	7	#84bd00	2021-09-16	Viral 50	is
2prnn41CblB8B4yWACDljP	Love Tonight - David Guetta Remix Edit	Shouse	8	#bd3200	2021-09-16	Viral 50	is
0qXP5fMhxGzxALOkXYUxfP	Loverboy	A-Wall	9	#3e3e40	2021-09-16	Viral 50	is
1is8gU4RVcN4J8xItxWoOY	I GUESS I'M IN LOVE	Clinton Kane	10	#bd3200	2021-09-16	Viral 50	is
2eppXfCeR7XaX7x2zkCBIw	Mér er drull	FLOTT	11	#84bd00	2021-09-16	Viral 50	is
02MWAaffLxlfxAUY7c5dvx	Heat Waves	Glass Animals	12	#bd3200	2021-09-16	Viral 50	is
07MDkzWARZaLEdKxo6yArG	Meet Me At Our Spot	THE ANXIETY, WILLOW, Tyler Cole	13	#3e3e40	2021-09-16	Viral 50	is
2USlegnFJLrVLpoVfPimKB	Thunder	Gabry Ponte, LUM!X, Prezioso	14	#bd3200	2021-09-16	Viral 50	is
37y7iDayfwm3WXn5BiAoRk	Dark Red	Steve Lacy	15	#bd3200	2021-09-16	Viral 50	is
4ka1FkKAMde6dQAFFMXKac	i hope ur miserable until ur dead	Nessa Barrett	16	#84bd00	2021-09-16	Viral 50	is
6Uj1ctrBOjOas8xZXGqKk4	Woman	Doja Cat	17	#bd3200	2021-09-16	Viral 50	is
3NqBxTOMCJ3zW9CIP51td4	Jugaste y Sufrí	Eslabon Armado, DannyLux	18	#bd3200	2021-09-16	Viral 50	is
1q0PYXTbDsirp2l74ng6pn	In Da Getto	J Balvin, Skrillex	19	#84bd00	2021-09-16	Viral 50	is
27NovPIUIRrOZoCHxABJwK	INDUSTRY BABY (feat. Jack Harlow)	Lil Nas X	20	#84bd00	2021-09-16	Viral 50	is
4RVwu0g32PAqgUiJoXsdF8	Happier Than Ever	Billie Eilish	21	#bd3200	2021-09-16	Viral 50	is
6OTKVgVpVaVjhRLYizPJKA	Just for me	PinkPantheress	22	#bd3200	2021-09-16	Viral 50	is
7rYCenkV4OXJgiUuKrhDCb	Beethoven	Kenndog	23	#84bd00	2021-09-16	Viral 50	is
0mJBiaODgK0XjOLCN5fItq	Like I Can	Sam Smith	24	#bd3200	2021-09-16	Viral 50	is
3qj4vBQO1SWIdLFJRr2nHb	F.C.K (feat. Aron Can)	Birnir	25	#bd3200	2021-09-16	Viral 50	is
1sx0XsWUusUoPstbvokZjP	A-O-K	Tai Verdes	26	#84bd00	2021-09-16	Viral 50	is
1MZtr7IH5qtjIkqrXj8WOJ	Essence (feat. Justin Bieber & Tems)	WizKid	27	#84bd00	2021-09-16	Viral 50	is
5PjdY0CKGZdEuoNab3yDmX	STAY (with Justin Bieber)	The Kid LAROI	28	#bd3200	2021-09-16	Viral 50	is
2mC33mxgLJN3IT65MGN3B0	Nothing Else Matters	Miley Cyrus, WATT, Elton John, Yo-Yo Ma, Robert Trujillo, Chad Smith	29	#84bd00	2021-09-16	Viral 50	is
4gvrJnKCKIPiacNsWVQwEU	love nwantiti (feat. Dj Yo! & AX'EL) - Remix	CKay	30	#4687d7	2021-09-16	Viral 50	is
6Dy1jexKYriXAVG6evyUTJ	OUT OUT (feat. Charli XCX & Saweetie)	Joel Corry, Jax Jones	31	#4687d7	2021-09-16	Viral 50	is
7sq2z9oX2S0CvgTqCZ0ko4	Strange	Celeste	32	#3e3e40	2021-09-16	Viral 50	is
4Go2u6SexdY2Qxo0oHMIzE	Wid It	Tion Wayne, ArrDee	33	#84bd00	2021-09-16	Viral 50	is
6OufwUcCqo81guU2jAlDVP	Love Tonight - Edit	Shouse	34	#bd3200	2021-09-16	Viral 50	is
0z8hI3OPS8ADPWtoCjjLl6	Summer of Love (Shawn Mendes & Tainy)	Shawn Mendes	35	#3e3e40	2021-09-16	Viral 50	is
1058fW9H3fZA6QjYCdOBad	Don't Go Yet	Camila Cabello	36	#3e3e40	2021-09-16	Viral 50	is
0zO8ctW0UiuOefR87OeJOZ	Collard Greens	ScHoolboy Q, Kendrick Lamar	37	#84bd00	2021-09-16	Viral 50	is
5NWPKgXfMhFZyPqNQ8Kt2C	Veiðimaður (feat. THØR & Bjørn)	Ingi Bauer	38	#bd3200	2021-09-16	Viral 50	is
44V6EzbUSYgyfsNiP0FrlA	Visiting Hours	Ed Sheeran	39	#bd3200	2021-09-16	Viral 50	is
0dd4ONt81AsGdX0TYFPHfI	Seinna meir	Bylgjan, Bubbi Morthens, Friðrik Dór, Jóhanna Guðrún, Elísabet, Jón Jónsson, Regína Ósk, Sigga Beinteins, Helgi Björnsson	40	#3e3e40	2021-09-16	Viral 50	is
6PQ88X9TkUIAUIZJHW2upE	Bad Habits	Ed Sheeran	41	#4687d7	2021-09-16	Viral 50	is
6SO4GbNZMa8lFx0Lvl1RcX	Vertu úlfur - Titillag	Emilíana Torrini	42	#bd3200	2021-09-16	Viral 50	is
0Fs9cdPDhptWEDJmiCbkEW	She Knows (feat. Amber Coffman & Cults)	J. Cole	43	#bd3200	2021-09-16	Viral 50	is
3koCCeSaVUyrRo3N2gHrd8	Let's Groove	Earth, Wind & Fire	44	#bd3200	2021-09-16	Viral 50	is
4XvcHTUfIlWfyJTRG0aqlo	2055	Sleepy Hallow	45	#4687d7	2021-09-16	Viral 50	is
0zCgWGmDF0aih5qexATyBn	After Dark	Mr.Kitty	46	#bd3200	2021-09-16	Viral 50	is
30QR0ndUdiiMQMA9g1PGCm	...And to Those I Love, Thanks for Sticking Around	$uicideboy$	47	#4687d7	2021-09-16	Viral 50	is
44xO8889yUQHn70P73NILS	Believe Me	Navos	48	#bd3200	2021-09-16	Viral 50	is
7LReyvrox0PUfUzAcz6z0O	HEITI KING	Þjóðleikhúsið, EBBA, CYBER	49	#4687d7	2021-09-16	Viral 50	is
5svL1PkWw8hPEAOdTNLexy	Paralyzed	Sueco	50	#bd3200	2021-09-16	Viral 50	is
2Xr1dTzJee307rmrkt8c0g	love nwantiti (ah ah ah)	CKay	1	#3e3e40	2021-09-17	Viral 50	is
6zSpb8dQRaw0M1dK8PBwQz	Cold Heart - PNAU Remix	Elton John, Dua Lipa	2	#3e3e40	2021-09-17	Viral 50	is
5fwSHlTEWpluwOM0Sxnh5k	Pepas	Farruko	3	#84bd00	2021-09-17	Viral 50	is
0eu4C55hL6x29mmeAjytzC	Life Goes On	Oliver Tree	4	#3e3e40	2021-09-17	Viral 50	is
65xW3k84PJoqr7HNe3IyTn	Þegar ég verð 36	FLOTT	5	#bd3200	2021-09-17	Viral 50	is
1uMHCAyGmHqyygoNRuo7MV	edamame (feat. Rich Brian)	bbno$	6	#3e3e40	2021-09-17	Viral 50	is
1EYeZGTMCjV7uVey5fNWXM	love nwantiti (feat. ElGrande Toto) - North African Remix	CKay, ElGrandeToto	7	#3e3e40	2021-09-17	Viral 50	is
2prnn41CblB8B4yWACDljP	Love Tonight - David Guetta Remix Edit	Shouse	8	#3e3e40	2021-09-17	Viral 50	is
02MWAaffLxlfxAUY7c5dvx	Heat Waves	Glass Animals	9	#84bd00	2021-09-17	Viral 50	is
2eppXfCeR7XaX7x2zkCBIw	Mér er drull	FLOTT	10	#84bd00	2021-09-17	Viral 50	is
37y7iDayfwm3WXn5BiAoRk	Dark Red	Steve Lacy	11	#84bd00	2021-09-17	Viral 50	is
0qXP5fMhxGzxALOkXYUxfP	Loverboy	A-Wall	12	#bd3200	2021-09-17	Viral 50	is
2USlegnFJLrVLpoVfPimKB	Thunder	Gabry Ponte, LUM!X, Prezioso	13	#84bd00	2021-09-17	Viral 50	is
5Z9KJZvQzH6PFmb8SNkxuk	INDUSTRY BABY (feat. Jack Harlow)	Lil Nas X	14	#84bd00	2021-09-17	Viral 50	is
4RVwu0g32PAqgUiJoXsdF8	Happier Than Ever	Billie Eilish	15	#84bd00	2021-09-17	Viral 50	is
0mJBiaODgK0XjOLCN5fItq	Like I Can	Sam Smith	16	#84bd00	2021-09-17	Viral 50	is
4gvrJnKCKIPiacNsWVQwEU	love nwantiti (feat. Dj Yo! & AX'EL) - Remix	CKay	17	#84bd00	2021-09-17	Viral 50	is
6OTKVgVpVaVjhRLYizPJKA	Just for me	PinkPantheress	18	#84bd00	2021-09-17	Viral 50	is
1is8gU4RVcN4J8xItxWoOY	I GUESS I'M IN LOVE	Clinton Kane	19	#bd3200	2021-09-17	Viral 50	is
07MDkzWARZaLEdKxo6yArG	Meet Me At Our Spot	THE ANXIETY, WILLOW, Tyler Cole	20	#bd3200	2021-09-17	Viral 50	is
6Dy1jexKYriXAVG6evyUTJ	OUT OUT (feat. Charli XCX & Saweetie)	Joel Corry, Jax Jones	21	#84bd00	2021-09-17	Viral 50	is
6Uj1ctrBOjOas8xZXGqKk4	Woman	Doja Cat	22	#bd3200	2021-09-17	Viral 50	is
7rYCenkV4OXJgiUuKrhDCb	Beethoven	Kenndog	23	#3e3e40	2021-09-17	Viral 50	is
1q0PYXTbDsirp2l74ng6pn	In Da Getto	J Balvin, Skrillex	24	#bd3200	2021-09-17	Viral 50	is
5svL1PkWw8hPEAOdTNLexy	Paralyzed	Sueco	25	#84bd00	2021-09-17	Viral 50	is
3qj4vBQO1SWIdLFJRr2nHb	F.C.K (feat. Aron Can)	Birnir	26	#bd3200	2021-09-17	Viral 50	is
5PjdY0CKGZdEuoNab3yDmX	STAY (with Justin Bieber)	The Kid LAROI	27	#84bd00	2021-09-17	Viral 50	is
6OufwUcCqo81guU2jAlDVP	Love Tonight - Edit	Shouse	28	#84bd00	2021-09-17	Viral 50	is
3NqBxTOMCJ3zW9CIP51td4	Jugaste y Sufrí	Eslabon Armado, DannyLux	29	#bd3200	2021-09-17	Viral 50	is
4XvcHTUfIlWfyJTRG0aqlo	2055	Sleepy Hallow	30	#84bd00	2021-09-17	Viral 50	is
44V6EzbUSYgyfsNiP0FrlA	Visiting Hours	Ed Sheeran	31	#84bd00	2021-09-17	Viral 50	is
2mC33mxgLJN3IT65MGN3B0	Nothing Else Matters	Miley Cyrus, WATT, Elton John, Yo-Yo Ma, Robert Trujillo, Chad Smith	32	#bd3200	2021-09-17	Viral 50	is
7sq2z9oX2S0CvgTqCZ0ko4	Strange	Celeste	33	#bd3200	2021-09-17	Viral 50	is
0zCgWGmDF0aih5qexATyBn	After Dark	Mr.Kitty	34	#84bd00	2021-09-17	Viral 50	is
0z8hI3OPS8ADPWtoCjjLl6	Summer of Love (Shawn Mendes & Tainy)	Shawn Mendes	35	#3e3e40	2021-09-17	Viral 50	is
0bI7K9Becu2dtXK1Q3cZNB	Don't Be Shy	Tiësto, KAROL G	36	#4687d7	2021-09-17	Viral 50	is
1sx0XsWUusUoPstbvokZjP	A-O-K	Tai Verdes	37	#bd3200	2021-09-17	Viral 50	is
5NWPKgXfMhFZyPqNQ8Kt2C	Veiðimaður (feat. THØR & Bjørn)	Ingi Bauer	38	#3e3e40	2021-09-17	Viral 50	is
5VVznM65c8WDK4MQrubfO2	Drink Beer	Bassbrain, Dirty Workz	39	#4687d7	2021-09-17	Viral 50	is
4ka1FkKAMde6dQAFFMXKac	i hope ur miserable until ur dead	Nessa Barrett	40	#bd3200	2021-09-17	Viral 50	is
6qI8FI7aVLh25sZQ5gl0Kg	No Coffee at the Funeral	Vök	41	#4687d7	2021-09-17	Viral 50	is
6PQ88X9TkUIAUIZJHW2upE	Bad Habits	Ed Sheeran	42	#bd3200	2021-09-17	Viral 50	is
0dd4ONt81AsGdX0TYFPHfI	Seinna meir	Bylgjan, Bubbi Morthens, Friðrik Dór, Jóhanna Guðrún, Elísabet, Jón Jónsson, Regína Ósk, Sigga Beinteins, Helgi Björnsson	43	#bd3200	2021-09-17	Viral 50	is
0Fs9cdPDhptWEDJmiCbkEW	She Knows (feat. Amber Coffman & Cults)	J. Cole	44	#bd3200	2021-09-17	Viral 50	is
1olCzMxaeiQKNO64ssWVGr	Talk About	Rain Radio, DJ Craig Gorman	45	#4687d7	2021-09-17	Viral 50	is
1058fW9H3fZA6QjYCdOBad	Don't Go Yet	Camila Cabello	46	#bd3200	2021-09-17	Viral 50	is
3DQRe4gHJOY4ufHBZr2jUF	Wid It	Tion Wayne, ArrDee	47	#bd3200	2021-09-17	Viral 50	is
30QR0ndUdiiMQMA9g1PGCm	...And to Those I Love, Thanks for Sticking Around	$uicideboy$	48	#bd3200	2021-09-17	Viral 50	is
3uUuGVFu1V7jTQL60S1r8z	Where Are You Now	Lost Frequencies, Calum Scott	49	#4687d7	2021-09-17	Viral 50	is
4s6vwFgPdCtidpEw8KuQT6	REPEAT IT (with Gunna)	Lil Tecca	50	#4687d7	2021-09-17	Viral 50	is
2Xr1dTzJee307rmrkt8c0g	love nwantiti (ah ah ah)	CKay	1	#3e3e40	2021-09-18	Viral 50	is
6zSpb8dQRaw0M1dK8PBwQz	Cold Heart - PNAU Remix	Elton John, Dua Lipa	2	#3e3e40	2021-09-18	Viral 50	is
5fwSHlTEWpluwOM0Sxnh5k	Pepas	Farruko	3	#3e3e40	2021-09-18	Viral 50	is
0eu4C55hL6x29mmeAjytzC	Life Goes On	Oliver Tree	4	#3e3e40	2021-09-18	Viral 50	is
1EYeZGTMCjV7uVey5fNWXM	love nwantiti (feat. ElGrande Toto) - North African Remix	CKay, ElGrandeToto	5	#84bd00	2021-09-18	Viral 50	is
65xW3k84PJoqr7HNe3IyTn	Þegar ég verð 36	FLOTT	6	#bd3200	2021-09-18	Viral 50	is
1uMHCAyGmHqyygoNRuo7MV	edamame (feat. Rich Brian)	bbno$	7	#bd3200	2021-09-18	Viral 50	is
37y7iDayfwm3WXn5BiAoRk	Dark Red	Steve Lacy	8	#84bd00	2021-09-18	Viral 50	is
02MWAaffLxlfxAUY7c5dvx	Heat Waves	Glass Animals	9	#3e3e40	2021-09-18	Viral 50	is
4gvrJnKCKIPiacNsWVQwEU	love nwantiti (feat. Dj Yo! & AX'EL) - Remix	CKay	10	#84bd00	2021-09-18	Viral 50	is
5Z9KJZvQzH6PFmb8SNkxuk	INDUSTRY BABY (feat. Jack Harlow)	Lil Nas X	11	#84bd00	2021-09-18	Viral 50	is
2prnn41CblB8B4yWACDljP	Love Tonight - David Guetta Remix Edit	Shouse	12	#bd3200	2021-09-18	Viral 50	is
0mJBiaODgK0XjOLCN5fItq	Like I Can	Sam Smith	13	#84bd00	2021-09-18	Viral 50	is
2USlegnFJLrVLpoVfPimKB	Thunder	Gabry Ponte, LUM!X, Prezioso	14	#bd3200	2021-09-18	Viral 50	is
2eppXfCeR7XaX7x2zkCBIw	Mér er drull	FLOTT	15	#bd3200	2021-09-18	Viral 50	is
7rYCenkV4OXJgiUuKrhDCb	Beethoven	Kenndog	16	#84bd00	2021-09-18	Viral 50	is
4XvcHTUfIlWfyJTRG0aqlo	2055	Sleepy Hallow	17	#84bd00	2021-09-18	Viral 50	is
6Uj1ctrBOjOas8xZXGqKk4	Woman	Doja Cat	18	#84bd00	2021-09-18	Viral 50	is
07MDkzWARZaLEdKxo6yArG	Meet Me At Our Spot	THE ANXIETY, WILLOW, Tyler Cole	19	#84bd00	2021-09-18	Viral 50	is
5PjdY0CKGZdEuoNab3yDmX	STAY (with Justin Bieber)	The Kid LAROI	20	#84bd00	2021-09-18	Viral 50	is
1is8gU4RVcN4J8xItxWoOY	I GUESS I'M IN LOVE	Clinton Kane	21	#bd3200	2021-09-18	Viral 50	is
4RVwu0g32PAqgUiJoXsdF8	Happier Than Ever	Billie Eilish	22	#bd3200	2021-09-18	Viral 50	is
5svL1PkWw8hPEAOdTNLexy	Paralyzed	Sueco	23	#84bd00	2021-09-18	Viral 50	is
1q0PYXTbDsirp2l74ng6pn	In Da Getto	J Balvin, Skrillex	24	#3e3e40	2021-09-18	Viral 50	is
0qXP5fMhxGzxALOkXYUxfP	Loverboy	A-Wall	25	#bd3200	2021-09-18	Viral 50	is
6OufwUcCqo81guU2jAlDVP	Love Tonight - Edit	Shouse	26	#84bd00	2021-09-18	Viral 50	is
3qj4vBQO1SWIdLFJRr2nHb	F.C.K (feat. Aron Can)	Birnir	27	#bd3200	2021-09-18	Viral 50	is
4ka1FkKAMde6dQAFFMXKac	i hope ur miserable until ur dead	Nessa Barrett	28	#84bd00	2021-09-18	Viral 50	is
6PQ88X9TkUIAUIZJHW2upE	Bad Habits	Ed Sheeran	29	#84bd00	2021-09-18	Viral 50	is
3NqBxTOMCJ3zW9CIP51td4	Jugaste y Sufrí	Eslabon Armado, DannyLux	30	#bd3200	2021-09-18	Viral 50	is
5VVznM65c8WDK4MQrubfO2	Drink Beer	Bassbrain, Dirty Workz	31	#84bd00	2021-09-18	Viral 50	is
6Dy1jexKYriXAVG6evyUTJ	OUT OUT (feat. Charli XCX & Saweetie)	Joel Corry, Jax Jones	32	#bd3200	2021-09-18	Viral 50	is
6qI8FI7aVLh25sZQ5gl0Kg	No Coffee at the Funeral	Vök	33	#84bd00	2021-09-18	Viral 50	is
6OTKVgVpVaVjhRLYizPJKA	Just for me	PinkPantheress	34	#bd3200	2021-09-18	Viral 50	is
1olCzMxaeiQKNO64ssWVGr	Talk About	Rain Radio, DJ Craig Gorman	35	#84bd00	2021-09-18	Viral 50	is
0z8hI3OPS8ADPWtoCjjLl6	Summer of Love (Shawn Mendes & Tainy)	Shawn Mendes	36	#bd3200	2021-09-18	Viral 50	is
1sx0XsWUusUoPstbvokZjP	A-O-K	Tai Verdes	37	#3e3e40	2021-09-18	Viral 50	is
44V6EzbUSYgyfsNiP0FrlA	Visiting Hours	Ed Sheeran	38	#bd3200	2021-09-18	Viral 50	is
0dd4ONt81AsGdX0TYFPHfI	Seinna meir	Bylgjan, Bubbi Morthens, Friðrik Dór, Jóhanna Guðrún, Elísabet, Jón Jónsson, Regína Ósk, Sigga Beinteins, Helgi Björnsson	39	#84bd00	2021-09-18	Viral 50	is
2mC33mxgLJN3IT65MGN3B0	Nothing Else Matters	Miley Cyrus, WATT, Elton John, Yo-Yo Ma, Robert Trujillo, Chad Smith	40	#bd3200	2021-09-18	Viral 50	is
0Fs9cdPDhptWEDJmiCbkEW	She Knows (feat. Amber Coffman & Cults)	J. Cole	41	#84bd00	2021-09-18	Viral 50	is
5NWPKgXfMhFZyPqNQ8Kt2C	Veiðimaður (feat. THØR & Bjørn)	Ingi Bauer	42	#bd3200	2021-09-18	Viral 50	is
3DQRe4gHJOY4ufHBZr2jUF	Wid It	Tion Wayne, ArrDee	43	#84bd00	2021-09-18	Viral 50	is
0zCgWGmDF0aih5qexATyBn	After Dark	Mr.Kitty	44	#bd3200	2021-09-18	Viral 50	is
4s6vwFgPdCtidpEw8KuQT6	REPEAT IT (with Gunna)	Lil Tecca	45	#84bd00	2021-09-18	Viral 50	is
3uUuGVFu1V7jTQL60S1r8z	Where Are You Now	Lost Frequencies, Calum Scott	46	#84bd00	2021-09-18	Viral 50	is
5bzSQWaQq0AKxaMbuwLxwv	frikki dór 2012	ClubDub, Mambakid	47	#4687d7	2021-09-18	Viral 50	is
7LReyvrox0PUfUzAcz6z0O	HEITI KING	Þjóðleikhúsið, EBBA, CYBER	48	#4687d7	2021-09-18	Viral 50	is
1MZtr7IH5qtjIkqrXj8WOJ	Essence (feat. Justin Bieber & Tems)	WizKid	49	#4687d7	2021-09-18	Viral 50	is
0bI7K9Becu2dtXK1Q3cZNB	Don't Be Shy	Tiësto, KAROL G	50	#bd3200	2021-09-18	Viral 50	is
2Xr1dTzJee307rmrkt8c0g	love nwantiti (ah ah ah)	CKay	1	#3e3e40	2021-09-19	Viral 50	is
6zSpb8dQRaw0M1dK8PBwQz	Cold Heart - PNAU Remix	Elton John, Dua Lipa	2	#3e3e40	2021-09-19	Viral 50	is
5fwSHlTEWpluwOM0Sxnh5k	Pepas	Farruko	3	#3e3e40	2021-09-19	Viral 50	is
0eu4C55hL6x29mmeAjytzC	Life Goes On	Oliver Tree	4	#3e3e40	2021-09-19	Viral 50	is
1EYeZGTMCjV7uVey5fNWXM	love nwantiti (feat. ElGrande Toto) - North African Remix	CKay, ElGrandeToto	5	#3e3e40	2021-09-19	Viral 50	is
1uMHCAyGmHqyygoNRuo7MV	edamame (feat. Rich Brian)	bbno$	6	#84bd00	2021-09-19	Viral 50	is
4gvrJnKCKIPiacNsWVQwEU	love nwantiti (feat. Dj Yo! & AX'EL) - Remix	CKay	7	#84bd00	2021-09-19	Viral 50	is
65xW3k84PJoqr7HNe3IyTn	Þegar ég verð 36	FLOTT	8	#bd3200	2021-09-19	Viral 50	is
5Z9KJZvQzH6PFmb8SNkxuk	INDUSTRY BABY (feat. Jack Harlow)	Lil Nas X	9	#84bd00	2021-09-19	Viral 50	is
02MWAaffLxlfxAUY7c5dvx	Heat Waves	Glass Animals	10	#bd3200	2021-09-19	Viral 50	is
2prnn41CblB8B4yWACDljP	Love Tonight - David Guetta Remix Edit	Shouse	11	#84bd00	2021-09-19	Viral 50	is
37y7iDayfwm3WXn5BiAoRk	Dark Red	Steve Lacy	12	#bd3200	2021-09-19	Viral 50	is
2USlegnFJLrVLpoVfPimKB	Thunder	Gabry Ponte, LUM!X, Prezioso	13	#84bd00	2021-09-19	Viral 50	is
0mJBiaODgK0XjOLCN5fItq	Like I Can	Sam Smith	14	#bd3200	2021-09-19	Viral 50	is
4XvcHTUfIlWfyJTRG0aqlo	2055	Sleepy Hallow	15	#84bd00	2021-09-19	Viral 50	is
2eppXfCeR7XaX7x2zkCBIw	Mér er drull	FLOTT	16	#bd3200	2021-09-19	Viral 50	is
07MDkzWARZaLEdKxo6yArG	Meet Me At Our Spot	THE ANXIETY, WILLOW, Tyler Cole	17	#84bd00	2021-09-19	Viral 50	is
6Uj1ctrBOjOas8xZXGqKk4	Woman	Doja Cat	18	#3e3e40	2021-09-19	Viral 50	is
1is8gU4RVcN4J8xItxWoOY	I GUESS I'M IN LOVE	Clinton Kane	19	#84bd00	2021-09-19	Viral 50	is
3qj4vBQO1SWIdLFJRr2nHb	F.C.K (feat. Aron Can)	Birnir	20	#84bd00	2021-09-19	Viral 50	is
7rYCenkV4OXJgiUuKrhDCb	Beethoven	Kenndog	21	#bd3200	2021-09-19	Viral 50	is
5svL1PkWw8hPEAOdTNLexy	Paralyzed	Sueco	22	#84bd00	2021-09-19	Viral 50	is
5PjdY0CKGZdEuoNab3yDmX	STAY (with Justin Bieber)	The Kid LAROI	23	#bd3200	2021-09-19	Viral 50	is
6OufwUcCqo81guU2jAlDVP	Love Tonight - Edit	Shouse	24	#84bd00	2021-09-19	Viral 50	is
0V5cvmTKsYmF5FmGGEAfmS	Je te laisserai des mots	Patrick Watson	25	#4687d7	2021-09-19	Viral 50	is
4ka1FkKAMde6dQAFFMXKac	i hope ur miserable until ur dead	Nessa Barrett	26	#84bd00	2021-09-19	Viral 50	is
4RVwu0g32PAqgUiJoXsdF8	Happier Than Ever	Billie Eilish	27	#bd3200	2021-09-19	Viral 50	is
44V6EzbUSYgyfsNiP0FrlA	Visiting Hours	Ed Sheeran	28	#84bd00	2021-09-19	Viral 50	is
0Fs9cdPDhptWEDJmiCbkEW	She Knows (feat. Amber Coffman & Cults)	J. Cole	29	#84bd00	2021-09-19	Viral 50	is
6Dy1jexKYriXAVG6evyUTJ	OUT OUT (feat. Charli XCX & Saweetie)	Joel Corry, Jax Jones	30	#84bd00	2021-09-19	Viral 50	is
1q0PYXTbDsirp2l74ng6pn	In Da Getto	J Balvin, Skrillex	31	#bd3200	2021-09-19	Viral 50	is
1olCzMxaeiQKNO64ssWVGr	Talk About	Rain Radio, DJ Craig Gorman	32	#84bd00	2021-09-19	Viral 50	is
6OTKVgVpVaVjhRLYizPJKA	Just for me	PinkPantheress	33	#84bd00	2021-09-19	Viral 50	is
5VVznM65c8WDK4MQrubfO2	Drink Beer	Bassbrain, Dirty Workz	34	#bd3200	2021-09-19	Viral 50	is
0z8hI3OPS8ADPWtoCjjLl6	Summer of Love (Shawn Mendes & Tainy)	Shawn Mendes	35	#84bd00	2021-09-19	Viral 50	is
6PQ88X9TkUIAUIZJHW2upE	Bad Habits	Ed Sheeran	36	#bd3200	2021-09-19	Viral 50	is
1sx0XsWUusUoPstbvokZjP	A-O-K	Tai Verdes	37	#3e3e40	2021-09-19	Viral 50	is
3NqBxTOMCJ3zW9CIP51td4	Jugaste y Sufrí	Eslabon Armado, DannyLux	38	#bd3200	2021-09-19	Viral 50	is
5NWPKgXfMhFZyPqNQ8Kt2C	Veiðimaður (feat. THØR & Bjørn)	Ingi Bauer	39	#84bd00	2021-09-19	Viral 50	is
1Pq47iFLC5U7j8xeNiNcuS	It's My Party	Lesley Gore	40	#4687d7	2021-09-19	Viral 50	is
3DQRe4gHJOY4ufHBZr2jUF	Wid It	Tion Wayne, ArrDee	41	#84bd00	2021-09-19	Viral 50	is
0zCgWGmDF0aih5qexATyBn	After Dark	Mr.Kitty	42	#84bd00	2021-09-19	Viral 50	is
6qI8FI7aVLh25sZQ5gl0Kg	No Coffee at the Funeral	Vök	43	#bd3200	2021-09-19	Viral 50	is
2mC33mxgLJN3IT65MGN3B0	Nothing Else Matters	Miley Cyrus, WATT, Elton John, Yo-Yo Ma, Robert Trujillo, Chad Smith	44	#bd3200	2021-09-19	Viral 50	is
3uUuGVFu1V7jTQL60S1r8z	Where Are You Now	Lost Frequencies, Calum Scott	45	#84bd00	2021-09-19	Viral 50	is
7zx1i0jGcFwMBurajgKlO7	Black Magic	Jonasu	46	#4687d7	2021-09-19	Viral 50	is
1MZtr7IH5qtjIkqrXj8WOJ	Essence (feat. Justin Bieber & Tems)	WizKid	47	#84bd00	2021-09-19	Viral 50	is
5bzSQWaQq0AKxaMbuwLxwv	frikki dór 2012	ClubDub, Mambakid	48	#bd3200	2021-09-19	Viral 50	is
4s6vwFgPdCtidpEw8KuQT6	REPEAT IT (with Gunna)	Lil Tecca	49	#bd3200	2021-09-19	Viral 50	is
64F1Z2LAsf04V346A75hi1	I Ciebie też, bardzo (feat. Daria Zawiałow, Dawid Podsiadło & Vito Bambino)	Męskie Granie Orkiestra 2021	50	#4687d7	2021-09-19	Viral 50	is
2Xr1dTzJee307rmrkt8c0g	love nwantiti (ah ah ah)	CKay	1	#3e3e40	2021-09-20	Viral 50	is
6zSpb8dQRaw0M1dK8PBwQz	Cold Heart - PNAU Remix	Elton John, Dua Lipa	2	#3e3e40	2021-09-20	Viral 50	is
0eu4C55hL6x29mmeAjytzC	Life Goes On	Oliver Tree	3	#84bd00	2021-09-20	Viral 50	is
5fwSHlTEWpluwOM0Sxnh5k	Pepas	Farruko	4	#bd3200	2021-09-20	Viral 50	is
0RbW8kWozrVSIGb4V13o0o	Hurricane	Kanye West	5	#4687d7	2021-09-20	Viral 50	is
3QFInJAm9eyaho5vBzxInN	family ties (with Kendrick Lamar)	BaKeem	6	#4687d7	2021-09-20	Viral 50	is
1EYeZGTMCjV7uVey5fNWXM	love nwantiti (feat. ElGrande Toto) - North African Remix	CKay, ElGrandeToto	7	#bd3200	2021-09-20	Viral 50	is
4gvrJnKCKIPiacNsWVQwEU	love nwantiti (feat. Dj Yo! & AX'EL) - Remix	CKay	8	#bd3200	2021-09-20	Viral 50	is
1uMHCAyGmHqyygoNRuo7MV	edamame (feat. Rich Brian)	bbno$	9	#bd3200	2021-09-20	Viral 50	is
5Z9KJZvQzH6PFmb8SNkxuk	INDUSTRY BABY (feat. Jack Harlow)	Lil Nas X	10	#bd3200	2021-09-20	Viral 50	is
2Rd4eJ4KwXQQn2sMSToyUM	Moon	Kanye West	11	#4687d7	2021-09-20	Viral 50	is
65xW3k84PJoqr7HNe3IyTn	Þegar ég verð 36	FLOTT	12	#bd3200	2021-09-20	Viral 50	is
42ZrMq4BKsWDrrbMnMRYaK	Jail	Kanye West	13	#4687d7	2021-09-20	Viral 50	is
2prnn41CblB8B4yWACDljP	Love Tonight - David Guetta Remix Edit	Shouse	14	#bd3200	2021-09-20	Viral 50	is
37y7iDayfwm3WXn5BiAoRk	Dark Red	Steve Lacy	15	#bd3200	2021-09-20	Viral 50	is
02MWAaffLxlfxAUY7c5dvx	Heat Waves	Glass Animals	16	#bd3200	2021-09-20	Viral 50	is
07MDkzWARZaLEdKxo6yArG	Meet Me At Our Spot	THE ANXIETY, WILLOW, Tyler Cole	17	#3e3e40	2021-09-20	Viral 50	is
3J4VKkUpLvomXJbn9ZAypO	Sharing Locations (feat. Lil Baby & Lil Durk)	Meek Mill	18	#4687d7	2021-09-20	Viral 50	is
2gbMPBrBVj3CuNTLp2dHYs	Off The Grid	Kanye West	19	#4687d7	2021-09-20	Viral 50	is
0mJBiaODgK0XjOLCN5fItq	Like I Can	Sam Smith	20	#bd3200	2021-09-20	Viral 50	is
0V5cvmTKsYmF5FmGGEAfmS	Je te laisserai des mots	Patrick Watson	21	#84bd00	2021-09-20	Viral 50	is
4XvcHTUfIlWfyJTRG0aqlo	2055	Sleepy Hallow	22	#bd3200	2021-09-20	Viral 50	is
2eppXfCeR7XaX7x2zkCBIw	Mér er drull	FLOTT	23	#bd3200	2021-09-20	Viral 50	is
2USlegnFJLrVLpoVfPimKB	Thunder	Gabry Ponte, LUM!X, Prezioso	24	#bd3200	2021-09-20	Viral 50	is
5svL1PkWw8hPEAOdTNLexy	Paralyzed	Sueco	25	#bd3200	2021-09-20	Viral 50	is
3qj4vBQO1SWIdLFJRr2nHb	F.C.K (feat. Aron Can)	Birnir	26	#bd3200	2021-09-20	Viral 50	is
1olCzMxaeiQKNO64ssWVGr	Talk About	Rain Radio, DJ Craig Gorman	27	#84bd00	2021-09-20	Viral 50	is
7rYCenkV4OXJgiUuKrhDCb	Beethoven	Kenndog	28	#bd3200	2021-09-20	Viral 50	is
6SO4GbNZMa8lFx0Lvl1RcX	Vertu úlfur - Titillag	Emilíana Torrini	29	#4687d7	2021-09-20	Viral 50	is
6OTKVgVpVaVjhRLYizPJKA	Just for me	PinkPantheress	30	#84bd00	2021-09-20	Viral 50	is
7pOYYtkbNhBGWpPhpWl2ow	Camel by Camel - Mix Vocal	Sandy Marton	31	#4687d7	2021-09-20	Viral 50	is
3S7A85bAWOd6ltk6r2ANOI	U Are My High	DJ Snake	32	#4687d7	2021-09-20	Viral 50	is
5PjdY0CKGZdEuoNab3yDmX	STAY (with Justin Bieber)	The Kid LAROI	33	#bd3200	2021-09-20	Viral 50	is
3NqBxTOMCJ3zW9CIP51td4	Jugaste y Sufrí	Eslabon Armado, DannyLux	34	#84bd00	2021-09-20	Viral 50	is
6Uj1ctrBOjOas8xZXGqKk4	Woman	Doja Cat	35	#bd3200	2021-09-20	Viral 50	is
0VlzU2ReSS7qWjOCkWhTcV	Inní Mér	RÚN, Beta Ás, Rax Tungl	36	#4687d7	2021-09-20	Viral 50	is
5VVznM65c8WDK4MQrubfO2	Drink Beer	Bassbrain, Dirty Workz	37	#bd3200	2021-09-20	Viral 50	is
6OufwUcCqo81guU2jAlDVP	Love Tonight - Edit	Shouse	38	#bd3200	2021-09-20	Viral 50	is
4ka1FkKAMde6dQAFFMXKac	i hope ur miserable until ur dead	Nessa Barrett	39	#bd3200	2021-09-20	Viral 50	is
6Dy1jexKYriXAVG6evyUTJ	OUT OUT (feat. Charli XCX & Saweetie)	Joel Corry, Jax Jones	40	#bd3200	2021-09-20	Viral 50	is
1sx0XsWUusUoPstbvokZjP	A-O-K	Tai Verdes	41	#bd3200	2021-09-20	Viral 50	is
3DQRe4gHJOY4ufHBZr2jUF	Wid It	Tion Wayne, ArrDee	42	#bd3200	2021-09-20	Viral 50	is
44V6EzbUSYgyfsNiP0FrlA	Visiting Hours	Ed Sheeran	43	#bd3200	2021-09-20	Viral 50	is
6PQ88X9TkUIAUIZJHW2upE	Bad Habits	Ed Sheeran	44	#bd3200	2021-09-20	Viral 50	is
7uWdDOhI3wydISWM1AXN0M	My Potna Dem	$ilkMoney	45	#4687d7	2021-09-20	Viral 50	is
7zx1i0jGcFwMBurajgKlO7	Black Magic	Jonasu	46	#3e3e40	2021-09-20	Viral 50	is
30QR0ndUdiiMQMA9g1PGCm	...And to Those I Love, Thanks for Sticking Around	$uicideboy$	47	#4687d7	2021-09-20	Viral 50	is
5NWPKgXfMhFZyPqNQ8Kt2C	Veiðimaður (feat. THØR & Bjørn)	Ingi Bauer	48	#bd3200	2021-09-20	Viral 50	is
5bzSQWaQq0AKxaMbuwLxwv	frikki dór 2012	ClubDub, Mambakid	49	#bd3200	2021-09-20	Viral 50	is
6ATfeY4iVwD1Sz2pXF7x1n	Manstu (feat. JóiPé)	kef LAVÍK	50	#4687d7	2021-09-20	Viral 50	is
6zSpb8dQRaw0M1dK8PBwQz	Cold Heart - PNAU Remix	Elton John, Dua Lipa	1	#84bd00	2021-09-21	Viral 50	is
2Xr1dTzJee307rmrkt8c0g	love nwantiti (ah ah ah)	CKay	2	#bd3200	2021-09-21	Viral 50	is
0eu4C55hL6x29mmeAjytzC	Life Goes On	Oliver Tree	3	#3e3e40	2021-09-21	Viral 50	is
5fwSHlTEWpluwOM0Sxnh5k	Pepas	Farruko	4	#3e3e40	2021-09-21	Viral 50	is
0RbW8kWozrVSIGb4V13o0o	Hurricane	Kanye West	5	#3e3e40	2021-09-21	Viral 50	is
4gvrJnKCKIPiacNsWVQwEU	love nwantiti (feat. Dj Yo! & AX'EL) - Remix	CKay	6	#84bd00	2021-09-21	Viral 50	is
2Rd4eJ4KwXQQn2sMSToyUM	Moon	Kanye West	7	#84bd00	2021-09-21	Viral 50	is
1EYeZGTMCjV7uVey5fNWXM	love nwantiti (feat. ElGrande Toto) - North African Remix	CKay, ElGrandeToto	8	#bd3200	2021-09-21	Viral 50	is
3QFInJAm9eyaho5vBzxInN	family ties (with Kendrick Lamar)	BaKeem	9	#bd3200	2021-09-21	Viral 50	is
65xW3k84PJoqr7HNe3IyTn	Þegar ég verð 36	FLOTT	10	#84bd00	2021-09-21	Viral 50	is
5Z9KJZvQzH6PFmb8SNkxuk	INDUSTRY BABY (feat. Jack Harlow)	Lil Nas X	11	#bd3200	2021-09-21	Viral 50	is
4f2GB5ZC7vOUYPAg69N2Xw	September	Earth, Wind & Fire	12	#4687d7	2021-09-21	Viral 50	is
2prnn41CblB8B4yWACDljP	Love Tonight - David Guetta Remix Edit	Shouse	13	#84bd00	2021-09-21	Viral 50	is
37y7iDayfwm3WXn5BiAoRk	Dark Red	Steve Lacy	14	#84bd00	2021-09-21	Viral 50	is
02MWAaffLxlfxAUY7c5dvx	Heat Waves	Glass Animals	15	#84bd00	2021-09-21	Viral 50	is
1uMHCAyGmHqyygoNRuo7MV	edamame (feat. Rich Brian)	bbno$	16	#bd3200	2021-09-21	Viral 50	is
42ZrMq4BKsWDrrbMnMRYaK	Jail	Kanye West	17	#bd3200	2021-09-21	Viral 50	is
0V5cvmTKsYmF5FmGGEAfmS	Je te laisserai des mots	Patrick Watson	18	#84bd00	2021-09-21	Viral 50	is
3J4VKkUpLvomXJbn9ZAypO	Sharing Locations (feat. Lil Baby & Lil Durk)	Meek Mill	19	#bd3200	2021-09-21	Viral 50	is
0mJBiaODgK0XjOLCN5fItq	Like I Can	Sam Smith	20	#3e3e40	2021-09-21	Viral 50	is
2eppXfCeR7XaX7x2zkCBIw	Mér er drull	FLOTT	21	#84bd00	2021-09-21	Viral 50	is
6SO4GbNZMa8lFx0Lvl1RcX	Vertu úlfur - Titillag	Emilíana Torrini	22	#84bd00	2021-09-21	Viral 50	is
1is8gU4RVcN4J8xItxWoOY	I GUESS I'M IN LOVE	Clinton Kane	23	#4687d7	2021-09-21	Viral 50	is
4XvcHTUfIlWfyJTRG0aqlo	2055	Sleepy Hallow	24	#bd3200	2021-09-21	Viral 50	is
6OTKVgVpVaVjhRLYizPJKA	Just for me	PinkPantheress	25	#84bd00	2021-09-21	Viral 50	is
3qj4vBQO1SWIdLFJRr2nHb	F.C.K (feat. Aron Can)	Birnir	26	#3e3e40	2021-09-21	Viral 50	is
2USlegnFJLrVLpoVfPimKB	Thunder	Gabry Ponte, LUM!X, Prezioso	27	#bd3200	2021-09-21	Viral 50	is
2gbMPBrBVj3CuNTLp2dHYs	Off The Grid	Kanye West	28	#bd3200	2021-09-21	Viral 50	is
1olCzMxaeiQKNO64ssWVGr	Talk About	Rain Radio, DJ Craig Gorman	29	#bd3200	2021-09-21	Viral 50	is
7pOYYtkbNhBGWpPhpWl2ow	Camel by Camel - Mix Vocal	Sandy Marton	30	#84bd00	2021-09-21	Viral 50	is
5svL1PkWw8hPEAOdTNLexy	Paralyzed	Sueco	31	#bd3200	2021-09-21	Viral 50	is
7uWdDOhI3wydISWM1AXN0M	My Potna Dem	$ilkMoney	32	#84bd00	2021-09-21	Viral 50	is
3uUuGVFu1V7jTQL60S1r8z	Where Are You Now	Lost Frequencies, Calum Scott	33	#4687d7	2021-09-21	Viral 50	is
3S7A85bAWOd6ltk6r2ANOI	U Are My High	DJ Snake	34	#bd3200	2021-09-21	Viral 50	is
6ATfeY4iVwD1Sz2pXF7x1n	Manstu (feat. JóiPé)	kef LAVÍK	35	#84bd00	2021-09-21	Viral 50	is
4RVwu0g32PAqgUiJoXsdF8	Happier Than Ever	Billie Eilish	36	#4687d7	2021-09-21	Viral 50	is
6Uj1ctrBOjOas8xZXGqKk4	Woman	Doja Cat	37	#bd3200	2021-09-21	Viral 50	is
6OufwUcCqo81guU2jAlDVP	Love Tonight - Edit	Shouse	38	#3e3e40	2021-09-21	Viral 50	is
6Dy1jexKYriXAVG6evyUTJ	OUT OUT (feat. Charli XCX & Saweetie)	Joel Corry, Jax Jones	39	#84bd00	2021-09-21	Viral 50	is
5VVznM65c8WDK4MQrubfO2	Drink Beer	Bassbrain, Dirty Workz	40	#bd3200	2021-09-21	Viral 50	is
3DQRe4gHJOY4ufHBZr2jUF	Wid It	Tion Wayne, ArrDee	41	#84bd00	2021-09-21	Viral 50	is
44V6EzbUSYgyfsNiP0FrlA	Visiting Hours	Ed Sheeran	42	#84bd00	2021-09-21	Viral 50	is
5PjdY0CKGZdEuoNab3yDmX	STAY (with Justin Bieber)	The Kid LAROI	43	#bd3200	2021-09-21	Viral 50	is
7LReyvrox0PUfUzAcz6z0O	HEITI KING	Þjóðleikhúsið, EBBA, CYBER	44	#4687d7	2021-09-21	Viral 50	is
4F6yN5FsFW10Ucx7cLCzBh	Ready (feat. Gunna)	Lil Baby	45	#4687d7	2021-09-21	Viral 50	is
7zx1i0jGcFwMBurajgKlO7	Black Magic	Jonasu	46	#3e3e40	2021-09-21	Viral 50	is
0z8hI3OPS8ADPWtoCjjLl6	Summer of Love (Shawn Mendes & Tainy)	Shawn Mendes	47	#4687d7	2021-09-21	Viral 50	is
7rYCenkV4OXJgiUuKrhDCb	Beethoven	Kenndog	48	#bd3200	2021-09-21	Viral 50	is
2BHj31ufdEqVK5CkYDp9mA	Mayonaka no Door / Stay With Me	Miki Matsubara	49	#4687d7	2021-09-21	Viral 50	is
6PQ88X9TkUIAUIZJHW2upE	Bad Habits	Ed Sheeran	50	#bd3200	2021-09-21	Viral 50	is
6zSpb8dQRaw0M1dK8PBwQz	Cold Heart - PNAU Remix	Elton John, Dua Lipa	1	#3e3e40	2021-09-22	Viral 50	is
2Xr1dTzJee307rmrkt8c0g	love nwantiti (ah ah ah)	CKay	2	#3e3e40	2021-09-22	Viral 50	is
0eu4C55hL6x29mmeAjytzC	Life Goes On	Oliver Tree	3	#3e3e40	2021-09-22	Viral 50	is
5fwSHlTEWpluwOM0Sxnh5k	Pepas	Farruko	4	#3e3e40	2021-09-22	Viral 50	is
0RbW8kWozrVSIGb4V13o0o	Hurricane	Kanye West	5	#3e3e40	2021-09-22	Viral 50	is
3QFInJAm9eyaho5vBzxInN	family ties (with Kendrick Lamar)	BaKeem	6	#84bd00	2021-09-22	Viral 50	is
4gvrJnKCKIPiacNsWVQwEU	love nwantiti (feat. Dj Yo! & AX'EL) - Remix	CKay	7	#bd3200	2021-09-22	Viral 50	is
5Z9KJZvQzH6PFmb8SNkxuk	INDUSTRY BABY (feat. Jack Harlow)	Lil Nas X	8	#84bd00	2021-09-22	Viral 50	is
2prnn41CblB8B4yWACDljP	Love Tonight - David Guetta Remix Edit	Shouse	9	#84bd00	2021-09-22	Viral 50	is
1is8gU4RVcN4J8xItxWoOY	I GUESS I'M IN LOVE	Clinton Kane	10	#84bd00	2021-09-22	Viral 50	is
4f2GB5ZC7vOUYPAg69N2Xw	September	Earth, Wind & Fire	11	#84bd00	2021-09-22	Viral 50	is
2Rd4eJ4KwXQQn2sMSToyUM	Moon	Kanye West	12	#bd3200	2021-09-22	Viral 50	is
65xW3k84PJoqr7HNe3IyTn	Þegar ég verð 36	FLOTT	13	#bd3200	2021-09-22	Viral 50	is
37y7iDayfwm3WXn5BiAoRk	Dark Red	Steve Lacy	14	#3e3e40	2021-09-22	Viral 50	is
1uMHCAyGmHqyygoNRuo7MV	edamame (feat. Rich Brian)	bbno$	15	#84bd00	2021-09-22	Viral 50	is
02MWAaffLxlfxAUY7c5dvx	Heat Waves	Glass Animals	16	#bd3200	2021-09-22	Viral 50	is
0V5cvmTKsYmF5FmGGEAfmS	Je te laisserai des mots	Patrick Watson	17	#84bd00	2021-09-22	Viral 50	is
42ZrMq4BKsWDrrbMnMRYaK	Jail	Kanye West	18	#bd3200	2021-09-22	Viral 50	is
1EYeZGTMCjV7uVey5fNWXM	love nwantiti (feat. ElGrande Toto) - North African Remix	CKay, ElGrandeToto	19	#bd3200	2021-09-22	Viral 50	is
3J4VKkUpLvomXJbn9ZAypO	Sharing Locations (feat. Lil Baby & Lil Durk)	Meek Mill	20	#bd3200	2021-09-22	Viral 50	is
0mJBiaODgK0XjOLCN5fItq	Like I Can	Sam Smith	21	#bd3200	2021-09-22	Viral 50	is
7pOYYtkbNhBGWpPhpWl2ow	Camel by Camel - Mix Vocal	Sandy Marton	22	#84bd00	2021-09-22	Viral 50	is
4XvcHTUfIlWfyJTRG0aqlo	2055	Sleepy Hallow	23	#84bd00	2021-09-22	Viral 50	is
6SO4GbNZMa8lFx0Lvl1RcX	Vertu úlfur - Titillag	Emilíana Torrini	24	#bd3200	2021-09-22	Viral 50	is
3uUuGVFu1V7jTQL60S1r8z	Where Are You Now	Lost Frequencies, Calum Scott	25	#84bd00	2021-09-22	Viral 50	is
3qj4vBQO1SWIdLFJRr2nHb	F.C.K (feat. Aron Can)	Birnir	26	#3e3e40	2021-09-22	Viral 50	is
5svL1PkWw8hPEAOdTNLexy	Paralyzed	Sueco	27	#84bd00	2021-09-22	Viral 50	is
4RVwu0g32PAqgUiJoXsdF8	Happier Than Ever	Billie Eilish	28	#84bd00	2021-09-22	Viral 50	is
1olCzMxaeiQKNO64ssWVGr	Talk About	Rain Radio, DJ Craig Gorman	29	#3e3e40	2021-09-22	Viral 50	is
6Uj1ctrBOjOas8xZXGqKk4	Woman	Doja Cat	30	#84bd00	2021-09-22	Viral 50	is
2gbMPBrBVj3CuNTLp2dHYs	Off The Grid	Kanye West	31	#bd3200	2021-09-22	Viral 50	is
7sq2z9oX2S0CvgTqCZ0ko4	Strange	Celeste	32	#4687d7	2021-09-22	Viral 50	is
5PjdY0CKGZdEuoNab3yDmX	STAY (with Justin Bieber)	The Kid LAROI	33	#84bd00	2021-09-22	Viral 50	is
6OTKVgVpVaVjhRLYizPJKA	Just for me	PinkPantheress	34	#bd3200	2021-09-22	Viral 50	is
7uWdDOhI3wydISWM1AXN0M	My Potna Dem	$ilkMoney	35	#bd3200	2021-09-22	Viral 50	is
2USlegnFJLrVLpoVfPimKB	Thunder	Gabry Ponte, LUM!X, Prezioso	36	#bd3200	2021-09-22	Viral 50	is
2eppXfCeR7XaX7x2zkCBIw	Mér er drull	FLOTT	37	#bd3200	2021-09-22	Viral 50	is
3S7A85bAWOd6ltk6r2ANOI	U Are My High	DJ Snake	38	#bd3200	2021-09-22	Viral 50	is
0xfMlIW8lS40qvpsUw1l0X	Never Going Home	Kungs	39	#4687d7	2021-09-22	Viral 50	is
6Dy1jexKYriXAVG6evyUTJ	OUT OUT (feat. Charli XCX & Saweetie)	Joel Corry, Jax Jones	40	#bd3200	2021-09-22	Viral 50	is
4ka1FkKAMde6dQAFFMXKac	i hope ur miserable until ur dead	Nessa Barrett	41	#4687d7	2021-09-22	Viral 50	is
3DQRe4gHJOY4ufHBZr2jUF	Wid It	Tion Wayne, ArrDee	42	#bd3200	2021-09-22	Viral 50	is
5NWPKgXfMhFZyPqNQ8Kt2C	Veiðimaður (feat. THØR & Bjørn)	Ingi Bauer	43	#4687d7	2021-09-22	Viral 50	is
4F6yN5FsFW10Ucx7cLCzBh	Ready (feat. Gunna)	Lil Baby	44	#84bd00	2021-09-22	Viral 50	is
7zx1i0jGcFwMBurajgKlO7	Black Magic	Jonasu	45	#84bd00	2021-09-22	Viral 50	is
7LReyvrox0PUfUzAcz6z0O	HEITI KING	Þjóðleikhúsið, EBBA, CYBER	46	#bd3200	2021-09-22	Viral 50	is
0z8hI3OPS8ADPWtoCjjLl6	Summer of Love (Shawn Mendes & Tainy)	Shawn Mendes	47	#3e3e40	2021-09-22	Viral 50	is
7rYCenkV4OXJgiUuKrhDCb	Beethoven	Kenndog	48	#3e3e40	2021-09-22	Viral 50	is
7wpyrkjEgz7W1vNYDxMKrF	GYALIS	Capella Grey	49	#4687d7	2021-09-22	Viral 50	is
24yBHw5zsy4G4Su8oRzCom	Auf der Heide blüht ein kleines Blümelein	Der Soldatenchor und das grosse Blasorchester des Kameradschaftsbundes Frankfurt	50	#4687d7	2021-09-22	Viral 50	is
6zSpb8dQRaw0M1dK8PBwQz	Cold Heart - PNAU Remix	Elton John, Dua Lipa	1	#3e3e40	2021-09-23	Viral 50	is
2Xr1dTzJee307rmrkt8c0g	love nwantiti (ah ah ah)	CKay	2	#3e3e40	2021-09-23	Viral 50	is
0eu4C55hL6x29mmeAjytzC	Life Goes On	Oliver Tree	3	#3e3e40	2021-09-23	Viral 50	is
5fwSHlTEWpluwOM0Sxnh5k	Pepas	Farruko	4	#3e3e40	2021-09-23	Viral 50	is
0RbW8kWozrVSIGb4V13o0o	Hurricane	Kanye West	5	#3e3e40	2021-09-23	Viral 50	is
4gvrJnKCKIPiacNsWVQwEU	love nwantiti (feat. Dj Yo! & AX'EL) - Remix	CKay	6	#84bd00	2021-09-23	Viral 50	is
3QFInJAm9eyaho5vBzxInN	family ties (with Kendrick Lamar)	BaKeem	7	#bd3200	2021-09-23	Viral 50	is
5Z9KJZvQzH6PFmb8SNkxuk	INDUSTRY BABY (feat. Jack Harlow)	Lil Nas X	8	#3e3e40	2021-09-23	Viral 50	is
4f2GB5ZC7vOUYPAg69N2Xw	September	Earth, Wind & Fire	9	#84bd00	2021-09-23	Viral 50	is
2prnn41CblB8B4yWACDljP	Love Tonight - David Guetta Remix Edit	Shouse	10	#bd3200	2021-09-23	Viral 50	is
1is8gU4RVcN4J8xItxWoOY	I GUESS I'M IN LOVE	Clinton Kane	11	#bd3200	2021-09-23	Viral 50	is
07MDkzWARZaLEdKxo6yArG	Meet Me At Our Spot	THE ANXIETY, WILLOW, Tyler Cole	12	#4687d7	2021-09-23	Viral 50	is
2Rd4eJ4KwXQQn2sMSToyUM	Moon	Kanye West	13	#bd3200	2021-09-23	Viral 50	is
0V5cvmTKsYmF5FmGGEAfmS	Je te laisserai des mots	Patrick Watson	14	#84bd00	2021-09-23	Viral 50	is
3J4VKkUpLvomXJbn9ZAypO	Sharing Locations (feat. Lil Baby & Lil Durk)	Meek Mill	15	#84bd00	2021-09-23	Viral 50	is
1uMHCAyGmHqyygoNRuo7MV	edamame (feat. Rich Brian)	bbno$	16	#bd3200	2021-09-23	Viral 50	is
37y7iDayfwm3WXn5BiAoRk	Dark Red	Steve Lacy	17	#bd3200	2021-09-23	Viral 50	is
65xW3k84PJoqr7HNe3IyTn	Þegar ég verð 36	FLOTT	18	#bd3200	2021-09-23	Viral 50	is
6SO4GbNZMa8lFx0Lvl1RcX	Vertu úlfur - Titillag	Emilíana Torrini	19	#84bd00	2021-09-23	Viral 50	is
02MWAaffLxlfxAUY7c5dvx	Heat Waves	Glass Animals	20	#bd3200	2021-09-23	Viral 50	is
2USlegnFJLrVLpoVfPimKB	Thunder	Gabry Ponte, LUM!X, Prezioso	21	#84bd00	2021-09-23	Viral 50	is
1EYeZGTMCjV7uVey5fNWXM	love nwantiti (feat. ElGrande Toto) - North African Remix	CKay, ElGrandeToto	22	#bd3200	2021-09-23	Viral 50	is
42ZrMq4BKsWDrrbMnMRYaK	Jail	Kanye West	23	#bd3200	2021-09-23	Viral 50	is
0qXP5fMhxGzxALOkXYUxfP	Loverboy	A-Wall	24	#4687d7	2021-09-23	Viral 50	is
0mJBiaODgK0XjOLCN5fItq	Like I Can	Sam Smith	25	#bd3200	2021-09-23	Viral 50	is
3uUuGVFu1V7jTQL60S1r8z	Where Are You Now	Lost Frequencies, Calum Scott	26	#bd3200	2021-09-23	Viral 50	is
5svL1PkWw8hPEAOdTNLexy	Paralyzed	Sueco	27	#3e3e40	2021-09-23	Viral 50	is
5PjdY0CKGZdEuoNab3yDmX	STAY (with Justin Bieber)	The Kid LAROI	28	#84bd00	2021-09-23	Viral 50	is
7pOYYtkbNhBGWpPhpWl2ow	Camel by Camel - Mix Vocal	Sandy Marton	29	#bd3200	2021-09-23	Viral 50	is
4XvcHTUfIlWfyJTRG0aqlo	2055	Sleepy Hallow	30	#bd3200	2021-09-23	Viral 50	is
0xfMlIW8lS40qvpsUw1l0X	Never Going Home	Kungs	31	#84bd00	2021-09-23	Viral 50	is
3qj4vBQO1SWIdLFJRr2nHb	F.C.K (feat. Aron Can)	Birnir	32	#bd3200	2021-09-23	Viral 50	is
7sq2z9oX2S0CvgTqCZ0ko4	Strange	Celeste	33	#bd3200	2021-09-23	Viral 50	is
1olCzMxaeiQKNO64ssWVGr	Talk About	Rain Radio, DJ Craig Gorman	34	#bd3200	2021-09-23	Viral 50	is
6OufwUcCqo81guU2jAlDVP	Love Tonight - Edit	Shouse	35	#4687d7	2021-09-23	Viral 50	is
7uWdDOhI3wydISWM1AXN0M	My Potna Dem	$ilkMoney	36	#bd3200	2021-09-23	Viral 50	is
6OTKVgVpVaVjhRLYizPJKA	Just for me	PinkPantheress	37	#bd3200	2021-09-23	Viral 50	is
4F6yN5FsFW10Ucx7cLCzBh	Ready (feat. Gunna)	Lil Baby	38	#84bd00	2021-09-23	Viral 50	is
4RVwu0g32PAqgUiJoXsdF8	Happier Than Ever	Billie Eilish	39	#bd3200	2021-09-23	Viral 50	is
5NWPKgXfMhFZyPqNQ8Kt2C	Veiðimaður (feat. THØR & Bjørn)	Ingi Bauer	40	#84bd00	2021-09-23	Viral 50	is
6Uj1ctrBOjOas8xZXGqKk4	Woman	Doja Cat	41	#bd3200	2021-09-23	Viral 50	is
2gbMPBrBVj3CuNTLp2dHYs	Off The Grid	Kanye West	42	#bd3200	2021-09-23	Viral 50	is
4ka1FkKAMde6dQAFFMXKac	i hope ur miserable until ur dead	Nessa Barrett	43	#bd3200	2021-09-23	Viral 50	is
2Nc1v8I86FUGorwjXKo0in	Belly, The Weeknd - Die For It (ft. Nas)	Belly	44	#4687d7	2021-09-23	Viral 50	is
3DQRe4gHJOY4ufHBZr2jUF	Wid It	Tion Wayne, ArrDee	45	#bd3200	2021-09-23	Viral 50	is
7wpyrkjEgz7W1vNYDxMKrF	GYALIS	Capella Grey	46	#84bd00	2021-09-23	Viral 50	is
7rYCenkV4OXJgiUuKrhDCb	Beethoven	Kenndog	47	#84bd00	2021-09-23	Viral 50	is
0z8hI3OPS8ADPWtoCjjLl6	Summer of Love (Shawn Mendes & Tainy)	Shawn Mendes	48	#bd3200	2021-09-23	Viral 50	is
0UKUfxIkDAMZz7hMdiVX3m	Cover Me In Sunshine	P!nk, Willow Sage Hart	49	#4687d7	2021-09-23	Viral 50	is
6PQ88X9TkUIAUIZJHW2upE	Bad Habits	Ed Sheeran	50	#4687d7	2021-09-23	Viral 50	is
6zSpb8dQRaw0M1dK8PBwQz	Cold Heart - PNAU Remix	Elton John, Dua Lipa	1	#3e3e40	2021-09-24	Viral 50	is
2Xr1dTzJee307rmrkt8c0g	love nwantiti (ah ah ah)	CKay	2	#3e3e40	2021-09-24	Viral 50	is
0eu4C55hL6x29mmeAjytzC	Life Goes On	Oliver Tree	3	#3e3e40	2021-09-24	Viral 50	is
4gvrJnKCKIPiacNsWVQwEU	love nwantiti (feat. Dj Yo! & AX'EL) - Remix	CKay	4	#84bd00	2021-09-24	Viral 50	is
0RbW8kWozrVSIGb4V13o0o	Hurricane	Kanye West	5	#3e3e40	2021-09-24	Viral 50	is
5fwSHlTEWpluwOM0Sxnh5k	Pepas	Farruko	6	#bd3200	2021-09-24	Viral 50	is
3QFInJAm9eyaho5vBzxInN	family ties (with Kendrick Lamar)	BaKeem	7	#3e3e40	2021-09-24	Viral 50	is
5Z9KJZvQzH6PFmb8SNkxuk	INDUSTRY BABY (feat. Jack Harlow)	Lil Nas X	8	#3e3e40	2021-09-24	Viral 50	is
4f2GB5ZC7vOUYPAg69N2Xw	September	Earth, Wind & Fire	9	#3e3e40	2021-09-24	Viral 50	is
0V5cvmTKsYmF5FmGGEAfmS	Je te laisserai des mots	Patrick Watson	10	#84bd00	2021-09-24	Viral 50	is
07MDkzWARZaLEdKxo6yArG	Meet Me At Our Spot	THE ANXIETY, WILLOW, Tyler Cole	11	#84bd00	2021-09-24	Viral 50	is
1is8gU4RVcN4J8xItxWoOY	I GUESS I'M IN LOVE	Clinton Kane	12	#bd3200	2021-09-24	Viral 50	is
3J4VKkUpLvomXJbn9ZAypO	Sharing Locations (feat. Lil Baby & Lil Durk)	Meek Mill	13	#84bd00	2021-09-24	Viral 50	is
2prnn41CblB8B4yWACDljP	Love Tonight - David Guetta Remix Edit	Shouse	14	#bd3200	2021-09-24	Viral 50	is
1uMHCAyGmHqyygoNRuo7MV	edamame (feat. Rich Brian)	bbno$	15	#84bd00	2021-09-24	Viral 50	is
65xW3k84PJoqr7HNe3IyTn	Þegar ég verð 36	FLOTT	16	#84bd00	2021-09-24	Viral 50	is
6SO4GbNZMa8lFx0Lvl1RcX	Vertu úlfur - Titillag	Emilíana Torrini	17	#84bd00	2021-09-24	Viral 50	is
2Rd4eJ4KwXQQn2sMSToyUM	Moon	Kanye West	18	#bd3200	2021-09-24	Viral 50	is
37y7iDayfwm3WXn5BiAoRk	Dark Red	Steve Lacy	19	#bd3200	2021-09-24	Viral 50	is
2USlegnFJLrVLpoVfPimKB	Thunder	Gabry Ponte, LUM!X, Prezioso	20	#84bd00	2021-09-24	Viral 50	is
02MWAaffLxlfxAUY7c5dvx	Heat Waves	Glass Animals	21	#bd3200	2021-09-24	Viral 50	is
1EYeZGTMCjV7uVey5fNWXM	love nwantiti (feat. ElGrande Toto) - North African Remix	CKay, ElGrandeToto	22	#3e3e40	2021-09-24	Viral 50	is
0qXP5fMhxGzxALOkXYUxfP	Loverboy	A-Wall	23	#84bd00	2021-09-24	Viral 50	is
3uUuGVFu1V7jTQL60S1r8z	Where Are You Now	Lost Frequencies, Calum Scott	24	#84bd00	2021-09-24	Viral 50	is
6OufwUcCqo81guU2jAlDVP	Love Tonight - Edit	Shouse	25	#84bd00	2021-09-24	Viral 50	is
6OTKVgVpVaVjhRLYizPJKA	Just for me	PinkPantheress	26	#84bd00	2021-09-24	Viral 50	is
0mJBiaODgK0XjOLCN5fItq	Like I Can	Sam Smith	27	#bd3200	2021-09-24	Viral 50	is
4RVwu0g32PAqgUiJoXsdF8	Happier Than Ever	Billie Eilish	28	#84bd00	2021-09-24	Viral 50	is
42ZrMq4BKsWDrrbMnMRYaK	Jail	Kanye West	29	#bd3200	2021-09-24	Viral 50	is
5PjdY0CKGZdEuoNab3yDmX	STAY (with Justin Bieber)	The Kid LAROI	30	#bd3200	2021-09-24	Viral 50	is
7rYCenkV4OXJgiUuKrhDCb	Beethoven	Kenndog	31	#84bd00	2021-09-24	Viral 50	is
0xfMlIW8lS40qvpsUw1l0X	Never Going Home	Kungs	32	#bd3200	2021-09-24	Viral 50	is
7sq2z9oX2S0CvgTqCZ0ko4	Strange	Celeste	33	#3e3e40	2021-09-24	Viral 50	is
4XvcHTUfIlWfyJTRG0aqlo	2055	Sleepy Hallow	34	#bd3200	2021-09-24	Viral 50	is
7pOYYtkbNhBGWpPhpWl2ow	Camel by Camel - Mix Vocal	Sandy Marton	35	#bd3200	2021-09-24	Viral 50	is
6Uj1ctrBOjOas8xZXGqKk4	Woman	Doja Cat	36	#84bd00	2021-09-24	Viral 50	is
3qj4vBQO1SWIdLFJRr2nHb	F.C.K (feat. Aron Can)	Birnir	37	#bd3200	2021-09-24	Viral 50	is
6ATfeY4iVwD1Sz2pXF7x1n	Manstu (feat. JóiPé)	kef LAVÍK	38	#4687d7	2021-09-24	Viral 50	is
1olCzMxaeiQKNO64ssWVGr	Talk About	Rain Radio, DJ Craig Gorman	39	#bd3200	2021-09-24	Viral 50	is
60nXduun3ybrHhtDOUmGmV	Nails, Hair, Hips, Heels	Todrick Hall	40	#4687d7	2021-09-24	Viral 50	is
7zx1i0jGcFwMBurajgKlO7	Black Magic	Jonasu	41	#4687d7	2021-09-24	Viral 50	is
4ka1FkKAMde6dQAFFMXKac	i hope ur miserable until ur dead	Nessa Barrett	42	#84bd00	2021-09-24	Viral 50	is
2gbMPBrBVj3CuNTLp2dHYs	Off The Grid	Kanye West	43	#bd3200	2021-09-24	Viral 50	is
5NWPKgXfMhFZyPqNQ8Kt2C	Veiðimaður (feat. THØR & Bjørn)	Ingi Bauer	44	#bd3200	2021-09-24	Viral 50	is
2Nc1v8I86FUGorwjXKo0in	Belly, The Weeknd - Die For It (ft. Nas)	Belly	45	#bd3200	2021-09-24	Viral 50	is
7uWdDOhI3wydISWM1AXN0M	My Potna Dem	$ilkMoney	46	#bd3200	2021-09-24	Viral 50	is
3SqvR3HYLlCTYzbDXJ52OC	Lost on You	LP	47	#4687d7	2021-09-24	Viral 50	is
3Wrjm47oTz2sjIgck11l5e	Beggin'	Måneskin	48	#4687d7	2021-09-24	Viral 50	is
44V6EzbUSYgyfsNiP0FrlA	Visiting Hours	Ed Sheeran	49	#4687d7	2021-09-24	Viral 50	is
44xO8889yUQHn70P73NILS	Believe Me	Navos	50	#4687d7	2021-09-24	Viral 50	is
6zSpb8dQRaw0M1dK8PBwQz	Cold Heart - PNAU Remix	Elton John, Dua Lipa	1	#3e3e40	2021-09-25	Viral 50	is
2Xr1dTzJee307rmrkt8c0g	love nwantiti (ah ah ah)	CKay	2	#3e3e40	2021-09-25	Viral 50	is
0eu4C55hL6x29mmeAjytzC	Life Goes On	Oliver Tree	3	#3e3e40	2021-09-25	Viral 50	is
4gvrJnKCKIPiacNsWVQwEU	love nwantiti (feat. Dj Yo! & AX'EL) - Remix	CKay	4	#3e3e40	2021-09-25	Viral 50	is
0RbW8kWozrVSIGb4V13o0o	Hurricane	Kanye West	5	#3e3e40	2021-09-25	Viral 50	is
3QFInJAm9eyaho5vBzxInN	family ties (with Kendrick Lamar)	BaKeem	6	#84bd00	2021-09-25	Viral 50	is
5fwSHlTEWpluwOM0Sxnh5k	Pepas	Farruko	7	#bd3200	2021-09-25	Viral 50	is
07MDkzWARZaLEdKxo6yArG	Meet Me At Our Spot	THE ANXIETY, WILLOW, Tyler Cole	8	#84bd00	2021-09-25	Viral 50	is
3J4VKkUpLvomXJbn9ZAypO	Sharing Locations (feat. Lil Baby & Lil Durk)	Meek Mill	9	#84bd00	2021-09-25	Viral 50	is
4f2GB5ZC7vOUYPAg69N2Xw	September	Earth, Wind & Fire	10	#bd3200	2021-09-25	Viral 50	is
5Z9KJZvQzH6PFmb8SNkxuk	INDUSTRY BABY (feat. Jack Harlow)	Lil Nas X	11	#bd3200	2021-09-25	Viral 50	is
6SO4GbNZMa8lFx0Lvl1RcX	Vertu úlfur - Titillag	Emilíana Torrini	12	#84bd00	2021-09-25	Viral 50	is
2prnn41CblB8B4yWACDljP	Love Tonight - David Guetta Remix Edit	Shouse	13	#84bd00	2021-09-25	Viral 50	is
1is8gU4RVcN4J8xItxWoOY	I GUESS I'M IN LOVE	Clinton Kane	14	#bd3200	2021-09-25	Viral 50	is
1uMHCAyGmHqyygoNRuo7MV	edamame (feat. Rich Brian)	bbno$	15	#3e3e40	2021-09-25	Viral 50	is
0V5cvmTKsYmF5FmGGEAfmS	Je te laisserai des mots	Patrick Watson	16	#bd3200	2021-09-25	Viral 50	is
65xW3k84PJoqr7HNe3IyTn	Þegar ég verð 36	FLOTT	17	#bd3200	2021-09-25	Viral 50	is
1EYeZGTMCjV7uVey5fNWXM	love nwantiti (feat. ElGrande Toto) - North African Remix	CKay, ElGrandeToto	18	#84bd00	2021-09-25	Viral 50	is
2Rd4eJ4KwXQQn2sMSToyUM	Moon	Kanye West	19	#bd3200	2021-09-25	Viral 50	is
0qXP5fMhxGzxALOkXYUxfP	Loverboy	A-Wall	20	#84bd00	2021-09-25	Viral 50	is
7sq2z9oX2S0CvgTqCZ0ko4	Strange	Celeste	21	#84bd00	2021-09-25	Viral 50	is
3uUuGVFu1V7jTQL60S1r8z	Where Are You Now	Lost Frequencies, Calum Scott	22	#84bd00	2021-09-25	Viral 50	is
02MWAaffLxlfxAUY7c5dvx	Heat Waves	Glass Animals	23	#bd3200	2021-09-25	Viral 50	is
2USlegnFJLrVLpoVfPimKB	Thunder	Gabry Ponte, LUM!X, Prezioso	24	#bd3200	2021-09-25	Viral 50	is
7pOYYtkbNhBGWpPhpWl2ow	Camel by Camel - Mix Vocal	Sandy Marton	25	#84bd00	2021-09-25	Viral 50	is
6OTKVgVpVaVjhRLYizPJKA	Just for me	PinkPantheress	26	#3e3e40	2021-09-25	Viral 50	is
0mJBiaODgK0XjOLCN5fItq	Like I Can	Sam Smith	27	#3e3e40	2021-09-25	Viral 50	is
4RVwu0g32PAqgUiJoXsdF8	Happier Than Ever	Billie Eilish	28	#3e3e40	2021-09-25	Viral 50	is
37y7iDayfwm3WXn5BiAoRk	Dark Red	Steve Lacy	29	#bd3200	2021-09-25	Viral 50	is
6OufwUcCqo81guU2jAlDVP	Love Tonight - Edit	Shouse	30	#bd3200	2021-09-25	Viral 50	is
6ATfeY4iVwD1Sz2pXF7x1n	Manstu (feat. JóiPé)	kef LAVÍK	31	#84bd00	2021-09-25	Viral 50	is
6Uj1ctrBOjOas8xZXGqKk4	Woman	Doja Cat	32	#84bd00	2021-09-25	Viral 50	is
3qj4vBQO1SWIdLFJRr2nHb	F.C.K (feat. Aron Can)	Birnir	33	#84bd00	2021-09-25	Viral 50	is
5PjdY0CKGZdEuoNab3yDmX	STAY (with Justin Bieber)	The Kid LAROI	34	#bd3200	2021-09-25	Viral 50	is
7zx1i0jGcFwMBurajgKlO7	Black Magic	Jonasu	35	#84bd00	2021-09-25	Viral 50	is
0xfMlIW8lS40qvpsUw1l0X	Never Going Home	Kungs	36	#bd3200	2021-09-25	Viral 50	is
1q3Iuk3nVEwRPj7mR34QYQ	Pisk Mig Hårdt!!!	Dario Von Slutty	37	#4687d7	2021-09-25	Viral 50	is
2gbMPBrBVj3CuNTLp2dHYs	Off The Grid	Kanye West	38	#84bd00	2021-09-25	Viral 50	is
44xO8889yUQHn70P73NILS	Believe Me	Navos	39	#84bd00	2021-09-25	Viral 50	is
2vWBUC9djv6BtiGlmKiQaH	YKWIM?	Yot Club	40	#4687d7	2021-09-25	Viral 50	is
7uWdDOhI3wydISWM1AXN0M	My Potna Dem	$ilkMoney	41	#84bd00	2021-09-25	Viral 50	is
5NWPKgXfMhFZyPqNQ8Kt2C	Veiðimaður (feat. THØR & Bjørn)	Ingi Bauer	42	#84bd00	2021-09-25	Viral 50	is
2eppXfCeR7XaX7x2zkCBIw	Mér er drull	FLOTT	43	#4687d7	2021-09-25	Viral 50	is
2Nc1v8I86FUGorwjXKo0in	Belly, The Weeknd - Die For It (ft. Nas)	Belly	44	#84bd00	2021-09-25	Viral 50	is
44V6EzbUSYgyfsNiP0FrlA	Visiting Hours	Ed Sheeran	45	#84bd00	2021-09-25	Viral 50	is
3Wrjm47oTz2sjIgck11l5e	Beggin'	Måneskin	46	#84bd00	2021-09-25	Viral 50	is
7rYCenkV4OXJgiUuKrhDCb	Beethoven	Kenndog	47	#bd3200	2021-09-25	Viral 50	is
42ZrMq4BKsWDrrbMnMRYaK	Jail	Kanye West	48	#bd3200	2021-09-25	Viral 50	is
6Kc3IsjA9aoY6AcoQFTsB1	Eftir Þessa Molly	Siggó	49	#4687d7	2021-09-25	Viral 50	is
5bzSQWaQq0AKxaMbuwLxwv	frikki dór 2012	ClubDub, Mambakid	50	#4687d7	2021-09-25	Viral 50	is
2Xr1dTzJee307rmrkt8c0g	love nwantiti (ah ah ah)	CKay	1	#84bd00	2021-09-26	Viral 50	is
6zSpb8dQRaw0M1dK8PBwQz	Cold Heart - PNAU Remix	Elton John, Dua Lipa	2	#bd3200	2021-09-26	Viral 50	is
0eu4C55hL6x29mmeAjytzC	Life Goes On	Oliver Tree	3	#3e3e40	2021-09-26	Viral 50	is
4gvrJnKCKIPiacNsWVQwEU	love nwantiti (feat. Dj Yo! & AX'EL) - Remix	CKay	4	#3e3e40	2021-09-26	Viral 50	is
0RbW8kWozrVSIGb4V13o0o	Hurricane	Kanye West	5	#3e3e40	2021-09-26	Viral 50	is
07MDkzWARZaLEdKxo6yArG	Meet Me At Our Spot	THE ANXIETY, WILLOW, Tyler Cole	6	#84bd00	2021-09-26	Viral 50	is
5fwSHlTEWpluwOM0Sxnh5k	Pepas	Farruko	7	#3e3e40	2021-09-26	Viral 50	is
3QFInJAm9eyaho5vBzxInN	family ties (with Kendrick Lamar)	BaKeem	8	#bd3200	2021-09-26	Viral 50	is
4f2GB5ZC7vOUYPAg69N2Xw	September	Earth, Wind & Fire	9	#84bd00	2021-09-26	Viral 50	is
3J4VKkUpLvomXJbn9ZAypO	Sharing Locations (feat. Lil Baby & Lil Durk)	Meek Mill	10	#bd3200	2021-09-26	Viral 50	is
6SO4GbNZMa8lFx0Lvl1RcX	Vertu úlfur - Titillag	Emilíana Torrini	11	#84bd00	2021-09-26	Viral 50	is
5Z9KJZvQzH6PFmb8SNkxuk	INDUSTRY BABY (feat. Jack Harlow)	Lil Nas X	12	#bd3200	2021-09-26	Viral 50	is
1is8gU4RVcN4J8xItxWoOY	I GUESS I'M IN LOVE	Clinton Kane	13	#84bd00	2021-09-26	Viral 50	is
0V5cvmTKsYmF5FmGGEAfmS	Je te laisserai des mots	Patrick Watson	14	#84bd00	2021-09-26	Viral 50	is
2prnn41CblB8B4yWACDljP	Love Tonight - David Guetta Remix Edit	Shouse	15	#bd3200	2021-09-26	Viral 50	is
2Rd4eJ4KwXQQn2sMSToyUM	Moon	Kanye West	16	#84bd00	2021-09-26	Viral 50	is
65xW3k84PJoqr7HNe3IyTn	Þegar ég verð 36	FLOTT	17	#3e3e40	2021-09-26	Viral 50	is
1EYeZGTMCjV7uVey5fNWXM	love nwantiti (feat. ElGrande Toto) - North African Remix	CKay, ElGrandeToto	18	#3e3e40	2021-09-26	Viral 50	is
0qXP5fMhxGzxALOkXYUxfP	Loverboy	A-Wall	19	#84bd00	2021-09-26	Viral 50	is
7rYCenkV4OXJgiUuKrhDCb	Beethoven	Kenndog	20	#84bd00	2021-09-26	Viral 50	is
3uUuGVFu1V7jTQL60S1r8z	Where Are You Now	Lost Frequencies, Calum Scott	21	#84bd00	2021-09-26	Viral 50	is
7pOYYtkbNhBGWpPhpWl2ow	Camel by Camel - Mix Vocal	Sandy Marton	22	#84bd00	2021-09-26	Viral 50	is
02MWAaffLxlfxAUY7c5dvx	Heat Waves	Glass Animals	23	#3e3e40	2021-09-26	Viral 50	is
2USlegnFJLrVLpoVfPimKB	Thunder	Gabry Ponte, LUM!X, Prezioso	24	#3e3e40	2021-09-26	Viral 50	is
4RVwu0g32PAqgUiJoXsdF8	Happier Than Ever	Billie Eilish	25	#84bd00	2021-09-26	Viral 50	is
0mJBiaODgK0XjOLCN5fItq	Like I Can	Sam Smith	26	#84bd00	2021-09-26	Viral 50	is
37y7iDayfwm3WXn5BiAoRk	Dark Red	Steve Lacy	27	#84bd00	2021-09-26	Viral 50	is
6OTKVgVpVaVjhRLYizPJKA	Just for me	PinkPantheress	28	#bd3200	2021-09-26	Viral 50	is
6OufwUcCqo81guU2jAlDVP	Love Tonight - Edit	Shouse	29	#84bd00	2021-09-26	Viral 50	is
7sq2z9oX2S0CvgTqCZ0ko4	Strange	Celeste	30	#bd3200	2021-09-26	Viral 50	is
42ZrMq4BKsWDrrbMnMRYaK	Jail	Kanye West	31	#84bd00	2021-09-26	Viral 50	is
5PjdY0CKGZdEuoNab3yDmX	STAY (with Justin Bieber)	The Kid LAROI	32	#84bd00	2021-09-26	Viral 50	is
6ATfeY4iVwD1Sz2pXF7x1n	Manstu (feat. JóiPé)	kef LAVÍK	33	#bd3200	2021-09-26	Viral 50	is
6Uj1ctrBOjOas8xZXGqKk4	Woman	Doja Cat	34	#bd3200	2021-09-26	Viral 50	is
1uMHCAyGmHqyygoNRuo7MV	edamame (feat. Rich Brian)	bbno$	35	#bd3200	2021-09-26	Viral 50	is
2gbMPBrBVj3CuNTLp2dHYs	Off The Grid	Kanye West	36	#84bd00	2021-09-26	Viral 50	is
60nXduun3ybrHhtDOUmGmV	Nails, Hair, Hips, Heels	Todrick Hall	37	#4687d7	2021-09-26	Viral 50	is
20on25jryn53hWghthWWW3	Do It To It	ACRAZE, Cherish	38	#4687d7	2021-09-26	Viral 50	is
0xfMlIW8lS40qvpsUw1l0X	Never Going Home	Kungs	39	#bd3200	2021-09-26	Viral 50	is
5NWPKgXfMhFZyPqNQ8Kt2C	Veiðimaður (feat. THØR & Bjørn)	Ingi Bauer	40	#84bd00	2021-09-26	Viral 50	is
2eppXfCeR7XaX7x2zkCBIw	Mér er drull	FLOTT	41	#84bd00	2021-09-26	Viral 50	is
44xO8889yUQHn70P73NILS	Believe Me	Navos	42	#bd3200	2021-09-26	Viral 50	is
7uWdDOhI3wydISWM1AXN0M	My Potna Dem	$ilkMoney	43	#bd3200	2021-09-26	Viral 50	is
2vWBUC9djv6BtiGlmKiQaH	YKWIM?	Yot Club	44	#bd3200	2021-09-26	Viral 50	is
0Kdj7nwaYQmvhxnqZaIQuW	Bezos I	Bo Burnham	45	#4687d7	2021-09-26	Viral 50	is
3qj4vBQO1SWIdLFJRr2nHb	F.C.K (feat. Aron Can)	Birnir	46	#bd3200	2021-09-26	Viral 50	is
2Nc1v8I86FUGorwjXKo0in	Belly, The Weeknd - Die For It (ft. Nas)	Belly	47	#bd3200	2021-09-26	Viral 50	is
2OjHNAk9fzdpuoCv1gfQV8	please don't trust me	ClubDub	48	#4687d7	2021-09-26	Viral 50	is
44V6EzbUSYgyfsNiP0FrlA	Visiting Hours	Ed Sheeran	49	#bd3200	2021-09-26	Viral 50	is
1q3Iuk3nVEwRPj7mR34QYQ	Pisk Mig Hårdt!!!	Dario Von Slutty	50	#bd3200	2021-09-26	Viral 50	is
2Xr1dTzJee307rmrkt8c0g	love nwantiti (ah ah ah)	CKay	1	#3e3e40	2021-09-27	Viral 50	is
6zSpb8dQRaw0M1dK8PBwQz	Cold Heart - PNAU Remix	Elton John, Dua Lipa	2	#3e3e40	2021-09-27	Viral 50	is
0eu4C55hL6x29mmeAjytzC	Life Goes On	Oliver Tree	3	#3e3e40	2021-09-27	Viral 50	is
4gvrJnKCKIPiacNsWVQwEU	love nwantiti (feat. Dj Yo! & AX'EL) - Remix	CKay	4	#3e3e40	2021-09-27	Viral 50	is
2BcMwX1MPV6ZHP4tUT9uq6	Knife Talk (with 21 Savage ft. Project Pat)	Drake	5	#4687d7	2021-09-27	Viral 50	is
07MDkzWARZaLEdKxo6yArG	Meet Me At Our Spot	THE ANXIETY, WILLOW, Tyler Cole	6	#3e3e40	2021-09-27	Viral 50	is
0k1WUmIRnG3xU6fvvDVfRG	Way 2 Sexy (with Future & Young Thug)	Drake	7	#4687d7	2021-09-27	Viral 50	is
4f2GB5ZC7vOUYPAg69N2Xw	September	Earth, Wind & Fire	8	#84bd00	2021-09-27	Viral 50	is
5fwSHlTEWpluwOM0Sxnh5k	Pepas	Farruko	9	#bd3200	2021-09-27	Viral 50	is
5Z9KJZvQzH6PFmb8SNkxuk	INDUSTRY BABY (feat. Jack Harlow)	Lil Nas X	10	#84bd00	2021-09-27	Viral 50	is
2prnn41CblB8B4yWACDljP	Love Tonight - David Guetta Remix Edit	Shouse	11	#84bd00	2021-09-27	Viral 50	is
3J4VKkUpLvomXJbn9ZAypO	Sharing Locations (feat. Lil Baby & Lil Durk)	Meek Mill	12	#bd3200	2021-09-27	Viral 50	is
6SO4GbNZMa8lFx0Lvl1RcX	Vertu úlfur - Titillag	Emilíana Torrini	13	#bd3200	2021-09-27	Viral 50	is
0V5cvmTKsYmF5FmGGEAfmS	Je te laisserai des mots	Patrick Watson	14	#3e3e40	2021-09-27	Viral 50	is
3QFInJAm9eyaho5vBzxInN	family ties (with Kendrick Lamar)	BaKeem	15	#bd3200	2021-09-27	Viral 50	is
40iJIUlhi6renaREYGeIDS	Fair Trade (with Travis Scott)	Drake	16	#4687d7	2021-09-27	Viral 50	is
0RbW8kWozrVSIGb4V13o0o	Hurricane	Kanye West	17	#bd3200	2021-09-27	Viral 50	is
65xW3k84PJoqr7HNe3IyTn	Þegar ég verð 36	FLOTT	18	#bd3200	2021-09-27	Viral 50	is
1is8gU4RVcN4J8xItxWoOY	I GUESS I'M IN LOVE	Clinton Kane	19	#bd3200	2021-09-27	Viral 50	is
02MWAaffLxlfxAUY7c5dvx	Heat Waves	Glass Animals	20	#84bd00	2021-09-27	Viral 50	is
32BeYxKPrig1LefHsC0Xuo	Happier Than Ever - Edit	Billie Eilish	21	#4687d7	2021-09-27	Viral 50	is
1EYeZGTMCjV7uVey5fNWXM	love nwantiti (feat. ElGrande Toto) - North African Remix	CKay, ElGrandeToto	22	#bd3200	2021-09-27	Viral 50	is
3uUuGVFu1V7jTQL60S1r8z	Where Are You Now	Lost Frequencies, Calum Scott	23	#bd3200	2021-09-27	Viral 50	is
1uMHCAyGmHqyygoNRuo7MV	edamame (feat. Rich Brian)	bbno$	24	#84bd00	2021-09-27	Viral 50	is
5PjdY0CKGZdEuoNab3yDmX	STAY (with Justin Bieber)	The Kid LAROI	25	#84bd00	2021-09-27	Viral 50	is
6OufwUcCqo81guU2jAlDVP	Love Tonight - Edit	Shouse	26	#84bd00	2021-09-27	Viral 50	is
7pOYYtkbNhBGWpPhpWl2ow	Camel by Camel - Mix Vocal	Sandy Marton	27	#bd3200	2021-09-27	Viral 50	is
4RVwu0g32PAqgUiJoXsdF8	Happier Than Ever	Billie Eilish	28	#bd3200	2021-09-27	Viral 50	is
0qXP5fMhxGzxALOkXYUxfP	Loverboy	A-Wall	29	#bd3200	2021-09-27	Viral 50	is
2USlegnFJLrVLpoVfPimKB	Thunder	Gabry Ponte, LUM!X, Prezioso	30	#bd3200	2021-09-27	Viral 50	is
7rYCenkV4OXJgiUuKrhDCb	Beethoven	Kenndog	31	#bd3200	2021-09-27	Viral 50	is
2Rd4eJ4KwXQQn2sMSToyUM	Moon	Kanye West	32	#bd3200	2021-09-27	Viral 50	is
37y7iDayfwm3WXn5BiAoRk	Dark Red	Steve Lacy	33	#bd3200	2021-09-27	Viral 50	is
2W779g2UrRZtVdf3FcEOO1	In My Mind	Lyn Lapid	34	#4687d7	2021-09-27	Viral 50	is
0mJBiaODgK0XjOLCN5fItq	Like I Can	Sam Smith	35	#bd3200	2021-09-27	Viral 50	is
20on25jryn53hWghthWWW3	Do It To It	ACRAZE, Cherish	36	#84bd00	2021-09-27	Viral 50	is
7v4pPS4A7NgY7bxFA3Etv3	HOT DEMON B!TCHES NEAR U ! ! !	CORPSE, Night Lovell	37	#4687d7	2021-09-27	Viral 50	is
7sq2z9oX2S0CvgTqCZ0ko4	Strange	Celeste	38	#bd3200	2021-09-27	Viral 50	is
60nXduun3ybrHhtDOUmGmV	Nails, Hair, Hips, Heels	Todrick Hall	39	#bd3200	2021-09-27	Viral 50	is
5NWPKgXfMhFZyPqNQ8Kt2C	Veiðimaður (feat. THØR & Bjørn)	Ingi Bauer	40	#3e3e40	2021-09-27	Viral 50	is
6Uj1ctrBOjOas8xZXGqKk4	Woman	Doja Cat	41	#bd3200	2021-09-27	Viral 50	is
6hlrui656yBRUb3qGkd5lH	Los Pollos Hermanos	Knucks	42	#4687d7	2021-09-27	Viral 50	is
6OTKVgVpVaVjhRLYizPJKA	Just for me	PinkPantheress	43	#bd3200	2021-09-27	Viral 50	is
1q3Iuk3nVEwRPj7mR34QYQ	Pisk Mig Hårdt!!!	Dario Von Slutty	44	#84bd00	2021-09-27	Viral 50	is
0xfMlIW8lS40qvpsUw1l0X	Never Going Home	Kungs	45	#bd3200	2021-09-27	Viral 50	is
44xO8889yUQHn70P73NILS	Believe Me	Navos	46	#bd3200	2021-09-27	Viral 50	is
30QR0ndUdiiMQMA9g1PGCm	...And to Those I Love, Thanks for Sticking Around	$uicideboy$	47	#4687d7	2021-09-27	Viral 50	is
2OjHNAk9fzdpuoCv1gfQV8	please don't trust me	ClubDub	48	#3e3e40	2021-09-27	Viral 50	is
37Nqx7iavZpotJSDXZWbJ3	Girls Want Girls (with Lil Baby)	Drake	49	#4687d7	2021-09-27	Viral 50	is
2dWNKXTs5z7Iu1g0kYh4Xe	My Heart Goes (La Di Da) (feat. Topic)	Becky Hill	50	#4687d7	2021-09-27	Viral 50	is
2Xr1dTzJee307rmrkt8c0g	love nwantiti (ah ah ah)	CKay	1	#3e3e40	2021-09-28	Viral 50	is
6zSpb8dQRaw0M1dK8PBwQz	Cold Heart - PNAU Remix	Elton John, Dua Lipa	2	#3e3e40	2021-09-28	Viral 50	is
4gvrJnKCKIPiacNsWVQwEU	love nwantiti (feat. Dj Yo! & AX'EL) - Remix	CKay	3	#84bd00	2021-09-28	Viral 50	is
0eu4C55hL6x29mmeAjytzC	Life Goes On	Oliver Tree	4	#bd3200	2021-09-28	Viral 50	is
07MDkzWARZaLEdKxo6yArG	Meet Me At Our Spot	THE ANXIETY, WILLOW, Tyler Cole	5	#84bd00	2021-09-28	Viral 50	is
0k1WUmIRnG3xU6fvvDVfRG	Way 2 Sexy (with Future & Young Thug)	Drake	6	#84bd00	2021-09-28	Viral 50	is
5fwSHlTEWpluwOM0Sxnh5k	Pepas	Farruko	7	#84bd00	2021-09-28	Viral 50	is
5Z9KJZvQzH6PFmb8SNkxuk	INDUSTRY BABY (feat. Jack Harlow)	Lil Nas X	8	#84bd00	2021-09-28	Viral 50	is
2prnn41CblB8B4yWACDljP	Love Tonight - David Guetta Remix Edit	Shouse	9	#84bd00	2021-09-28	Viral 50	is
3J4VKkUpLvomXJbn9ZAypO	Sharing Locations (feat. Lil Baby & Lil Durk)	Meek Mill	10	#84bd00	2021-09-28	Viral 50	is
2BcMwX1MPV6ZHP4tUT9uq6	Knife Talk (with 21 Savage ft. Project Pat)	Drake	11	#bd3200	2021-09-28	Viral 50	is
6SO4GbNZMa8lFx0Lvl1RcX	Vertu úlfur - Titillag	Emilíana Torrini	12	#84bd00	2021-09-28	Viral 50	is
3QFInJAm9eyaho5vBzxInN	family ties (with Kendrick Lamar)	BaKeem	13	#84bd00	2021-09-28	Viral 50	is
1EYeZGTMCjV7uVey5fNWXM	love nwantiti (feat. ElGrande Toto) - North African Remix	CKay, ElGrandeToto	14	#84bd00	2021-09-28	Viral 50	is
65xW3k84PJoqr7HNe3IyTn	Þegar ég verð 36	FLOTT	15	#84bd00	2021-09-28	Viral 50	is
0V5cvmTKsYmF5FmGGEAfmS	Je te laisserai des mots	Patrick Watson	16	#bd3200	2021-09-28	Viral 50	is
0RbW8kWozrVSIGb4V13o0o	Hurricane	Kanye West	17	#3e3e40	2021-09-28	Viral 50	is
40iJIUlhi6renaREYGeIDS	Fair Trade (with Travis Scott)	Drake	18	#bd3200	2021-09-28	Viral 50	is
1uMHCAyGmHqyygoNRuo7MV	edamame (feat. Rich Brian)	bbno$	19	#84bd00	2021-09-28	Viral 50	is
3uUuGVFu1V7jTQL60S1r8z	Where Are You Now	Lost Frequencies, Calum Scott	20	#84bd00	2021-09-28	Viral 50	is
02MWAaffLxlfxAUY7c5dvx	Heat Waves	Glass Animals	21	#bd3200	2021-09-28	Viral 50	is
0qXP5fMhxGzxALOkXYUxfP	Loverboy	A-Wall	22	#84bd00	2021-09-28	Viral 50	is
6OufwUcCqo81guU2jAlDVP	Love Tonight - Edit	Shouse	23	#84bd00	2021-09-28	Viral 50	is
1is8gU4RVcN4J8xItxWoOY	I GUESS I'M IN LOVE	Clinton Kane	24	#bd3200	2021-09-28	Viral 50	is
4RVwu0g32PAqgUiJoXsdF8	Happier Than Ever	Billie Eilish	25	#84bd00	2021-09-28	Viral 50	is
32BeYxKPrig1LefHsC0Xuo	Happier Than Ever - Edit	Billie Eilish	26	#bd3200	2021-09-28	Viral 50	is
7v4pPS4A7NgY7bxFA3Etv3	HOT DEMON B!TCHES NEAR U ! ! !	CORPSE, Night Lovell	27	#84bd00	2021-09-28	Viral 50	is
5PjdY0CKGZdEuoNab3yDmX	STAY (with Justin Bieber)	The Kid LAROI	28	#bd3200	2021-09-28	Viral 50	is
2USlegnFJLrVLpoVfPimKB	Thunder	Gabry Ponte, LUM!X, Prezioso	29	#84bd00	2021-09-28	Viral 50	is
7rYCenkV4OXJgiUuKrhDCb	Beethoven	Kenndog	30	#84bd00	2021-09-28	Viral 50	is
6Uj1ctrBOjOas8xZXGqKk4	Woman	Doja Cat	31	#84bd00	2021-09-28	Viral 50	is
20on25jryn53hWghthWWW3	Do It To It	ACRAZE, Cherish	32	#84bd00	2021-09-28	Viral 50	is
6OTKVgVpVaVjhRLYizPJKA	Just for me	PinkPantheress	33	#84bd00	2021-09-28	Viral 50	is
2W779g2UrRZtVdf3FcEOO1	In My Mind	Lyn Lapid	34	#3e3e40	2021-09-28	Viral 50	is
60nXduun3ybrHhtDOUmGmV	Nails, Hair, Hips, Heels	Todrick Hall	35	#84bd00	2021-09-28	Viral 50	is
7sq2z9oX2S0CvgTqCZ0ko4	Strange	Celeste	36	#84bd00	2021-09-28	Viral 50	is
1q3Iuk3nVEwRPj7mR34QYQ	Pisk Mig Hårdt!!!	Dario Von Slutty	37	#84bd00	2021-09-28	Viral 50	is
6hlrui656yBRUb3qGkd5lH	Los Pollos Hermanos	Knucks	38	#84bd00	2021-09-28	Viral 50	is
5bzSQWaQq0AKxaMbuwLxwv	frikki dór 2012	ClubDub, Mambakid	39	#4687d7	2021-09-28	Viral 50	is
30QR0ndUdiiMQMA9g1PGCm	...And to Those I Love, Thanks for Sticking Around	$uicideboy$	40	#84bd00	2021-09-28	Viral 50	is
7pOYYtkbNhBGWpPhpWl2ow	Camel by Camel - Mix Vocal	Sandy Marton	41	#bd3200	2021-09-28	Viral 50	is
6ATfeY4iVwD1Sz2pXF7x1n	Manstu (feat. JóiPé)	kef LAVÍK	42	#4687d7	2021-09-28	Viral 50	is
37Nqx7iavZpotJSDXZWbJ3	Girls Want Girls (with Lil Baby)	Drake	43	#84bd00	2021-09-28	Viral 50	is
2OjHNAk9fzdpuoCv1gfQV8	please don't trust me	ClubDub	44	#84bd00	2021-09-28	Viral 50	is
0mJBiaODgK0XjOLCN5fItq	Like I Can	Sam Smith	45	#bd3200	2021-09-28	Viral 50	is
37y7iDayfwm3WXn5BiAoRk	Dark Red	Steve Lacy	46	#bd3200	2021-09-28	Viral 50	is
2eppXfCeR7XaX7x2zkCBIw	Mér er drull	FLOTT	47	#4687d7	2021-09-28	Viral 50	is
2Ru0Dxnb6h8fhPNfy2Z3pK	Lítil Stúlka	Lil Krummi	48	#4687d7	2021-09-28	Viral 50	is
5NWPKgXfMhFZyPqNQ8Kt2C	Veiðimaður (feat. THØR & Bjørn)	Ingi Bauer	49	#bd3200	2021-09-28	Viral 50	is
2hvtHjHv1zwA0bxLdfulMG	Af hverju er enginn hérna reiður nema ég?	kef LAVÍK, Big Hamka	50	#4687d7	2021-09-28	Viral 50	is
2Xr1dTzJee307rmrkt8c0g	love nwantiti (ah ah ah)	CKay	1	#3e3e40	2021-09-29	Viral 50	is
6zSpb8dQRaw0M1dK8PBwQz	Cold Heart - PNAU Remix	Elton John, Dua Lipa	2	#3e3e40	2021-09-29	Viral 50	is
0eu4C55hL6x29mmeAjytzC	Life Goes On	Oliver Tree	3	#84bd00	2021-09-29	Viral 50	is
4gvrJnKCKIPiacNsWVQwEU	love nwantiti (feat. Dj Yo! & AX'EL) - Remix	CKay	4	#bd3200	2021-09-29	Viral 50	is
07MDkzWARZaLEdKxo6yArG	Meet Me At Our Spot	THE ANXIETY, WILLOW, Tyler Cole	5	#3e3e40	2021-09-29	Viral 50	is
5fwSHlTEWpluwOM0Sxnh5k	Pepas	Farruko	6	#84bd00	2021-09-29	Viral 50	is
0k1WUmIRnG3xU6fvvDVfRG	Way 2 Sexy (with Future & Young Thug)	Drake	7	#bd3200	2021-09-29	Viral 50	is
3J4VKkUpLvomXJbn9ZAypO	Sharing Locations (feat. Lil Baby & Lil Durk)	Meek Mill	8	#84bd00	2021-09-29	Viral 50	is
1uMHCAyGmHqyygoNRuo7MV	edamame (feat. Rich Brian)	bbno$	9	#84bd00	2021-09-29	Viral 50	is
2prnn41CblB8B4yWACDljP	Love Tonight - David Guetta Remix Edit	Shouse	10	#bd3200	2021-09-29	Viral 50	is
5Z9KJZvQzH6PFmb8SNkxuk	INDUSTRY BABY (feat. Jack Harlow)	Lil Nas X	11	#bd3200	2021-09-29	Viral 50	is
6SO4GbNZMa8lFx0Lvl1RcX	Vertu úlfur - Titillag	Emilíana Torrini	12	#3e3e40	2021-09-29	Viral 50	is
1EYeZGTMCjV7uVey5fNWXM	love nwantiti (feat. ElGrande Toto) - North African Remix	CKay, ElGrandeToto	13	#84bd00	2021-09-29	Viral 50	is
2BcMwX1MPV6ZHP4tUT9uq6	Knife Talk (with 21 Savage ft. Project Pat)	Drake	14	#bd3200	2021-09-29	Viral 50	is
0V5cvmTKsYmF5FmGGEAfmS	Je te laisserai des mots	Patrick Watson	15	#84bd00	2021-09-29	Viral 50	is
6OufwUcCqo81guU2jAlDVP	Love Tonight - Edit	Shouse	16	#84bd00	2021-09-29	Viral 50	is
02MWAaffLxlfxAUY7c5dvx	Heat Waves	Glass Animals	17	#84bd00	2021-09-29	Viral 50	is
0qXP5fMhxGzxALOkXYUxfP	Loverboy	A-Wall	18	#84bd00	2021-09-29	Viral 50	is
65xW3k84PJoqr7HNe3IyTn	Þegar ég verð 36	FLOTT	19	#bd3200	2021-09-29	Viral 50	is
40iJIUlhi6renaREYGeIDS	Fair Trade (with Travis Scott)	Drake	20	#bd3200	2021-09-29	Viral 50	is
7sq2z9oX2S0CvgTqCZ0ko4	Strange	Celeste	21	#84bd00	2021-09-29	Viral 50	is
0RbW8kWozrVSIGb4V13o0o	Hurricane	Kanye West	22	#bd3200	2021-09-29	Viral 50	is
3QFInJAm9eyaho5vBzxInN	family ties (with Kendrick Lamar)	BaKeem	23	#bd3200	2021-09-29	Viral 50	is
7pOYYtkbNhBGWpPhpWl2ow	Camel by Camel - Mix Vocal	Sandy Marton	24	#84bd00	2021-09-29	Viral 50	is
2USlegnFJLrVLpoVfPimKB	Thunder	Gabry Ponte, LUM!X, Prezioso	25	#84bd00	2021-09-29	Viral 50	is
7v4pPS4A7NgY7bxFA3Etv3	HOT DEMON B!TCHES NEAR U ! ! !	CORPSE, Night Lovell	26	#84bd00	2021-09-29	Viral 50	is
6OTKVgVpVaVjhRLYizPJKA	Just for me	PinkPantheress	27	#84bd00	2021-09-29	Viral 50	is
7zx1i0jGcFwMBurajgKlO7	Black Magic	Jonasu	28	#4687d7	2021-09-29	Viral 50	is
4RVwu0g32PAqgUiJoXsdF8	Happier Than Ever	Billie Eilish	29	#bd3200	2021-09-29	Viral 50	is
7rYCenkV4OXJgiUuKrhDCb	Beethoven	Kenndog	30	#3e3e40	2021-09-29	Viral 50	is
6Uj1ctrBOjOas8xZXGqKk4	Woman	Doja Cat	31	#3e3e40	2021-09-29	Viral 50	is
32BeYxKPrig1LefHsC0Xuo	Happier Than Ever - Edit	Billie Eilish	32	#bd3200	2021-09-29	Viral 50	is
1q3Iuk3nVEwRPj7mR34QYQ	Pisk Mig Hårdt!!!	Dario Von Slutty	33	#84bd00	2021-09-29	Viral 50	is
5bzSQWaQq0AKxaMbuwLxwv	frikki dór 2012	ClubDub, Mambakid	34	#84bd00	2021-09-29	Viral 50	is
5PjdY0CKGZdEuoNab3yDmX	STAY (with Justin Bieber)	The Kid LAROI	35	#bd3200	2021-09-29	Viral 50	is
60nXduun3ybrHhtDOUmGmV	Nails, Hair, Hips, Heels	Todrick Hall	36	#bd3200	2021-09-29	Viral 50	is
3uUuGVFu1V7jTQL60S1r8z	Where Are You Now	Lost Frequencies, Calum Scott	37	#bd3200	2021-09-29	Viral 50	is
20on25jryn53hWghthWWW3	Do It To It	ACRAZE, Cherish	38	#bd3200	2021-09-29	Viral 50	is
2eppXfCeR7XaX7x2zkCBIw	Mér er drull	FLOTT	39	#84bd00	2021-09-29	Viral 50	is
2W779g2UrRZtVdf3FcEOO1	In My Mind	Lyn Lapid	40	#bd3200	2021-09-29	Viral 50	is
1is8gU4RVcN4J8xItxWoOY	I GUESS I'M IN LOVE	Clinton Kane	41	#bd3200	2021-09-29	Viral 50	is
2Ru0Dxnb6h8fhPNfy2Z3pK	Lítil Stúlka	Lil Krummi	42	#84bd00	2021-09-29	Viral 50	is
6ATfeY4iVwD1Sz2pXF7x1n	Manstu (feat. JóiPé)	kef LAVÍK	43	#bd3200	2021-09-29	Viral 50	is
04sN26COy28wTXYj3dMoiZ	Bored	Billie Eilish	44	#4687d7	2021-09-29	Viral 50	is
2OjHNAk9fzdpuoCv1gfQV8	please don't trust me	ClubDub	45	#bd3200	2021-09-29	Viral 50	is
6hlrui656yBRUb3qGkd5lH	Los Pollos Hermanos	Knucks	46	#bd3200	2021-09-29	Viral 50	is
30QR0ndUdiiMQMA9g1PGCm	...And to Those I Love, Thanks for Sticking Around	$uicideboy$	47	#bd3200	2021-09-29	Viral 50	is
1q0PYXTbDsirp2l74ng6pn	In Da Getto	J Balvin, Skrillex	48	#4687d7	2021-09-29	Viral 50	is
37Nqx7iavZpotJSDXZWbJ3	Girls Want Girls (with Lil Baby)	Drake	49	#bd3200	2021-09-29	Viral 50	is
37y7iDayfwm3WXn5BiAoRk	Dark Red	Steve Lacy	50	#bd3200	2021-09-29	Viral 50	is
2Xr1dTzJee307rmrkt8c0g	love nwantiti (ah ah ah)	CKay	1	#3e3e40	2021-09-30	Viral 50	is
6zSpb8dQRaw0M1dK8PBwQz	Cold Heart - PNAU Remix	Elton John, Dua Lipa	2	#3e3e40	2021-09-30	Viral 50	is
4gvrJnKCKIPiacNsWVQwEU	love nwantiti (feat. Dj Yo! & AX'EL) - Remix	CKay	3	#84bd00	2021-09-30	Viral 50	is
0eu4C55hL6x29mmeAjytzC	Life Goes On	Oliver Tree	4	#bd3200	2021-09-30	Viral 50	is
5fwSHlTEWpluwOM0Sxnh5k	Pepas	Farruko	5	#84bd00	2021-09-30	Viral 50	is
07MDkzWARZaLEdKxo6yArG	Meet Me At Our Spot	THE ANXIETY, WILLOW, Tyler Cole	6	#bd3200	2021-09-30	Viral 50	is
0k1WUmIRnG3xU6fvvDVfRG	Way 2 Sexy (with Future & Young Thug)	Drake	7	#3e3e40	2021-09-30	Viral 50	is
1uMHCAyGmHqyygoNRuo7MV	edamame (feat. Rich Brian)	bbno$	8	#84bd00	2021-09-30	Viral 50	is
2prnn41CblB8B4yWACDljP	Love Tonight - David Guetta Remix Edit	Shouse	9	#84bd00	2021-09-30	Viral 50	is
1EYeZGTMCjV7uVey5fNWXM	love nwantiti (feat. ElGrande Toto) - North African Remix	CKay, ElGrandeToto	10	#84bd00	2021-09-30	Viral 50	is
5Z9KJZvQzH6PFmb8SNkxuk	INDUSTRY BABY (feat. Jack Harlow)	Lil Nas X	11	#3e3e40	2021-09-30	Viral 50	is
3J4VKkUpLvomXJbn9ZAypO	Sharing Locations (feat. Lil Baby & Lil Durk)	Meek Mill	12	#bd3200	2021-09-30	Viral 50	is
02MWAaffLxlfxAUY7c5dvx	Heat Waves	Glass Animals	13	#84bd00	2021-09-30	Viral 50	is
6SO4GbNZMa8lFx0Lvl1RcX	Vertu úlfur - Titillag	Emilíana Torrini	14	#bd3200	2021-09-30	Viral 50	is
6OufwUcCqo81guU2jAlDVP	Love Tonight - Edit	Shouse	15	#84bd00	2021-09-30	Viral 50	is
7v4pPS4A7NgY7bxFA3Etv3	HOT DEMON B!TCHES NEAR U ! ! !	CORPSE, Night Lovell	16	#84bd00	2021-09-30	Viral 50	is
1is8gU4RVcN4J8xItxWoOY	I GUESS I'M IN LOVE	Clinton Kane	17	#84bd00	2021-09-30	Viral 50	is
0RbW8kWozrVSIGb4V13o0o	Hurricane	Kanye West	18	#84bd00	2021-09-30	Viral 50	is
2BcMwX1MPV6ZHP4tUT9uq6	Knife Talk (with 21 Savage ft. Project Pat)	Drake	19	#bd3200	2021-09-30	Viral 50	is
32BeYxKPrig1LefHsC0Xuo	Happier Than Ever - Edit	Billie Eilish	20	#84bd00	2021-09-30	Viral 50	is
7sq2z9oX2S0CvgTqCZ0ko4	Strange	Celeste	21	#3e3e40	2021-09-30	Viral 50	is
20on25jryn53hWghthWWW3	Do It To It	ACRAZE, Cherish	22	#84bd00	2021-09-30	Viral 50	is
6Uj1ctrBOjOas8xZXGqKk4	Woman	Doja Cat	23	#84bd00	2021-09-30	Viral 50	is
3QFInJAm9eyaho5vBzxInN	family ties (with Kendrick Lamar)	BaKeem	24	#bd3200	2021-09-30	Viral 50	is
7zx1i0jGcFwMBurajgKlO7	Black Magic	Jonasu	25	#84bd00	2021-09-30	Viral 50	is
2Rd4eJ4KwXQQn2sMSToyUM	Moon	Kanye West	26	#4687d7	2021-09-30	Viral 50	is
5PjdY0CKGZdEuoNab3yDmX	STAY (with Justin Bieber)	The Kid LAROI	27	#84bd00	2021-09-30	Viral 50	is
4RVwu0g32PAqgUiJoXsdF8	Happier Than Ever	Billie Eilish	28	#84bd00	2021-09-30	Viral 50	is
7rYCenkV4OXJgiUuKrhDCb	Beethoven	Kenndog	29	#84bd00	2021-09-30	Viral 50	is
30QR0ndUdiiMQMA9g1PGCm	...And to Those I Love, Thanks for Sticking Around	$uicideboy$	30	#84bd00	2021-09-30	Viral 50	is
40iJIUlhi6renaREYGeIDS	Fair Trade (with Travis Scott)	Drake	31	#bd3200	2021-09-30	Viral 50	is
7pOYYtkbNhBGWpPhpWl2ow	Camel by Camel - Mix Vocal	Sandy Marton	32	#bd3200	2021-09-30	Viral 50	is
1q3Iuk3nVEwRPj7mR34QYQ	Pisk Mig Hårdt!!!	Dario Von Slutty	33	#3e3e40	2021-09-30	Viral 50	is
0V5cvmTKsYmF5FmGGEAfmS	Je te laisserai des mots	Patrick Watson	34	#bd3200	2021-09-30	Viral 50	is
5bzSQWaQq0AKxaMbuwLxwv	frikki dór 2012	ClubDub, Mambakid	35	#bd3200	2021-09-30	Viral 50	is
3uUuGVFu1V7jTQL60S1r8z	Where Are You Now	Lost Frequencies, Calum Scott	36	#84bd00	2021-09-30	Viral 50	is
0J07ya7WC09FaQADutoBRZ	Love Tonight - Robin Schulz Remix	Shouse	37	#4687d7	2021-09-30	Viral 50	is
6OTKVgVpVaVjhRLYizPJKA	Just for me	PinkPantheress	38	#bd3200	2021-09-30	Viral 50	is
2Ru0Dxnb6h8fhPNfy2Z3pK	Lítil Stúlka	Lil Krummi	39	#84bd00	2021-09-30	Viral 50	is
2eppXfCeR7XaX7x2zkCBIw	Mér er drull	FLOTT	40	#bd3200	2021-09-30	Viral 50	is
60nXduun3ybrHhtDOUmGmV	Nails, Hair, Hips, Heels	Todrick Hall	41	#bd3200	2021-09-30	Viral 50	is
2W779g2UrRZtVdf3FcEOO1	In My Mind	Lyn Lapid	42	#bd3200	2021-09-30	Viral 50	is
6hlrui656yBRUb3qGkd5lH	Los Pollos Hermanos	Knucks	43	#84bd00	2021-09-30	Viral 50	is
5NWPKgXfMhFZyPqNQ8Kt2C	Veiðimaður (feat. THØR & Bjørn)	Ingi Bauer	44	#4687d7	2021-09-30	Viral 50	is
37y7iDayfwm3WXn5BiAoRk	Dark Red	Steve Lacy	45	#84bd00	2021-09-30	Viral 50	is
3eJH2nAjvNXdmPfBkALiPZ	Acapulco	Jason Derulo	46	#4687d7	2021-09-30	Viral 50	is
0mJBiaODgK0XjOLCN5fItq	Like I Can	Sam Smith	47	#4687d7	2021-09-30	Viral 50	is
04sN26COy28wTXYj3dMoiZ	Bored	Billie Eilish	48	#bd3200	2021-09-30	Viral 50	is
0qXP5fMhxGzxALOkXYUxfP	Loverboy	A-Wall	49	#bd3200	2021-09-30	Viral 50	is
5GxUKIEkMXXZo1Tif0IzfC	Two Moons	BoyWithUke	50	#4687d7	2021-09-30	Viral 50	is
2Xr1dTzJee307rmrkt8c0g	love nwantiti (ah ah ah)	CKay	1	#3e3e40	2021-10-01	Viral 50	is
6zSpb8dQRaw0M1dK8PBwQz	Cold Heart - PNAU Remix	Elton John, Dua Lipa	2	#3e3e40	2021-10-01	Viral 50	is
0eu4C55hL6x29mmeAjytzC	Life Goes On	Oliver Tree	3	#84bd00	2021-10-01	Viral 50	is
4gvrJnKCKIPiacNsWVQwEU	love nwantiti (feat. Dj Yo! & AX'EL) - Remix	CKay	4	#bd3200	2021-10-01	Viral 50	is
07MDkzWARZaLEdKxo6yArG	Meet Me At Our Spot	THE ANXIETY, WILLOW, Tyler Cole	5	#84bd00	2021-10-01	Viral 50	is
2B4GHvToeLTOBB4QLzW3Ni	Pepas	Farruko	6	#bd3200	2021-10-01	Viral 50	is
0k1WUmIRnG3xU6fvvDVfRG	Way 2 Sexy (with Future & Young Thug)	Drake	7	#3e3e40	2021-10-01	Viral 50	is
2prnn41CblB8B4yWACDljP	Love Tonight - David Guetta Remix Edit	Shouse	8	#84bd00	2021-10-01	Viral 50	is
1uMHCAyGmHqyygoNRuo7MV	edamame (feat. Rich Brian)	bbno$	9	#bd3200	2021-10-01	Viral 50	is
3T9BKc4kB7ukeNQrCqv6ZV	Sharing Locations (feat. Lil Baby & Lil Durk)	Meek Mill	10	#84bd00	2021-10-01	Viral 50	is
7zx1i0jGcFwMBurajgKlO7	Black Magic	Jonasu	11	#84bd00	2021-10-01	Viral 50	is
3uUuGVFu1V7jTQL60S1r8z	Where Are You Now	Lost Frequencies, Calum Scott	12	#84bd00	2021-10-01	Viral 50	is
1EYeZGTMCjV7uVey5fNWXM	love nwantiti (feat. ElGrande Toto) - North African Remix	CKay, ElGrandeToto	13	#bd3200	2021-10-01	Viral 50	is
1is8gU4RVcN4J8xItxWoOY	I GUESS I'M IN LOVE	Clinton Kane	14	#84bd00	2021-10-01	Viral 50	is
32BeYxKPrig1LefHsC0Xuo	Happier Than Ever - Edit	Billie Eilish	15	#84bd00	2021-10-01	Viral 50	is
20on25jryn53hWghthWWW3	Do It To It	ACRAZE, Cherish	16	#84bd00	2021-10-01	Viral 50	is
02MWAaffLxlfxAUY7c5dvx	Heat Waves	Glass Animals	17	#bd3200	2021-10-01	Viral 50	is
2Rd4eJ4KwXQQn2sMSToyUM	Moon	Kanye West	18	#84bd00	2021-10-01	Viral 50	is
6Uj1ctrBOjOas8xZXGqKk4	Woman	Doja Cat	19	#84bd00	2021-10-01	Viral 50	is
7sq2z9oX2S0CvgTqCZ0ko4	Strange	Celeste	20	#84bd00	2021-10-01	Viral 50	is
5Z9KJZvQzH6PFmb8SNkxuk	INDUSTRY BABY (feat. Jack Harlow)	Lil Nas X	21	#bd3200	2021-10-01	Viral 50	is
7v4pPS4A7NgY7bxFA3Etv3	HOT DEMON B!TCHES NEAR U ! ! !	CORPSE, Night Lovell	22	#bd3200	2021-10-01	Viral 50	is
0RbW8kWozrVSIGb4V13o0o	Hurricane	Kanye West	23	#bd3200	2021-10-01	Viral 50	is
0J07ya7WC09FaQADutoBRZ	Love Tonight - Robin Schulz Remix	Shouse	24	#84bd00	2021-10-01	Viral 50	is
6SO4GbNZMa8lFx0Lvl1RcX	Vertu úlfur - Titillag	Emilíana Torrini	25	#bd3200	2021-10-01	Viral 50	is
7pOYYtkbNhBGWpPhpWl2ow	Camel by Camel - Mix Vocal	Sandy Marton	26	#84bd00	2021-10-01	Viral 50	is
2eppXfCeR7XaX7x2zkCBIw	Mér er drull	FLOTT	27	#84bd00	2021-10-01	Viral 50	is
5NWPKgXfMhFZyPqNQ8Kt2C	Veiðimaður (feat. THØR & Bjørn)	Ingi Bauer	28	#84bd00	2021-10-01	Viral 50	is
6OufwUcCqo81guU2jAlDVP	Love Tonight - Edit	Shouse	29	#bd3200	2021-10-01	Viral 50	is
40iJIUlhi6renaREYGeIDS	Fair Trade (with Travis Scott)	Drake	30	#84bd00	2021-10-01	Viral 50	is
5PjdY0CKGZdEuoNab3yDmX	STAY (with Justin Bieber)	The Kid LAROI	31	#bd3200	2021-10-01	Viral 50	is
2Ru0Dxnb6h8fhPNfy2Z3pK	Lítil Stúlka	Lil Krummi	32	#84bd00	2021-10-01	Viral 50	is
1q3Iuk3nVEwRPj7mR34QYQ	Pisk Mig Hårdt!!!	Dario Von Slutty	33	#3e3e40	2021-10-01	Viral 50	is
4RVwu0g32PAqgUiJoXsdF8	Happier Than Ever	Billie Eilish	34	#bd3200	2021-10-01	Viral 50	is
65xW3k84PJoqr7HNe3IyTn	Þegar ég verð 36	FLOTT	35	#4687d7	2021-10-01	Viral 50	is
2W779g2UrRZtVdf3FcEOO1	In My Mind	Lyn Lapid	36	#84bd00	2021-10-01	Viral 50	is
2USlegnFJLrVLpoVfPimKB	Thunder	Gabry Ponte, LUM!X, Prezioso	37	#4687d7	2021-10-01	Viral 50	is
5bzSQWaQq0AKxaMbuwLxwv	frikki dór 2012	ClubDub, Mambakid	38	#bd3200	2021-10-01	Viral 50	is
30QR0ndUdiiMQMA9g1PGCm	...And to Those I Love, Thanks for Sticking Around	$uicideboy$	39	#bd3200	2021-10-01	Viral 50	is
6hlrui656yBRUb3qGkd5lH	Los Pollos Hermanos	Knucks	40	#84bd00	2021-10-01	Viral 50	is
7rYCenkV4OXJgiUuKrhDCb	Beethoven	Kenndog	41	#bd3200	2021-10-01	Viral 50	is
6OTKVgVpVaVjhRLYizPJKA	Just for me	PinkPantheress	42	#bd3200	2021-10-01	Viral 50	is
1q0PYXTbDsirp2l74ng6pn	In Da Getto	J Balvin, Skrillex	43	#4687d7	2021-10-01	Viral 50	is
0V5cvmTKsYmF5FmGGEAfmS	Je te laisserai des mots	Patrick Watson	44	#bd3200	2021-10-01	Viral 50	is
37y7iDayfwm3WXn5BiAoRk	Dark Red	Steve Lacy	45	#3e3e40	2021-10-01	Viral 50	is
1MFSD0AkPk8Yq7TDEhrHcb	Bella ciao - HUGEL Remix	El Profesor	46	#4687d7	2021-10-01	Viral 50	is
5GxUKIEkMXXZo1Tif0IzfC	Two Moons	BoyWithUke	47	#84bd00	2021-10-01	Viral 50	is
2OjHNAk9fzdpuoCv1gfQV8	please don't trust me	ClubDub	48	#4687d7	2021-10-01	Viral 50	is
0mJBiaODgK0XjOLCN5fItq	Like I Can	Sam Smith	49	#bd3200	2021-10-01	Viral 50	is
42ZrMq4BKsWDrrbMnMRYaK	Jail	Kanye West	50	#4687d7	2021-10-01	Viral 50	is
2Xr1dTzJee307rmrkt8c0g	love nwantiti (ah ah ah)	CKay	1	#3e3e40	2021-10-02	Viral 50	is
6zSpb8dQRaw0M1dK8PBwQz	Cold Heart - PNAU Remix	Elton John, Dua Lipa	2	#3e3e40	2021-10-02	Viral 50	is
4gvrJnKCKIPiacNsWVQwEU	love nwantiti (feat. Dj Yo! & AX'EL) - Remix	CKay	3	#84bd00	2021-10-02	Viral 50	is
0eu4C55hL6x29mmeAjytzC	Life Goes On	Oliver Tree	4	#bd3200	2021-10-02	Viral 50	is
2B4GHvToeLTOBB4QLzW3Ni	Pepas	Farruko	5	#84bd00	2021-10-02	Viral 50	is
07MDkzWARZaLEdKxo6yArG	Meet Me At Our Spot	THE ANXIETY, WILLOW, Tyler Cole	6	#bd3200	2021-10-02	Viral 50	is
2prnn41CblB8B4yWACDljP	Love Tonight - David Guetta Remix Edit	Shouse	7	#84bd00	2021-10-02	Viral 50	is
1is8gU4RVcN4J8xItxWoOY	I GUESS I'M IN LOVE	Clinton Kane	8	#84bd00	2021-10-02	Viral 50	is
0k1WUmIRnG3xU6fvvDVfRG	Way 2 Sexy (with Future & Young Thug)	Drake	9	#bd3200	2021-10-02	Viral 50	is
1uMHCAyGmHqyygoNRuo7MV	edamame (feat. Rich Brian)	bbno$	10	#bd3200	2021-10-02	Viral 50	is
40iJIUlhi6renaREYGeIDS	Fair Trade (with Travis Scott)	Drake	11	#84bd00	2021-10-02	Viral 50	is
3uUuGVFu1V7jTQL60S1r8z	Where Are You Now	Lost Frequencies, Calum Scott	12	#3e3e40	2021-10-02	Viral 50	is
02MWAaffLxlfxAUY7c5dvx	Heat Waves	Glass Animals	13	#84bd00	2021-10-02	Viral 50	is
7zx1i0jGcFwMBurajgKlO7	Black Magic	Jonasu	14	#bd3200	2021-10-02	Viral 50	is
0J07ya7WC09FaQADutoBRZ	Love Tonight - Robin Schulz Remix	Shouse	15	#84bd00	2021-10-02	Viral 50	is
1EYeZGTMCjV7uVey5fNWXM	love nwantiti (feat. ElGrande Toto) - North African Remix	CKay, ElGrandeToto	16	#bd3200	2021-10-02	Viral 50	is
32BeYxKPrig1LefHsC0Xuo	Happier Than Ever - Edit	Billie Eilish	17	#bd3200	2021-10-02	Viral 50	is
6OufwUcCqo81guU2jAlDVP	Love Tonight - Edit	Shouse	18	#84bd00	2021-10-02	Viral 50	is
2Rd4eJ4KwXQQn2sMSToyUM	Moon	Kanye West	19	#bd3200	2021-10-02	Viral 50	is
6Uj1ctrBOjOas8xZXGqKk4	Woman	Doja Cat	20	#bd3200	2021-10-02	Viral 50	is
7v4pPS4A7NgY7bxFA3Etv3	HOT DEMON B!TCHES NEAR U ! ! !	CORPSE, Night Lovell	21	#84bd00	2021-10-02	Viral 50	is
5NWPKgXfMhFZyPqNQ8Kt2C	Veiðimaður (feat. THØR & Bjørn)	Ingi Bauer	22	#84bd00	2021-10-02	Viral 50	is
7rYCenkV4OXJgiUuKrhDCb	Beethoven	Kenndog	23	#84bd00	2021-10-02	Viral 50	is
5Z9KJZvQzH6PFmb8SNkxuk	INDUSTRY BABY (feat. Jack Harlow)	Lil Nas X	24	#bd3200	2021-10-02	Viral 50	is
2BcMwX1MPV6ZHP4tUT9uq6	Knife Talk (with 21 Savage ft. Project Pat)	Drake	25	#4687d7	2021-10-02	Viral 50	is
0RbW8kWozrVSIGb4V13o0o	Hurricane	Kanye West	26	#bd3200	2021-10-02	Viral 50	is
7pOYYtkbNhBGWpPhpWl2ow	Camel by Camel - Mix Vocal	Sandy Marton	27	#bd3200	2021-10-02	Viral 50	is
2eppXfCeR7XaX7x2zkCBIw	Mér er drull	FLOTT	28	#bd3200	2021-10-02	Viral 50	is
3T9BKc4kB7ukeNQrCqv6ZV	Sharing Locations (feat. Lil Baby & Lil Durk)	Meek Mill	29	#bd3200	2021-10-02	Viral 50	is
7sq2z9oX2S0CvgTqCZ0ko4	Strange	Celeste	30	#bd3200	2021-10-02	Viral 50	is
4RVwu0g32PAqgUiJoXsdF8	Happier Than Ever	Billie Eilish	31	#84bd00	2021-10-02	Viral 50	is
2Ru0Dxnb6h8fhPNfy2Z3pK	Lítil Stúlka	Lil Krummi	32	#3e3e40	2021-10-02	Viral 50	is
5PjdY0CKGZdEuoNab3yDmX	STAY (with Justin Bieber)	The Kid LAROI	33	#bd3200	2021-10-02	Viral 50	is
2USlegnFJLrVLpoVfPimKB	Thunder	Gabry Ponte, LUM!X, Prezioso	34	#84bd00	2021-10-02	Viral 50	is
65xW3k84PJoqr7HNe3IyTn	Þegar ég verð 36	FLOTT	35	#3e3e40	2021-10-02	Viral 50	is
6SO4GbNZMa8lFx0Lvl1RcX	Vertu úlfur - Titillag	Emilíana Torrini	36	#bd3200	2021-10-02	Viral 50	is
3S7A85bAWOd6ltk6r2ANOI	U Are My High	DJ Snake	37	#4687d7	2021-10-02	Viral 50	is
30QR0ndUdiiMQMA9g1PGCm	...And to Those I Love, Thanks for Sticking Around	$uicideboy$	38	#84bd00	2021-10-02	Viral 50	is
1q0PYXTbDsirp2l74ng6pn	In Da Getto	J Balvin, Skrillex	39	#84bd00	2021-10-02	Viral 50	is
20on25jryn53hWghthWWW3	Do It To It	ACRAZE, Cherish	40	#bd3200	2021-10-02	Viral 50	is
6hlrui656yBRUb3qGkd5lH	Los Pollos Hermanos	Knucks	41	#bd3200	2021-10-02	Viral 50	is
5O8J8vNlYGm47wjss3ZJ6F	Undrabarnið (ft. Haki)	Whyrun	42	#4687d7	2021-10-02	Viral 50	is
6OTKVgVpVaVjhRLYizPJKA	Just for me	PinkPantheress	43	#bd3200	2021-10-02	Viral 50	is
3QFInJAm9eyaho5vBzxInN	family ties (with Kendrick Lamar)	BaKeem	44	#4687d7	2021-10-02	Viral 50	is
1MFSD0AkPk8Yq7TDEhrHcb	Bella ciao - HUGEL Remix	El Profesor	45	#84bd00	2021-10-02	Viral 50	is
0V5cvmTKsYmF5FmGGEAfmS	Je te laisserai des mots	Patrick Watson	46	#bd3200	2021-10-02	Viral 50	is
5GxUKIEkMXXZo1Tif0IzfC	Two Moons	BoyWithUke	47	#3e3e40	2021-10-02	Viral 50	is
1q3Iuk3nVEwRPj7mR34QYQ	Pisk Mig Hårdt!!!	Dario Von Slutty	48	#bd3200	2021-10-02	Viral 50	is
2OjHNAk9fzdpuoCv1gfQV8	please don't trust me	ClubDub	49	#bd3200	2021-10-02	Viral 50	is
7LReyvrox0PUfUzAcz6z0O	HEITI KING	Þjóðleikhúsið, EBBA, CYBER	50	#4687d7	2021-10-02	Viral 50	is
2Xr1dTzJee307rmrkt8c0g	love nwantiti (ah ah ah)	CKay	1	#3e3e40	2021-10-03	Viral 50	is
6zSpb8dQRaw0M1dK8PBwQz	Cold Heart - PNAU Remix	Elton John, Dua Lipa	2	#3e3e40	2021-10-03	Viral 50	is
4gvrJnKCKIPiacNsWVQwEU	love nwantiti (feat. Dj Yo! & AX'EL) - Remix	CKay	3	#3e3e40	2021-10-03	Viral 50	is
0eu4C55hL6x29mmeAjytzC	Life Goes On	Oliver Tree	4	#3e3e40	2021-10-03	Viral 50	is
2B4GHvToeLTOBB4QLzW3Ni	Pepas	Farruko	5	#3e3e40	2021-10-03	Viral 50	is
07MDkzWARZaLEdKxo6yArG	Meet Me At Our Spot	THE ANXIETY, WILLOW, Tyler Cole	6	#3e3e40	2021-10-03	Viral 50	is
2prnn41CblB8B4yWACDljP	Love Tonight - David Guetta Remix Edit	Shouse	7	#3e3e40	2021-10-03	Viral 50	is
1uMHCAyGmHqyygoNRuo7MV	edamame (feat. Rich Brian)	bbno$	8	#84bd00	2021-10-03	Viral 50	is
1is8gU4RVcN4J8xItxWoOY	I GUESS I'M IN LOVE	Clinton Kane	9	#bd3200	2021-10-03	Viral 50	is
0k1WUmIRnG3xU6fvvDVfRG	Way 2 Sexy (with Future & Young Thug)	Drake	10	#bd3200	2021-10-03	Viral 50	is
0J07ya7WC09FaQADutoBRZ	Love Tonight - Robin Schulz Remix	Shouse	11	#84bd00	2021-10-03	Viral 50	is
40iJIUlhi6renaREYGeIDS	Fair Trade (with Travis Scott)	Drake	12	#bd3200	2021-10-03	Viral 50	is
3uUuGVFu1V7jTQL60S1r8z	Where Are You Now	Lost Frequencies, Calum Scott	13	#bd3200	2021-10-03	Viral 50	is
7zx1i0jGcFwMBurajgKlO7	Black Magic	Jonasu	14	#3e3e40	2021-10-03	Viral 50	is
02MWAaffLxlfxAUY7c5dvx	Heat Waves	Glass Animals	15	#bd3200	2021-10-03	Viral 50	is
32BeYxKPrig1LefHsC0Xuo	Happier Than Ever - Edit	Billie Eilish	16	#84bd00	2021-10-03	Viral 50	is
6OufwUcCqo81guU2jAlDVP	Love Tonight - Edit	Shouse	17	#84bd00	2021-10-03	Viral 50	is
30QR0ndUdiiMQMA9g1PGCm	...And to Those I Love, Thanks for Sticking Around	$uicideboy$	18	#84bd00	2021-10-03	Viral 50	is
1EYeZGTMCjV7uVey5fNWXM	love nwantiti (feat. ElGrande Toto) - North African Remix	CKay, ElGrandeToto	19	#bd3200	2021-10-03	Viral 50	is
5NWPKgXfMhFZyPqNQ8Kt2C	Veiðimaður (feat. THØR & Bjørn)	Ingi Bauer	20	#84bd00	2021-10-03	Viral 50	is
65xW3k84PJoqr7HNe3IyTn	Þegar ég verð 36	FLOTT	21	#84bd00	2021-10-03	Viral 50	is
6Uj1ctrBOjOas8xZXGqKk4	Woman	Doja Cat	22	#bd3200	2021-10-03	Viral 50	is
7sq2z9oX2S0CvgTqCZ0ko4	Strange	Celeste	23	#84bd00	2021-10-03	Viral 50	is
2Rd4eJ4KwXQQn2sMSToyUM	Moon	Kanye West	24	#bd3200	2021-10-03	Viral 50	is
2BcMwX1MPV6ZHP4tUT9uq6	Knife Talk (with 21 Savage ft. Project Pat)	Drake	25	#3e3e40	2021-10-03	Viral 50	is
5Z9KJZvQzH6PFmb8SNkxuk	INDUSTRY BABY (feat. Jack Harlow)	Lil Nas X	26	#bd3200	2021-10-03	Viral 50	is
5PjdY0CKGZdEuoNab3yDmX	STAY (with Justin Bieber)	The Kid LAROI	27	#84bd00	2021-10-03	Viral 50	is
7pOYYtkbNhBGWpPhpWl2ow	Camel by Camel - Mix Vocal	Sandy Marton	28	#bd3200	2021-10-03	Viral 50	is
2dWNKXTs5z7Iu1g0kYh4Xe	My Heart Goes (La Di Da) (feat. Topic)	Becky Hill	29	#4687d7	2021-10-03	Viral 50	is
3T9BKc4kB7ukeNQrCqv6ZV	Sharing Locations (feat. Lil Baby & Lil Durk)	Meek Mill	30	#bd3200	2021-10-03	Viral 50	is
6OTKVgVpVaVjhRLYizPJKA	Just for me	PinkPantheress	31	#84bd00	2021-10-03	Viral 50	is
4RVwu0g32PAqgUiJoXsdF8	Happier Than Ever	Billie Eilish	32	#bd3200	2021-10-03	Viral 50	is
2USlegnFJLrVLpoVfPimKB	Thunder	Gabry Ponte, LUM!X, Prezioso	33	#84bd00	2021-10-03	Viral 50	is
6SO4GbNZMa8lFx0Lvl1RcX	Vertu úlfur - Titillag	Emilíana Torrini	34	#84bd00	2021-10-03	Viral 50	is
5O8J8vNlYGm47wjss3ZJ6F	Undrabarnið (ft. Haki)	Whyrun	35	#84bd00	2021-10-03	Viral 50	is
3S7A85bAWOd6ltk6r2ANOI	U Are My High	DJ Snake	36	#84bd00	2021-10-03	Viral 50	is
20on25jryn53hWghthWWW3	Do It To It	ACRAZE, Cherish	37	#84bd00	2021-10-03	Viral 50	is
7LReyvrox0PUfUzAcz6z0O	HEITI KING	Þjóðleikhúsið, EBBA, CYBER	38	#84bd00	2021-10-03	Viral 50	is
2eppXfCeR7XaX7x2zkCBIw	Mér er drull	FLOTT	39	#bd3200	2021-10-03	Viral 50	is
5GxUKIEkMXXZo1Tif0IzfC	Two Moons	BoyWithUke	40	#84bd00	2021-10-03	Viral 50	is
0Fs9cdPDhptWEDJmiCbkEW	She Knows (feat. Amber Coffman & Cults)	J. Cole	41	#4687d7	2021-10-03	Viral 50	is
3QFInJAm9eyaho5vBzxInN	family ties (with Kendrick Lamar)	BaKeem	42	#84bd00	2021-10-03	Viral 50	is
2Ru0Dxnb6h8fhPNfy2Z3pK	Lítil Stúlka	Lil Krummi	43	#bd3200	2021-10-03	Viral 50	is
37Nqx7iavZpotJSDXZWbJ3	Girls Want Girls (with Lil Baby)	Drake	44	#4687d7	2021-10-03	Viral 50	is
4raIqAeT4fEHRLNCgqYrqW	Ég er farinn	Úlfur Úlfur	45	#4687d7	2021-10-03	Viral 50	is
7v4pPS4A7NgY7bxFA3Etv3	HOT DEMON B!TCHES NEAR U ! ! !	CORPSE, Night Lovell	46	#bd3200	2021-10-03	Viral 50	is
1q3Iuk3nVEwRPj7mR34QYQ	Pisk Mig Hårdt!!!	Dario Von Slutty	47	#84bd00	2021-10-03	Viral 50	is
0lnpnsrVaW9elGgRxpDCgE	Fancy Like	Walker Hayes	48	#4687d7	2021-10-03	Viral 50	is
1olCzMxaeiQKNO64ssWVGr	Talk About	Rain Radio, DJ Craig Gorman	49	#4687d7	2021-10-03	Viral 50	is
0xfMlIW8lS40qvpsUw1l0X	Never Going Home	Kungs	50	#4687d7	2021-10-03	Viral 50	is
2Xr1dTzJee307rmrkt8c0g	love nwantiti (ah ah ah)	CKay	1	#3e3e40	2021-10-04	Viral 50	is
6zSpb8dQRaw0M1dK8PBwQz	Cold Heart - PNAU Remix	Elton John, Dua Lipa	2	#3e3e40	2021-10-04	Viral 50	is
4gvrJnKCKIPiacNsWVQwEU	love nwantiti (feat. Dj Yo! & AX'EL) - Remix	CKay	3	#3e3e40	2021-10-04	Viral 50	is
0eu4C55hL6x29mmeAjytzC	Life Goes On	Oliver Tree	4	#3e3e40	2021-10-04	Viral 50	is
07MDkzWARZaLEdKxo6yArG	Meet Me At Our Spot	THE ANXIETY, WILLOW, Tyler Cole	5	#84bd00	2021-10-04	Viral 50	is
75MNhvTCCKsST3YqqUiU9r	Shivers	Ed Sheeran	6	#4687d7	2021-10-04	Viral 50	is
2B4GHvToeLTOBB4QLzW3Ni	Pepas	Farruko	7	#bd3200	2021-10-04	Viral 50	is
2prnn41CblB8B4yWACDljP	Love Tonight - David Guetta Remix Edit	Shouse	8	#bd3200	2021-10-04	Viral 50	is
4PYfFHKfjYz6dwAtZhBy1z	Obsessed With You	Central Cee	9	#4687d7	2021-10-04	Viral 50	is
1is8gU4RVcN4J8xItxWoOY	I GUESS I'M IN LOVE	Clinton Kane	10	#bd3200	2021-10-04	Viral 50	is
7zx1i0jGcFwMBurajgKlO7	Black Magic	Jonasu	11	#84bd00	2021-10-04	Viral 50	is
0J07ya7WC09FaQADutoBRZ	Love Tonight - Robin Schulz Remix	Shouse	12	#bd3200	2021-10-04	Viral 50	is
1uMHCAyGmHqyygoNRuo7MV	edamame (feat. Rich Brian)	bbno$	13	#bd3200	2021-10-04	Viral 50	is
2xXPVOKw75Ouju8Qu4SdIA	I Don't Wanna Talk (I Just Wanna Dance)	Glass Animals	14	#4687d7	2021-10-04	Viral 50	is
5SixeLvPsYpk7qq9lo5xYg	Have Mercy	Chlöe	15	#4687d7	2021-10-04	Viral 50	is
0k1WUmIRnG3xU6fvvDVfRG	Way 2 Sexy (with Future & Young Thug)	Drake	16	#bd3200	2021-10-04	Viral 50	is
02MWAaffLxlfxAUY7c5dvx	Heat Waves	Glass Animals	17	#bd3200	2021-10-04	Viral 50	is
3wA4ronkc8ZcPXUP0fDgYA	Bad Day	Justus Bennetts	18	#4687d7	2021-10-04	Viral 50	is
5NWPKgXfMhFZyPqNQ8Kt2C	Veiðimaður (feat. THØR & Bjørn)	Ingi Bauer	19	#84bd00	2021-10-04	Viral 50	is
6Uj1ctrBOjOas8xZXGqKk4	Woman	Doja Cat	20	#84bd00	2021-10-04	Viral 50	is
3uUuGVFu1V7jTQL60S1r8z	Where Are You Now	Lost Frequencies, Calum Scott	21	#bd3200	2021-10-04	Viral 50	is
5O8J8vNlYGm47wjss3ZJ6F	Undrabarnið (ft. Haki)	Whyrun	22	#84bd00	2021-10-04	Viral 50	is
6OufwUcCqo81guU2jAlDVP	Love Tonight - Edit	Shouse	23	#bd3200	2021-10-04	Viral 50	is
5Z9KJZvQzH6PFmb8SNkxuk	INDUSTRY BABY (feat. Jack Harlow)	Lil Nas X	24	#84bd00	2021-10-04	Viral 50	is
65xW3k84PJoqr7HNe3IyTn	Þegar ég verð 36	FLOTT	25	#bd3200	2021-10-04	Viral 50	is
3NL1kmzfIGDWGVQLjkJCHc	lemme land?	Canking, Ess2Mad	26	#4687d7	2021-10-04	Viral 50	is
0UTyLmkQgPOEIz95OVAJTR	range brothers (with Kendrick Lamar)	BaKeem	27	#4687d7	2021-10-04	Viral 50	is
40iJIUlhi6renaREYGeIDS	Fair Trade (with Travis Scott)	Drake	28	#bd3200	2021-10-04	Viral 50	is
7hU3IHwjX150XLoTVmjD0q	MONEY	LISA	29	#4687d7	2021-10-04	Viral 50	is
3T9BKc4kB7ukeNQrCqv6ZV	Sharing Locations (feat. Lil Baby & Lil Durk)	Meek Mill	30	#3e3e40	2021-10-04	Viral 50	is
30QR0ndUdiiMQMA9g1PGCm	...And to Those I Love, Thanks for Sticking Around	$uicideboy$	31	#bd3200	2021-10-04	Viral 50	is
7sq2z9oX2S0CvgTqCZ0ko4	Strange	Celeste	32	#bd3200	2021-10-04	Viral 50	is
7CC6UbCs4iGsePSzFxYxNn	Moon	Kanye West	33	#bd3200	2021-10-04	Viral 50	is
7pOYYtkbNhBGWpPhpWl2ow	Camel by Camel - Mix Vocal	Sandy Marton	34	#bd3200	2021-10-04	Viral 50	is
2dWNKXTs5z7Iu1g0kYh4Xe	My Heart Goes (La Di Da) (feat. Topic)	Becky Hill	35	#bd3200	2021-10-04	Viral 50	is
32BeYxKPrig1LefHsC0Xuo	Happier Than Ever - Edit	Billie Eilish	36	#bd3200	2021-10-04	Viral 50	is
1EYeZGTMCjV7uVey5fNWXM	love nwantiti (feat. ElGrande Toto) - North African Remix	CKay, ElGrandeToto	37	#bd3200	2021-10-04	Viral 50	is
20on25jryn53hWghthWWW3	Do It To It	ACRAZE, Cherish	38	#bd3200	2021-10-04	Viral 50	is
3S7A85bAWOd6ltk6r2ANOI	U Are My High	DJ Snake	39	#bd3200	2021-10-04	Viral 50	is
0Fs9cdPDhptWEDJmiCbkEW	She Knows (feat. Amber Coffman & Cults)	J. Cole	40	#84bd00	2021-10-04	Viral 50	is
2eppXfCeR7XaX7x2zkCBIw	Mér er drull	FLOTT	41	#bd3200	2021-10-04	Viral 50	is
1olCzMxaeiQKNO64ssWVGr	Talk About	Rain Radio, DJ Craig Gorman	42	#84bd00	2021-10-04	Viral 50	is
4RVwu0g32PAqgUiJoXsdF8	Happier Than Ever	Billie Eilish	43	#bd3200	2021-10-04	Viral 50	is
5PjdY0CKGZdEuoNab3yDmX	STAY (with Justin Bieber)	The Kid LAROI	44	#bd3200	2021-10-04	Viral 50	is
6Hfu9sc7jvv6coyy2LlzBF	Hurricane	Kanye West	45	#4687d7	2021-10-04	Viral 50	is
2USlegnFJLrVLpoVfPimKB	Thunder	Gabry Ponte, LUM!X, Prezioso	46	#bd3200	2021-10-04	Viral 50	is
0xfMlIW8lS40qvpsUw1l0X	Never Going Home	Kungs	47	#84bd00	2021-10-04	Viral 50	is
2hhFpD32iXUd4GaCu6T4wn	Everyday Normal Guy 2	Jon Lajoie	48	#4687d7	2021-10-04	Viral 50	is
1lAJUXyP5S2dUYHer1xBas	Drunk And Nasty (feat. Sharc)	Pi’erre Bourne	49	#4687d7	2021-10-04	Viral 50	is
3CLSHJv5aUROAN2vfOyCOh	Close Eyes	DVRST	50	#4687d7	2021-10-04	Viral 50	is
2Xr1dTzJee307rmrkt8c0g	love nwantiti (ah ah ah)	CKay	1	#3e3e40	2021-10-05	Viral 50	is
6zSpb8dQRaw0M1dK8PBwQz	Cold Heart - PNAU Remix	Elton John, Dua Lipa	2	#3e3e40	2021-10-05	Viral 50	is
4gvrJnKCKIPiacNsWVQwEU	love nwantiti (feat. Dj Yo! & AX'EL) - Remix	CKay	3	#3e3e40	2021-10-05	Viral 50	is
07MDkzWARZaLEdKxo6yArG	Meet Me At Our Spot	THE ANXIETY, WILLOW, Tyler Cole	4	#84bd00	2021-10-05	Viral 50	is
75MNhvTCCKsST3YqqUiU9r	Shivers	Ed Sheeran	5	#84bd00	2021-10-05	Viral 50	is
0eu4C55hL6x29mmeAjytzC	Life Goes On	Oliver Tree	6	#bd3200	2021-10-05	Viral 50	is
2B4GHvToeLTOBB4QLzW3Ni	Pepas	Farruko	7	#3e3e40	2021-10-05	Viral 50	is
2prnn41CblB8B4yWACDljP	Love Tonight - David Guetta Remix Edit	Shouse	8	#3e3e40	2021-10-05	Viral 50	is
0J07ya7WC09FaQADutoBRZ	Love Tonight - Robin Schulz Remix	Shouse	9	#84bd00	2021-10-05	Viral 50	is
1is8gU4RVcN4J8xItxWoOY	I GUESS I'M IN LOVE	Clinton Kane	10	#3e3e40	2021-10-05	Viral 50	is
7zx1i0jGcFwMBurajgKlO7	Black Magic	Jonasu	11	#3e3e40	2021-10-05	Viral 50	is
4PYfFHKfjYz6dwAtZhBy1z	Obsessed With You	Central Cee	12	#bd3200	2021-10-05	Viral 50	is
5SixeLvPsYpk7qq9lo5xYg	Have Mercy	Chlöe	13	#84bd00	2021-10-05	Viral 50	is
0k1WUmIRnG3xU6fvvDVfRG	Way 2 Sexy (with Future & Young Thug)	Drake	14	#84bd00	2021-10-05	Viral 50	is
1uMHCAyGmHqyygoNRuo7MV	edamame (feat. Rich Brian)	bbno$	15	#bd3200	2021-10-05	Viral 50	is
2xXPVOKw75Ouju8Qu4SdIA	I Don't Wanna Talk (I Just Wanna Dance)	Glass Animals	16	#bd3200	2021-10-05	Viral 50	is
6OufwUcCqo81guU2jAlDVP	Love Tonight - Edit	Shouse	17	#84bd00	2021-10-05	Viral 50	is
5Z9KJZvQzH6PFmb8SNkxuk	INDUSTRY BABY (feat. Jack Harlow)	Lil Nas X	18	#84bd00	2021-10-05	Viral 50	is
5NWPKgXfMhFZyPqNQ8Kt2C	Veiðimaður (feat. THØR & Bjørn)	Ingi Bauer	19	#3e3e40	2021-10-05	Viral 50	is
20on25jryn53hWghthWWW3	Do It To It	ACRAZE, Cherish	20	#84bd00	2021-10-05	Viral 50	is
3uUuGVFu1V7jTQL60S1r8z	Where Are You Now	Lost Frequencies, Calum Scott	21	#3e3e40	2021-10-05	Viral 50	is
5O8J8vNlYGm47wjss3ZJ6F	Undrabarnið (ft. Haki)	Whyrun	22	#3e3e40	2021-10-05	Viral 50	is
7CC6UbCs4iGsePSzFxYxNn	Moon	Kanye West	23	#84bd00	2021-10-05	Viral 50	is
40iJIUlhi6renaREYGeIDS	Fair Trade (with Travis Scott)	Drake	24	#84bd00	2021-10-05	Viral 50	is
7hU3IHwjX150XLoTVmjD0q	MONEY	LISA	25	#84bd00	2021-10-05	Viral 50	is
7sq2z9oX2S0CvgTqCZ0ko4	Strange	Celeste	26	#84bd00	2021-10-05	Viral 50	is
02MWAaffLxlfxAUY7c5dvx	Heat Waves	Glass Animals	27	#bd3200	2021-10-05	Viral 50	is
65xW3k84PJoqr7HNe3IyTn	Þegar ég verð 36	FLOTT	28	#bd3200	2021-10-05	Viral 50	is
32BeYxKPrig1LefHsC0Xuo	Happier Than Ever - Edit	Billie Eilish	29	#84bd00	2021-10-05	Viral 50	is
0UTyLmkQgPOEIz95OVAJTR	range brothers (with Kendrick Lamar)	BaKeem	30	#bd3200	2021-10-05	Viral 50	is
30QR0ndUdiiMQMA9g1PGCm	...And to Those I Love, Thanks for Sticking Around	$uicideboy$	31	#3e3e40	2021-10-05	Viral 50	is
3T9BKc4kB7ukeNQrCqv6ZV	Sharing Locations (feat. Lil Baby & Lil Durk)	Meek Mill	32	#bd3200	2021-10-05	Viral 50	is
2USlegnFJLrVLpoVfPimKB	Thunder	Gabry Ponte, LUM!X, Prezioso	33	#84bd00	2021-10-05	Viral 50	is
3S7A85bAWOd6ltk6r2ANOI	U Are My High	DJ Snake	34	#84bd00	2021-10-05	Viral 50	is
3wA4ronkc8ZcPXUP0fDgYA	Bad Day	Justus Bennetts	35	#bd3200	2021-10-05	Viral 50	is
6Uj1ctrBOjOas8xZXGqKk4	Woman	Doja Cat	36	#bd3200	2021-10-05	Viral 50	is
6Hfu9sc7jvv6coyy2LlzBF	Hurricane	Kanye West	37	#84bd00	2021-10-05	Viral 50	is
0Fs9cdPDhptWEDJmiCbkEW	She Knows (feat. Amber Coffman & Cults)	J. Cole	38	#84bd00	2021-10-05	Viral 50	is
0xfMlIW8lS40qvpsUw1l0X	Never Going Home	Kungs	39	#84bd00	2021-10-05	Viral 50	is
2dWNKXTs5z7Iu1g0kYh4Xe	My Heart Goes (La Di Da) (feat. Topic)	Becky Hill	40	#bd3200	2021-10-05	Viral 50	is
7pOYYtkbNhBGWpPhpWl2ow	Camel by Camel - Mix Vocal	Sandy Marton	41	#bd3200	2021-10-05	Viral 50	is
7rYCenkV4OXJgiUuKrhDCb	Beethoven	Kenndog	42	#4687d7	2021-10-05	Viral 50	is
3QFInJAm9eyaho5vBzxInN	family ties (with Kendrick Lamar)	BaKeem	43	#4687d7	2021-10-05	Viral 50	is
1olCzMxaeiQKNO64ssWVGr	Talk About	Rain Radio, DJ Craig Gorman	44	#bd3200	2021-10-05	Viral 50	is
0mCVNGC4Vvb6gDDQrDpaRh	Les	Childish Gambino	45	#4687d7	2021-10-05	Viral 50	is
3qj4vBQO1SWIdLFJRr2nHb	F.C.K (feat. Aron Can)	Birnir	46	#4687d7	2021-10-05	Viral 50	is
2eppXfCeR7XaX7x2zkCBIw	Mér er drull	FLOTT	47	#bd3200	2021-10-05	Viral 50	is
2hhFpD32iXUd4GaCu6T4wn	Everyday Normal Guy 2	Jon Lajoie	48	#3e3e40	2021-10-05	Viral 50	is
29TPjc8wxfz4XMn21O7VsZ	Sky	Playboi Carti	49	#4687d7	2021-10-05	Viral 50	is
1175r6ZmkUjX8dRJLz9Ohk	I Love You So	The Walters	50	#4687d7	2021-10-05	Viral 50	is
2Xr1dTzJee307rmrkt8c0g	love nwantiti (ah ah ah)	CKay	1	#3e3e40	2021-10-06	Viral 50	is
6zSpb8dQRaw0M1dK8PBwQz	Cold Heart - PNAU Remix	Elton John, Dua Lipa	2	#3e3e40	2021-10-06	Viral 50	is
4gvrJnKCKIPiacNsWVQwEU	love nwantiti (feat. Dj Yo! & AX'EL) - Remix	CKay	3	#3e3e40	2021-10-06	Viral 50	is
07MDkzWARZaLEdKxo6yArG	Meet Me At Our Spot	THE ANXIETY, WILLOW, Tyler Cole	4	#3e3e40	2021-10-06	Viral 50	is
75MNhvTCCKsST3YqqUiU9r	Shivers	Ed Sheeran	5	#3e3e40	2021-10-06	Viral 50	is
2prnn41CblB8B4yWACDljP	Love Tonight - David Guetta Remix Edit	Shouse	6	#84bd00	2021-10-06	Viral 50	is
0J07ya7WC09FaQADutoBRZ	Love Tonight - Robin Schulz Remix	Shouse	7	#84bd00	2021-10-06	Viral 50	is
2B4GHvToeLTOBB4QLzW3Ni	Pepas	Farruko	8	#bd3200	2021-10-06	Viral 50	is
0eu4C55hL6x29mmeAjytzC	Life Goes On	Oliver Tree	9	#bd3200	2021-10-06	Viral 50	is
0k1WUmIRnG3xU6fvvDVfRG	Way 2 Sexy (with Future & Young Thug)	Drake	10	#84bd00	2021-10-06	Viral 50	is
1is8gU4RVcN4J8xItxWoOY	I GUESS I'M IN LOVE	Clinton Kane	11	#bd3200	2021-10-06	Viral 50	is
1uMHCAyGmHqyygoNRuo7MV	edamame (feat. Rich Brian)	bbno$	12	#84bd00	2021-10-06	Viral 50	is
4PYfFHKfjYz6dwAtZhBy1z	Obsessed With You	Central Cee	13	#bd3200	2021-10-06	Viral 50	is
5NWPKgXfMhFZyPqNQ8Kt2C	Veiðimaður (feat. THØR & Bjørn)	Ingi Bauer	14	#84bd00	2021-10-06	Viral 50	is
7zx1i0jGcFwMBurajgKlO7	Black Magic	Jonasu	15	#bd3200	2021-10-06	Viral 50	is
2xXPVOKw75Ouju8Qu4SdIA	I Don't Wanna Talk (I Just Wanna Dance)	Glass Animals	16	#3e3e40	2021-10-06	Viral 50	is
5SixeLvPsYpk7qq9lo5xYg	Have Mercy	Chlöe	17	#bd3200	2021-10-06	Viral 50	is
65xW3k84PJoqr7HNe3IyTn	Þegar ég verð 36	FLOTT	18	#84bd00	2021-10-06	Viral 50	is
5Z9KJZvQzH6PFmb8SNkxuk	INDUSTRY BABY (feat. Jack Harlow)	Lil Nas X	19	#bd3200	2021-10-06	Viral 50	is
20on25jryn53hWghthWWW3	Do It To It	ACRAZE, Cherish	20	#3e3e40	2021-10-06	Viral 50	is
6OufwUcCqo81guU2jAlDVP	Love Tonight - Edit	Shouse	21	#bd3200	2021-10-06	Viral 50	is
30QR0ndUdiiMQMA9g1PGCm	...And to Those I Love, Thanks for Sticking Around	$uicideboy$	22	#84bd00	2021-10-06	Viral 50	is
02MWAaffLxlfxAUY7c5dvx	Heat Waves	Glass Animals	23	#84bd00	2021-10-06	Viral 50	is
5O8J8vNlYGm47wjss3ZJ6F	Undrabarnið (ft. Haki)	Whyrun	24	#bd3200	2021-10-06	Viral 50	is
3uUuGVFu1V7jTQL60S1r8z	Where Are You Now	Lost Frequencies, Calum Scott	25	#bd3200	2021-10-06	Viral 50	is
7CC6UbCs4iGsePSzFxYxNn	Moon	Kanye West	26	#bd3200	2021-10-06	Viral 50	is
32BeYxKPrig1LefHsC0Xuo	Happier Than Ever - Edit	Billie Eilish	27	#84bd00	2021-10-06	Viral 50	is
3QFInJAm9eyaho5vBzxInN	family ties (with Kendrick Lamar)	BaKeem	28	#84bd00	2021-10-06	Viral 50	is
40iJIUlhi6renaREYGeIDS	Fair Trade (with Travis Scott)	Drake	29	#bd3200	2021-10-06	Viral 50	is
6Hfu9sc7jvv6coyy2LlzBF	Hurricane	Kanye West	30	#84bd00	2021-10-06	Viral 50	is
3T9BKc4kB7ukeNQrCqv6ZV	Sharing Locations (feat. Lil Baby & Lil Durk)	Meek Mill	31	#84bd00	2021-10-06	Viral 50	is
2USlegnFJLrVLpoVfPimKB	Thunder	Gabry Ponte, LUM!X, Prezioso	32	#84bd00	2021-10-06	Viral 50	is
3S7A85bAWOd6ltk6r2ANOI	U Are My High	DJ Snake	33	#84bd00	2021-10-06	Viral 50	is
0Fs9cdPDhptWEDJmiCbkEW	She Knows (feat. Amber Coffman & Cults)	J. Cole	34	#84bd00	2021-10-06	Viral 50	is
2dWNKXTs5z7Iu1g0kYh4Xe	My Heart Goes (La Di Da) (feat. Topic)	Becky Hill	35	#84bd00	2021-10-06	Viral 50	is
3qj4vBQO1SWIdLFJRr2nHb	F.C.K (feat. Aron Can)	Birnir	36	#84bd00	2021-10-06	Viral 50	is
0xfMlIW8lS40qvpsUw1l0X	Never Going Home	Kungs	37	#84bd00	2021-10-06	Viral 50	is
2BcMwX1MPV6ZHP4tUT9uq6	Knife Talk (with 21 Savage ft. Project Pat)	Drake	38	#4687d7	2021-10-06	Viral 50	is
1olCzMxaeiQKNO64ssWVGr	Talk About	Rain Radio, DJ Craig Gorman	39	#84bd00	2021-10-06	Viral 50	is
7pOYYtkbNhBGWpPhpWl2ow	Camel by Camel - Mix Vocal	Sandy Marton	40	#84bd00	2021-10-06	Viral 50	is
6Uj1ctrBOjOas8xZXGqKk4	Woman	Doja Cat	41	#bd3200	2021-10-06	Viral 50	is
7rYCenkV4OXJgiUuKrhDCb	Beethoven	Kenndog	42	#3e3e40	2021-10-06	Viral 50	is
1EYeZGTMCjV7uVey5fNWXM	love nwantiti (feat. ElGrande Toto) - North African Remix	CKay, ElGrandeToto	43	#4687d7	2021-10-06	Viral 50	is
7v4pPS4A7NgY7bxFA3Etv3	HOT DEMON B!TCHES NEAR U ! ! !	CORPSE, Night Lovell	44	#4687d7	2021-10-06	Viral 50	is
1175r6ZmkUjX8dRJLz9Ohk	I Love You So	The Walters	45	#84bd00	2021-10-06	Viral 50	is
6LNoArVBBVZzUTUiAX2aKO	Off The Grid	Kanye West	46	#4687d7	2021-10-06	Viral 50	is
32pPek0KsHsMSSFogNu49f	Wasted	Digga D, ArrDee	47	#4687d7	2021-10-06	Viral 50	is
7sq2z9oX2S0CvgTqCZ0ko4	Strange	Celeste	48	#bd3200	2021-10-06	Viral 50	is
4mR9wCfn4yb8t7O5LlnMtv	Feel Like God	gazzzy, framed	49	#4687d7	2021-10-06	Viral 50	is
60nXduun3ybrHhtDOUmGmV	Nails, Hair, Hips, Heels	Todrick Hall	50	#4687d7	2021-10-06	Viral 50	is
2Xr1dTzJee307rmrkt8c0g	love nwantiti (ah ah ah)	CKay	1	#3e3e40	2021-10-07	Viral 50	is
6zSpb8dQRaw0M1dK8PBwQz	Cold Heart - PNAU Remix	Elton John, Dua Lipa	2	#3e3e40	2021-10-07	Viral 50	is
4gvrJnKCKIPiacNsWVQwEU	love nwantiti (feat. Dj Yo! & AX'EL) - Remix	CKay	3	#3e3e40	2021-10-07	Viral 50	is
2prnn41CblB8B4yWACDljP	Love Tonight - David Guetta Remix Edit	Shouse	4	#84bd00	2021-10-07	Viral 50	is
75MNhvTCCKsST3YqqUiU9r	Shivers	Ed Sheeran	5	#3e3e40	2021-10-07	Viral 50	is
07MDkzWARZaLEdKxo6yArG	Meet Me At Our Spot	THE ANXIETY, WILLOW, Tyler Cole	6	#bd3200	2021-10-07	Viral 50	is
0eu4C55hL6x29mmeAjytzC	Life Goes On	Oliver Tree	7	#84bd00	2021-10-07	Viral 50	is
0J07ya7WC09FaQADutoBRZ	Love Tonight - Robin Schulz Remix	Shouse	8	#bd3200	2021-10-07	Viral 50	is
5SixeLvPsYpk7qq9lo5xYg	Have Mercy	Chlöe	9	#84bd00	2021-10-07	Viral 50	is
2B4GHvToeLTOBB4QLzW3Ni	Pepas	Farruko	10	#bd3200	2021-10-07	Viral 50	is
7hU3IHwjX150XLoTVmjD0q	MONEY	LISA	11	#4687d7	2021-10-07	Viral 50	is
0k1WUmIRnG3xU6fvvDVfRG	Way 2 Sexy (with Future & Young Thug)	Drake	12	#bd3200	2021-10-07	Viral 50	is
1uMHCAyGmHqyygoNRuo7MV	edamame (feat. Rich Brian)	bbno$	13	#bd3200	2021-10-07	Viral 50	is
02MWAaffLxlfxAUY7c5dvx	Heat Waves	Glass Animals	14	#84bd00	2021-10-07	Viral 50	is
7zx1i0jGcFwMBurajgKlO7	Black Magic	Jonasu	15	#3e3e40	2021-10-07	Viral 50	is
1is8gU4RVcN4J8xItxWoOY	I GUESS I'M IN LOVE	Clinton Kane	16	#bd3200	2021-10-07	Viral 50	is
2xXPVOKw75Ouju8Qu4SdIA	I Don't Wanna Talk (I Just Wanna Dance)	Glass Animals	17	#bd3200	2021-10-07	Viral 50	is
65xW3k84PJoqr7HNe3IyTn	Þegar ég verð 36	FLOTT	18	#3e3e40	2021-10-07	Viral 50	is
6OufwUcCqo81guU2jAlDVP	Love Tonight - Edit	Shouse	19	#84bd00	2021-10-07	Viral 50	is
20on25jryn53hWghthWWW3	Do It To It	ACRAZE, Cherish	20	#3e3e40	2021-10-07	Viral 50	is
3QFInJAm9eyaho5vBzxInN	family ties (with Kendrick Lamar)	BaKeem	21	#84bd00	2021-10-07	Viral 50	is
5NWPKgXfMhFZyPqNQ8Kt2C	Veiðimaður (feat. THØR & Bjørn)	Ingi Bauer	22	#bd3200	2021-10-07	Viral 50	is
5Z9KJZvQzH6PFmb8SNkxuk	INDUSTRY BABY (feat. Jack Harlow)	Lil Nas X	23	#bd3200	2021-10-07	Viral 50	is
5O8J8vNlYGm47wjss3ZJ6F	Undrabarnið (ft. Haki)	Whyrun	24	#3e3e40	2021-10-07	Viral 50	is
4PYfFHKfjYz6dwAtZhBy1z	Obsessed With You	Central Cee	25	#bd3200	2021-10-07	Viral 50	is
3CLSHJv5aUROAN2vfOyCOh	Close Eyes	DVRST	26	#4687d7	2021-10-07	Viral 50	is
0UTyLmkQgPOEIz95OVAJTR	range brothers (with Kendrick Lamar)	BaKeem	27	#4687d7	2021-10-07	Viral 50	is
30QR0ndUdiiMQMA9g1PGCm	...And to Those I Love, Thanks for Sticking Around	$uicideboy$	28	#bd3200	2021-10-07	Viral 50	is
0xfMlIW8lS40qvpsUw1l0X	Never Going Home	Kungs	29	#84bd00	2021-10-07	Viral 50	is
40iJIUlhi6renaREYGeIDS	Fair Trade (with Travis Scott)	Drake	30	#bd3200	2021-10-07	Viral 50	is
3NqBxTOMCJ3zW9CIP51td4	Jugaste y Sufrí	Eslabon Armado, DannyLux	31	#4687d7	2021-10-07	Viral 50	is
0Fs9cdPDhptWEDJmiCbkEW	She Knows (feat. Amber Coffman & Cults)	J. Cole	32	#84bd00	2021-10-07	Viral 50	is
3uUuGVFu1V7jTQL60S1r8z	Where Are You Now	Lost Frequencies, Calum Scott	33	#bd3200	2021-10-07	Viral 50	is
2dWNKXTs5z7Iu1g0kYh4Xe	My Heart Goes (La Di Da) (feat. Topic)	Becky Hill	34	#84bd00	2021-10-07	Viral 50	is
6Hfu9sc7jvv6coyy2LlzBF	Hurricane	Kanye West	35	#bd3200	2021-10-07	Viral 50	is
32BeYxKPrig1LefHsC0Xuo	Happier Than Ever - Edit	Billie Eilish	36	#bd3200	2021-10-07	Viral 50	is
1olCzMxaeiQKNO64ssWVGr	Talk About	Rain Radio, DJ Craig Gorman	37	#84bd00	2021-10-07	Viral 50	is
2BcMwX1MPV6ZHP4tUT9uq6	Knife Talk (with 21 Savage ft. Project Pat)	Drake	38	#3e3e40	2021-10-07	Viral 50	is
7pOYYtkbNhBGWpPhpWl2ow	Camel by Camel - Mix Vocal	Sandy Marton	39	#84bd00	2021-10-07	Viral 50	is
3qj4vBQO1SWIdLFJRr2nHb	F.C.K (feat. Aron Can)	Birnir	40	#bd3200	2021-10-07	Viral 50	is
7rYCenkV4OXJgiUuKrhDCb	Beethoven	Kenndog	41	#84bd00	2021-10-07	Viral 50	is
6Uj1ctrBOjOas8xZXGqKk4	Woman	Doja Cat	42	#bd3200	2021-10-07	Viral 50	is
60nXduun3ybrHhtDOUmGmV	Nails, Hair, Hips, Heels	Todrick Hall	43	#84bd00	2021-10-07	Viral 50	is
1EYeZGTMCjV7uVey5fNWXM	love nwantiti (feat. ElGrande Toto) - North African Remix	CKay, ElGrandeToto	44	#bd3200	2021-10-07	Viral 50	is
2USlegnFJLrVLpoVfPimKB	Thunder	Gabry Ponte, LUM!X, Prezioso	45	#bd3200	2021-10-07	Viral 50	is
1175r6ZmkUjX8dRJLz9Ohk	I Love You So	The Walters	46	#bd3200	2021-10-07	Viral 50	is
7v4pPS4A7NgY7bxFA3Etv3	HOT DEMON B!TCHES NEAR U ! ! !	CORPSE, Night Lovell	47	#bd3200	2021-10-07	Viral 50	is
6LNoArVBBVZzUTUiAX2aKO	Off The Grid	Kanye West	48	#bd3200	2021-10-07	Viral 50	is
1F80MEkZA9yTlpMQp9dhht	Because You Move Me	Tinlicker, Helsloot	49	#4687d7	2021-10-07	Viral 50	is
3T9BKc4kB7ukeNQrCqv6ZV	Sharing Locations (feat. Lil Baby & Lil Durk)	Meek Mill	50	#bd3200	2021-10-07	Viral 50	is
2Xr1dTzJee307rmrkt8c0g	love nwantiti (ah ah ah)	CKay	1	#3e3e40	2021-10-08	Viral 50	is
6zSpb8dQRaw0M1dK8PBwQz	Cold Heart - PNAU Remix	Elton John, Dua Lipa	2	#3e3e40	2021-10-08	Viral 50	is
4gvrJnKCKIPiacNsWVQwEU	love nwantiti (feat. Dj Yo! & AX'EL) - Remix	CKay	3	#3e3e40	2021-10-08	Viral 50	is
75MNhvTCCKsST3YqqUiU9r	Shivers	Ed Sheeran	4	#84bd00	2021-10-08	Viral 50	is
2prnn41CblB8B4yWACDljP	Love Tonight - David Guetta Remix Edit	Shouse	5	#bd3200	2021-10-08	Viral 50	is
0J07ya7WC09FaQADutoBRZ	Love Tonight - Robin Schulz Remix	Shouse	6	#84bd00	2021-10-08	Viral 50	is
07MDkzWARZaLEdKxo6yArG	Meet Me At Our Spot	THE ANXIETY, WILLOW, Tyler Cole	7	#bd3200	2021-10-08	Viral 50	is
7hU3IHwjX150XLoTVmjD0q	MONEY	LISA	8	#84bd00	2021-10-08	Viral 50	is
2B4GHvToeLTOBB4QLzW3Ni	Pepas	Farruko	9	#84bd00	2021-10-08	Viral 50	is
5SixeLvPsYpk7qq9lo5xYg	Have Mercy	Chlöe	10	#bd3200	2021-10-08	Viral 50	is
0eu4C55hL6x29mmeAjytzC	Life Goes On	Oliver Tree	11	#bd3200	2021-10-08	Viral 50	is
6OufwUcCqo81guU2jAlDVP	Love Tonight - Edit	Shouse	12	#84bd00	2021-10-08	Viral 50	is
20on25jryn53hWghthWWW3	Do It To It	ACRAZE, Cherish	13	#84bd00	2021-10-08	Viral 50	is
5rW7qTn83sCKtqBoneJs63	edamame (feat. Rich Brian)	bbno$	14	#bd3200	2021-10-08	Viral 50	is
1is8gU4RVcN4J8xItxWoOY	I GUESS I'M IN LOVE	Clinton Kane	15	#84bd00	2021-10-08	Viral 50	is
3QFInJAm9eyaho5vBzxInN	family ties (with Kendrick Lamar)	BaKeem	16	#84bd00	2021-10-08	Viral 50	is
02MWAaffLxlfxAUY7c5dvx	Heat Waves	Glass Animals	17	#bd3200	2021-10-08	Viral 50	is
0k1WUmIRnG3xU6fvvDVfRG	Way 2 Sexy (with Future & Young Thug)	Drake	18	#bd3200	2021-10-08	Viral 50	is
65xW3k84PJoqr7HNe3IyTn	Þegar ég verð 36	FLOTT	19	#bd3200	2021-10-08	Viral 50	is
5NWPKgXfMhFZyPqNQ8Kt2C	Veiðimaður (feat. THØR & Bjørn)	Ingi Bauer	20	#84bd00	2021-10-08	Viral 50	is
3uUuGVFu1V7jTQL60S1r8z	Where Are You Now	Lost Frequencies, Calum Scott	21	#84bd00	2021-10-08	Viral 50	is
5Z9KJZvQzH6PFmb8SNkxuk	INDUSTRY BABY (feat. Jack Harlow)	Lil Nas X	22	#84bd00	2021-10-08	Viral 50	is
4PYfFHKfjYz6dwAtZhBy1z	Obsessed With You	Central Cee	23	#84bd00	2021-10-08	Viral 50	is
7zx1i0jGcFwMBurajgKlO7	Black Magic	Jonasu	24	#bd3200	2021-10-08	Viral 50	is
3NqBxTOMCJ3zW9CIP51td4	Jugaste y Sufrí	Eslabon Armado, DannyLux	25	#84bd00	2021-10-08	Viral 50	is
3CLSHJv5aUROAN2vfOyCOh	Close Eyes	DVRST	26	#3e3e40	2021-10-08	Viral 50	is
0UTyLmkQgPOEIz95OVAJTR	range brothers (with Kendrick Lamar)	BaKeem	27	#3e3e40	2021-10-08	Viral 50	is
30QR0ndUdiiMQMA9g1PGCm	...And to Those I Love, Thanks for Sticking Around	$uicideboy$	28	#3e3e40	2021-10-08	Viral 50	is
0xfMlIW8lS40qvpsUw1l0X	Never Going Home	Kungs	29	#3e3e40	2021-10-08	Viral 50	is
40iJIUlhi6renaREYGeIDS	Fair Trade (with Travis Scott)	Drake	30	#3e3e40	2021-10-08	Viral 50	is
0Fs9cdPDhptWEDJmiCbkEW	She Knows (feat. Amber Coffman & Cults)	J. Cole	31	#84bd00	2021-10-08	Viral 50	is
2dWNKXTs5z7Iu1g0kYh4Xe	My Heart Goes (La Di Da) (feat. Topic)	Becky Hill	32	#84bd00	2021-10-08	Viral 50	is
2xXPVOKw75Ouju8Qu4SdIA	I Don't Wanna Talk (I Just Wanna Dance)	Glass Animals	33	#bd3200	2021-10-08	Viral 50	is
6Hfu9sc7jvv6coyy2LlzBF	Hurricane	Kanye West	34	#84bd00	2021-10-08	Viral 50	is
1olCzMxaeiQKNO64ssWVGr	Talk About	Rain Radio, DJ Craig Gorman	35	#84bd00	2021-10-08	Viral 50	is
2BcMwX1MPV6ZHP4tUT9uq6	Knife Talk (with 21 Savage ft. Project Pat)	Drake	36	#84bd00	2021-10-08	Viral 50	is
6ATfeY4iVwD1Sz2pXF7x1n	Manstu (feat. JóiPé)	kef LAVÍK	37	#4687d7	2021-10-08	Viral 50	is
0V5cvmTKsYmF5FmGGEAfmS	Je te laisserai des mots	Patrick Watson	38	#4687d7	2021-10-08	Viral 50	is
7rYCenkV4OXJgiUuKrhDCb	Beethoven	Kenndog	39	#84bd00	2021-10-08	Viral 50	is
6Uj1ctrBOjOas8xZXGqKk4	Woman	Doja Cat	40	#84bd00	2021-10-08	Viral 50	is
60nXduun3ybrHhtDOUmGmV	Nails, Hair, Hips, Heels	Todrick Hall	41	#84bd00	2021-10-08	Viral 50	is
1u73tmG4xQschbK8cXxSD9	Love Tonight	Shouse	42	#4687d7	2021-10-08	Viral 50	is
3qj4vBQO1SWIdLFJRr2nHb	F.C.K (feat. Aron Can)	Birnir	43	#bd3200	2021-10-08	Viral 50	is
1175r6ZmkUjX8dRJLz9Ohk	I Love You So	The Walters	44	#84bd00	2021-10-08	Viral 50	is
6iBL6TOzsO75Yz0cG1MO0o	Wanna Play?	The Prophet	45	#4687d7	2021-10-08	Viral 50	is
1EYeZGTMCjV7uVey5fNWXM	love nwantiti (feat. ElGrande Toto) - North African Remix	CKay, ElGrandeToto	46	#bd3200	2021-10-08	Viral 50	is
1F80MEkZA9yTlpMQp9dhht	Because You Move Me	Tinlicker, Helsloot	47	#84bd00	2021-10-08	Viral 50	is
7pOYYtkbNhBGWpPhpWl2ow	Camel by Camel - Mix Vocal	Sandy Marton	48	#bd3200	2021-10-08	Viral 50	is
5O8J8vNlYGm47wjss3ZJ6F	Undrabarnið (ft. Haki)	Whyrun	49	#bd3200	2021-10-08	Viral 50	is
4RVwu0g32PAqgUiJoXsdF8	Happier Than Ever	Billie Eilish	50	#4687d7	2021-10-08	Viral 50	is
2Xr1dTzJee307rmrkt8c0g	love nwantiti (ah ah ah)	CKay	1	#3e3e40	2021-10-09	Viral 50	is
6zSpb8dQRaw0M1dK8PBwQz	Cold Heart - PNAU Remix	Elton John, Dua Lipa	2	#3e3e40	2021-10-09	Viral 50	is
4gvrJnKCKIPiacNsWVQwEU	love nwantiti (feat. Dj Yo! & AX'EL) - Remix	CKay	3	#3e3e40	2021-10-09	Viral 50	is
0eu4C55hL6x29mmeAjytzC	Life Goes On	Oliver Tree	4	#84bd00	2021-10-09	Viral 50	is
75MNhvTCCKsST3YqqUiU9r	Shivers	Ed Sheeran	5	#bd3200	2021-10-09	Viral 50	is
7hU3IHwjX150XLoTVmjD0q	MONEY	LISA	6	#84bd00	2021-10-09	Viral 50	is
2prnn41CblB8B4yWACDljP	Love Tonight - David Guetta Remix Edit	Shouse	7	#bd3200	2021-10-09	Viral 50	is
07MDkzWARZaLEdKxo6yArG	Meet Me At Our Spot	THE ANXIETY, WILLOW, Tyler Cole	8	#bd3200	2021-10-09	Viral 50	is
0J07ya7WC09FaQADutoBRZ	Love Tonight - Robin Schulz Remix	Shouse	9	#bd3200	2021-10-09	Viral 50	is
2B4GHvToeLTOBB4QLzW3Ni	Pepas	Farruko	10	#bd3200	2021-10-09	Viral 50	is
5SixeLvPsYpk7qq9lo5xYg	Have Mercy	Chlöe	11	#bd3200	2021-10-09	Viral 50	is
20on25jryn53hWghthWWW3	Do It To It	ACRAZE, Cherish	12	#84bd00	2021-10-09	Viral 50	is
5rW7qTn83sCKtqBoneJs63	edamame (feat. Rich Brian)	bbno$	13	#84bd00	2021-10-09	Viral 50	is
0k1WUmIRnG3xU6fvvDVfRG	Way 2 Sexy (with Future & Young Thug)	Drake	14	#84bd00	2021-10-09	Viral 50	is
02MWAaffLxlfxAUY7c5dvx	Heat Waves	Glass Animals	15	#84bd00	2021-10-09	Viral 50	is
3QFInJAm9eyaho5vBzxInN	family ties (with Kendrick Lamar)	BaKeem	16	#3e3e40	2021-10-09	Viral 50	is
4PYfFHKfjYz6dwAtZhBy1z	Obsessed With You	Central Cee	17	#84bd00	2021-10-09	Viral 50	is
6OufwUcCqo81guU2jAlDVP	Love Tonight - Edit	Shouse	18	#bd3200	2021-10-09	Viral 50	is
65xW3k84PJoqr7HNe3IyTn	Þegar ég verð 36	FLOTT	19	#3e3e40	2021-10-09	Viral 50	is
1is8gU4RVcN4J8xItxWoOY	I GUESS I'M IN LOVE	Clinton Kane	20	#bd3200	2021-10-09	Viral 50	is
3CLSHJv5aUROAN2vfOyCOh	Close Eyes	DVRST	21	#84bd00	2021-10-09	Viral 50	is
6ATfeY4iVwD1Sz2pXF7x1n	Manstu (feat. JóiPé)	kef LAVÍK	22	#84bd00	2021-10-09	Viral 50	is
5Z9KJZvQzH6PFmb8SNkxuk	INDUSTRY BABY (feat. Jack Harlow)	Lil Nas X	23	#bd3200	2021-10-09	Viral 50	is
5NWPKgXfMhFZyPqNQ8Kt2C	Veiðimaður (feat. THØR & Bjørn)	Ingi Bauer	24	#bd3200	2021-10-09	Viral 50	is
0UTyLmkQgPOEIz95OVAJTR	range brothers (with Kendrick Lamar)	BaKeem	25	#84bd00	2021-10-09	Viral 50	is
3NL1kmzfIGDWGVQLjkJCHc	lemme land?	Canking, Ess2Mad	26	#4687d7	2021-10-09	Viral 50	is
0Fs9cdPDhptWEDJmiCbkEW	She Knows (feat. Amber Coffman & Cults)	J. Cole	27	#84bd00	2021-10-09	Viral 50	is
7zx1i0jGcFwMBurajgKlO7	Black Magic	Jonasu	28	#bd3200	2021-10-09	Viral 50	is
3NqBxTOMCJ3zW9CIP51td4	Jugaste y Sufrí	Eslabon Armado, DannyLux	29	#bd3200	2021-10-09	Viral 50	is
0xfMlIW8lS40qvpsUw1l0X	Never Going Home	Kungs	30	#bd3200	2021-10-09	Viral 50	is
6iBL6TOzsO75Yz0cG1MO0o	Wanna Play?	The Prophet	31	#84bd00	2021-10-09	Viral 50	is
0V5cvmTKsYmF5FmGGEAfmS	Je te laisserai des mots	Patrick Watson	32	#84bd00	2021-10-09	Viral 50	is
30QR0ndUdiiMQMA9g1PGCm	...And to Those I Love, Thanks for Sticking Around	$uicideboy$	33	#bd3200	2021-10-09	Viral 50	is
60nXduun3ybrHhtDOUmGmV	Nails, Hair, Hips, Heels	Todrick Hall	34	#84bd00	2021-10-09	Viral 50	is
3uUuGVFu1V7jTQL60S1r8z	Where Are You Now	Lost Frequencies, Calum Scott	35	#bd3200	2021-10-09	Viral 50	is
1olCzMxaeiQKNO64ssWVGr	Talk About	Rain Radio, DJ Craig Gorman	36	#bd3200	2021-10-09	Viral 50	is
3qj4vBQO1SWIdLFJRr2nHb	F.C.K (feat. Aron Can)	Birnir	37	#84bd00	2021-10-09	Viral 50	is
2dWNKXTs5z7Iu1g0kYh4Xe	My Heart Goes (La Di Da) (feat. Topic)	Becky Hill	38	#bd3200	2021-10-09	Viral 50	is
2xXPVOKw75Ouju8Qu4SdIA	I Don't Wanna Talk (I Just Wanna Dance)	Glass Animals	39	#bd3200	2021-10-09	Viral 50	is
1u73tmG4xQschbK8cXxSD9	Love Tonight	Shouse	40	#84bd00	2021-10-09	Viral 50	is
32BeYxKPrig1LefHsC0Xuo	Happier Than Ever - Edit	Billie Eilish	41	#4687d7	2021-10-09	Viral 50	is
0W6I02J9xcqK8MtSeosEXb	Get Into It (Yuh)	Doja Cat	42	#4687d7	2021-10-09	Viral 50	is
6Hfu9sc7jvv6coyy2LlzBF	Hurricane	Kanye West	43	#bd3200	2021-10-09	Viral 50	is
37y7iDayfwm3WXn5BiAoRk	Dark Red	Steve Lacy	44	#4687d7	2021-10-09	Viral 50	is
5Rv9grENo0PwMFd3ZCT3Zp	I WANNA SEE SOME ASS (feat. jetsonmade)	Jack Harlow	45	#4687d7	2021-10-09	Viral 50	is
1175r6ZmkUjX8dRJLz9Ohk	I Love You So	The Walters	46	#bd3200	2021-10-09	Viral 50	is
29TPjc8wxfz4XMn21O7VsZ	Sky	Playboi Carti	47	#4687d7	2021-10-09	Viral 50	is
1ry79YREnyc6uZjdZ03Cbd	Calliope (baðar brjóstin á sér)	kef LAVÍK, Hafdís Ýr	48	#4687d7	2021-10-09	Viral 50	is
2hvtHjHv1zwA0bxLdfulMG	Af hverju er enginn hérna reiður nema ég?	kef LAVÍK, Big Hamka	49	#4687d7	2021-10-09	Viral 50	is
1F80MEkZA9yTlpMQp9dhht	Because You Move Me	Tinlicker, Helsloot	50	#bd3200	2021-10-09	Viral 50	is
2Xr1dTzJee307rmrkt8c0g	love nwantiti (ah ah ah)	CKay	1	#3e3e40	2021-10-10	Viral 50	is
6zSpb8dQRaw0M1dK8PBwQz	Cold Heart - PNAU Remix	Elton John, Dua Lipa	2	#3e3e40	2021-10-10	Viral 50	is
4gvrJnKCKIPiacNsWVQwEU	love nwantiti (feat. Dj Yo! & AX'EL) - Remix	CKay	3	#3e3e40	2021-10-10	Viral 50	is
0eu4C55hL6x29mmeAjytzC	Life Goes On	Oliver Tree	4	#3e3e40	2021-10-10	Viral 50	is
7hU3IHwjX150XLoTVmjD0q	MONEY	LISA	5	#84bd00	2021-10-10	Viral 50	is
75MNhvTCCKsST3YqqUiU9r	Shivers	Ed Sheeran	6	#bd3200	2021-10-10	Viral 50	is
2prnn41CblB8B4yWACDljP	Love Tonight - David Guetta Remix Edit	Shouse	7	#3e3e40	2021-10-10	Viral 50	is
07MDkzWARZaLEdKxo6yArG	Meet Me At Our Spot	THE ANXIETY, WILLOW, Tyler Cole	8	#3e3e40	2021-10-10	Viral 50	is
2B4GHvToeLTOBB4QLzW3Ni	Pepas	Farruko	9	#84bd00	2021-10-10	Viral 50	is
0J07ya7WC09FaQADutoBRZ	Love Tonight - Robin Schulz Remix	Shouse	10	#bd3200	2021-10-10	Viral 50	is
5SixeLvPsYpk7qq9lo5xYg	Have Mercy	Chlöe	11	#3e3e40	2021-10-10	Viral 50	is
02MWAaffLxlfxAUY7c5dvx	Heat Waves	Glass Animals	12	#84bd00	2021-10-10	Viral 50	is
0k1WUmIRnG3xU6fvvDVfRG	Way 2 Sexy (with Future & Young Thug)	Drake	13	#84bd00	2021-10-10	Viral 50	is
4PYfFHKfjYz6dwAtZhBy1z	Obsessed With You	Central Cee	14	#84bd00	2021-10-10	Viral 50	is
3QFInJAm9eyaho5vBzxInN	family ties (with Kendrick Lamar)	BaKeem	15	#84bd00	2021-10-10	Viral 50	is
6OufwUcCqo81guU2jAlDVP	Love Tonight - Edit	Shouse	16	#84bd00	2021-10-10	Viral 50	is
20on25jryn53hWghthWWW3	Do It To It	ACRAZE, Cherish	17	#bd3200	2021-10-10	Viral 50	is
6ATfeY4iVwD1Sz2pXF7x1n	Manstu (feat. JóiPé)	kef LAVÍK	18	#84bd00	2021-10-10	Viral 50	is
5rW7qTn83sCKtqBoneJs63	edamame (feat. Rich Brian)	bbno$	19	#bd3200	2021-10-10	Viral 50	is
3CLSHJv5aUROAN2vfOyCOh	Close Eyes	DVRST	20	#84bd00	2021-10-10	Viral 50	is
3NqBxTOMCJ3zW9CIP51td4	Jugaste y Sufrí	Eslabon Armado, DannyLux	21	#84bd00	2021-10-10	Viral 50	is
5Z9KJZvQzH6PFmb8SNkxuk	INDUSTRY BABY (feat. Jack Harlow)	Lil Nas X	22	#84bd00	2021-10-10	Viral 50	is
1is8gU4RVcN4J8xItxWoOY	I GUESS I'M IN LOVE	Clinton Kane	23	#bd3200	2021-10-10	Viral 50	is
0UTyLmkQgPOEIz95OVAJTR	range brothers (with Kendrick Lamar)	BaKeem	24	#84bd00	2021-10-10	Viral 50	is
0xfMlIW8lS40qvpsUw1l0X	Never Going Home	Kungs	25	#84bd00	2021-10-10	Viral 50	is
7zx1i0jGcFwMBurajgKlO7	Black Magic	Jonasu	26	#84bd00	2021-10-10	Viral 50	is
65xW3k84PJoqr7HNe3IyTn	Þegar ég verð 36	FLOTT	27	#bd3200	2021-10-10	Viral 50	is
5NWPKgXfMhFZyPqNQ8Kt2C	Veiðimaður (feat. THØR & Bjørn)	Ingi Bauer	28	#bd3200	2021-10-10	Viral 50	is
1olCzMxaeiQKNO64ssWVGr	Talk About	Rain Radio, DJ Craig Gorman	29	#84bd00	2021-10-10	Viral 50	is
6iBL6TOzsO75Yz0cG1MO0o	Wanna Play?	The Prophet	30	#84bd00	2021-10-10	Viral 50	is
0Fs9cdPDhptWEDJmiCbkEW	She Knows (feat. Amber Coffman & Cults)	J. Cole	31	#bd3200	2021-10-10	Viral 50	is
1F80MEkZA9yTlpMQp9dhht	Because You Move Me	Tinlicker, Helsloot	32	#84bd00	2021-10-10	Viral 50	is
0V5cvmTKsYmF5FmGGEAfmS	Je te laisserai des mots	Patrick Watson	33	#bd3200	2021-10-10	Viral 50	is
2BcMwX1MPV6ZHP4tUT9uq6	Knife Talk (with 21 Savage ft. Project Pat)	Drake	34	#4687d7	2021-10-10	Viral 50	is
3NL1kmzfIGDWGVQLjkJCHc	lemme land?	Canking, Ess2Mad	35	#bd3200	2021-10-10	Viral 50	is
1ry79YREnyc6uZjdZ03Cbd	Calliope (baðar brjóstin á sér)	kef LAVÍK, Hafdís Ýr	36	#84bd00	2021-10-10	Viral 50	is
1u73tmG4xQschbK8cXxSD9	Love Tonight	Shouse	37	#84bd00	2021-10-10	Viral 50	is
3uUuGVFu1V7jTQL60S1r8z	Where Are You Now	Lost Frequencies, Calum Scott	38	#bd3200	2021-10-10	Viral 50	is
3qj4vBQO1SWIdLFJRr2nHb	F.C.K (feat. Aron Can)	Birnir	39	#bd3200	2021-10-10	Viral 50	is
2xXPVOKw75Ouju8Qu4SdIA	I Don't Wanna Talk (I Just Wanna Dance)	Glass Animals	40	#bd3200	2021-10-10	Viral 50	is
0W6I02J9xcqK8MtSeosEXb	Get Into It (Yuh)	Doja Cat	41	#84bd00	2021-10-10	Viral 50	is
5svL1PkWw8hPEAOdTNLexy	Paralyzed	Sueco	42	#4687d7	2021-10-10	Viral 50	is
60nXduun3ybrHhtDOUmGmV	Nails, Hair, Hips, Heels	Todrick Hall	43	#bd3200	2021-10-10	Viral 50	is
6SO4GbNZMa8lFx0Lvl1RcX	Vertu úlfur - Titillag	Emilíana Torrini	44	#4687d7	2021-10-10	Viral 50	is
37y7iDayfwm3WXn5BiAoRk	Dark Red	Steve Lacy	45	#bd3200	2021-10-10	Viral 50	is
6Hfu9sc7jvv6coyy2LlzBF	Hurricane	Kanye West	46	#bd3200	2021-10-10	Viral 50	is
29TPjc8wxfz4XMn21O7VsZ	Sky	Playboi Carti	47	#3e3e40	2021-10-10	Viral 50	is
2hvtHjHv1zwA0bxLdfulMG	Af hverju er enginn hérna reiður nema ég?	kef LAVÍK, Big Hamka	48	#84bd00	2021-10-10	Viral 50	is
5Rv9grENo0PwMFd3ZCT3Zp	I WANNA SEE SOME ASS (feat. jetsonmade)	Jack Harlow	49	#bd3200	2021-10-10	Viral 50	is
0ADPSlBYCchR6vmPotgWHK	Október 2015 (Calliope frh.)	kef LAVÍK, Hafdís Ýr	50	#4687d7	2021-10-10	Viral 50	is
2Xr1dTzJee307rmrkt8c0g	love nwantiti (ah ah ah)	CKay	1	#3e3e40	2021-10-11	Viral 50	is
6zSpb8dQRaw0M1dK8PBwQz	Cold Heart - PNAU Remix	Elton John, Dua Lipa	2	#3e3e40	2021-10-11	Viral 50	is
4gvrJnKCKIPiacNsWVQwEU	love nwantiti (feat. Dj Yo! & AX'EL) - Remix	CKay	3	#3e3e40	2021-10-11	Viral 50	is
7hU3IHwjX150XLoTVmjD0q	MONEY	LISA	4	#84bd00	2021-10-11	Viral 50	is
0eu4C55hL6x29mmeAjytzC	Life Goes On	Oliver Tree	5	#bd3200	2021-10-11	Viral 50	is
2prnn41CblB8B4yWACDljP	Love Tonight - David Guetta Remix Edit	Shouse	6	#84bd00	2021-10-11	Viral 50	is
75MNhvTCCKsST3YqqUiU9r	Shivers	Ed Sheeran	7	#bd3200	2021-10-11	Viral 50	is
2B4GHvToeLTOBB4QLzW3Ni	Pepas	Farruko	8	#84bd00	2021-10-11	Viral 50	is
0e8nrvls4Qqv5Rfa2UhqmO	THATS WHAT I WANT	Lil Nas X	9	#4687d7	2021-10-11	Viral 50	is
62P3CMQAknHW4iftsBD41Y	Eleanor Rigby	Cody Fry	10	#4687d7	2021-10-11	Viral 50	is
0J07ya7WC09FaQADutoBRZ	Love Tonight - Robin Schulz Remix	Shouse	11	#bd3200	2021-10-11	Viral 50	is
07MDkzWARZaLEdKxo6yArG	Meet Me At Our Spot	THE ANXIETY, WILLOW, Tyler Cole	12	#bd3200	2021-10-11	Viral 50	is
5SixeLvPsYpk7qq9lo5xYg	Have Mercy	Chlöe	13	#bd3200	2021-10-11	Viral 50	is
20on25jryn53hWghthWWW3	Do It To It	ACRAZE, Cherish	14	#84bd00	2021-10-11	Viral 50	is
02MWAaffLxlfxAUY7c5dvx	Heat Waves	Glass Animals	15	#bd3200	2021-10-11	Viral 50	is
5Of37QKBEX6to3dfezxKEL	PABBI	Emmsjé Gauti, Helgi Sæmundur	16	#4687d7	2021-10-11	Viral 50	is
6OufwUcCqo81guU2jAlDVP	Love Tonight - Edit	Shouse	17	#bd3200	2021-10-11	Viral 50	is
5rW7qTn83sCKtqBoneJs63	edamame (feat. Rich Brian)	bbno$	18	#84bd00	2021-10-11	Viral 50	is
6ATfeY4iVwD1Sz2pXF7x1n	Manstu (feat. JóiPé)	kef LAVÍK	19	#bd3200	2021-10-11	Viral 50	is
3CLSHJv5aUROAN2vfOyCOh	Close Eyes	DVRST	20	#3e3e40	2021-10-11	Viral 50	is
3NqBxTOMCJ3zW9CIP51td4	Jugaste y Sufrí	Eslabon Armado, DannyLux	21	#3e3e40	2021-10-11	Viral 50	is
0k1WUmIRnG3xU6fvvDVfRG	Way 2 Sexy (with Future & Young Thug)	Drake	22	#bd3200	2021-10-11	Viral 50	is
3NL1kmzfIGDWGVQLjkJCHc	lemme land?	Canking, Ess2Mad	23	#84bd00	2021-10-11	Viral 50	is
1F80MEkZA9yTlpMQp9dhht	Because You Move Me	Tinlicker, Helsloot	24	#84bd00	2021-10-11	Viral 50	is
2BcMwX1MPV6ZHP4tUT9uq6	Knife Talk (with 21 Savage ft. Project Pat)	Drake	25	#84bd00	2021-10-11	Viral 50	is
3uUuGVFu1V7jTQL60S1r8z	Where Are You Now	Lost Frequencies, Calum Scott	26	#84bd00	2021-10-11	Viral 50	is
5Yw6htG6TZtkeMo9WLI0M7	Beautiful James	Placebo	27	#4687d7	2021-10-11	Viral 50	is
6iBL6TOzsO75Yz0cG1MO0o	Wanna Play?	The Prophet	28	#84bd00	2021-10-11	Viral 50	is
3QFInJAm9eyaho5vBzxInN	family ties (with Kendrick Lamar)	BaKeem	29	#bd3200	2021-10-11	Viral 50	is
2vaebt2e5uyxGR0nvBcYcc	Rihanna	Funi Kun	30	#4687d7	2021-10-11	Viral 50	is
2EmFNa3we4yPEnIPHw0rmn	Snáðar	Ingi Bauer	31	#4687d7	2021-10-11	Viral 50	is
6SO4GbNZMa8lFx0Lvl1RcX	Vertu úlfur - Titillag	Emilíana Torrini	32	#84bd00	2021-10-11	Viral 50	is
5NWPKgXfMhFZyPqNQ8Kt2C	Veiðimaður (feat. THØR & Bjørn)	Ingi Bauer	33	#bd3200	2021-10-11	Viral 50	is
0UTyLmkQgPOEIz95OVAJTR	range brothers (with Kendrick Lamar)	BaKeem	34	#bd3200	2021-10-11	Viral 50	is
0V5cvmTKsYmF5FmGGEAfmS	Je te laisserai des mots	Patrick Watson	35	#bd3200	2021-10-11	Viral 50	is
0xfMlIW8lS40qvpsUw1l0X	Never Going Home	Kungs	36	#bd3200	2021-10-11	Viral 50	is
3qj4vBQO1SWIdLFJRr2nHb	F.C.K (feat. Aron Can)	Birnir	37	#84bd00	2021-10-11	Viral 50	is
1u73tmG4xQschbK8cXxSD9	Love Tonight	Shouse	38	#bd3200	2021-10-11	Viral 50	is
65xW3k84PJoqr7HNe3IyTn	Þegar ég verð 36	FLOTT	39	#bd3200	2021-10-11	Viral 50	is
1olCzMxaeiQKNO64ssWVGr	Talk About	Rain Radio, DJ Craig Gorman	40	#bd3200	2021-10-11	Viral 50	is
5Z9KJZvQzH6PFmb8SNkxuk	INDUSTRY BABY (feat. Jack Harlow)	Lil Nas X	41	#bd3200	2021-10-11	Viral 50	is
5svL1PkWw8hPEAOdTNLexy	Paralyzed	Sueco	42	#3e3e40	2021-10-11	Viral 50	is
4a9RlnJ0v1T7HgLtps1HvI	This Is Halloween	Disney Characters	43	#4687d7	2021-10-11	Viral 50	is
0Fs9cdPDhptWEDJmiCbkEW	She Knows (feat. Amber Coffman & Cults)	J. Cole	44	#bd3200	2021-10-11	Viral 50	is
7jwQlYGpOml9ETGre1HqGA	Somebody's Watching Me	Rockwell	45	#4687d7	2021-10-11	Viral 50	is
0ADPSlBYCchR6vmPotgWHK	Október 2015 (Calliope frh.)	kef LAVÍK, Hafdís Ýr	46	#84bd00	2021-10-11	Viral 50	is
0W6I02J9xcqK8MtSeosEXb	Get Into It (Yuh)	Doja Cat	47	#bd3200	2021-10-11	Viral 50	is
60nXduun3ybrHhtDOUmGmV	Nails, Hair, Hips, Heels	Todrick Hall	48	#bd3200	2021-10-11	Viral 50	is
29TPjc8wxfz4XMn21O7VsZ	Sky	Playboi Carti	49	#bd3200	2021-10-11	Viral 50	is
7q5CeUQEkaikldYrQuct8l	Líttu sérhvert sólarlag	Sigríður Thorlacius, Valdimar Guðmundsson, Bragi Valdimar Skúlason	50	#4687d7	2021-10-11	Viral 50	is
2Xr1dTzJee307rmrkt8c0g	love nwantiti (ah ah ah)	CKay	1	#3e3e40	2021-10-12	Viral 50	is
0eu4C55hL6x29mmeAjytzC	Life Goes On	Oliver Tree	2	#84bd00	2021-10-12	Viral 50	is
6zSpb8dQRaw0M1dK8PBwQz	Cold Heart - PNAU Remix	Elton John, Dua Lipa	3	#bd3200	2021-10-12	Viral 50	is
7hU3IHwjX150XLoTVmjD0q	MONEY	LISA	4	#3e3e40	2021-10-12	Viral 50	is
4gvrJnKCKIPiacNsWVQwEU	love nwantiti (feat. Dj Yo! & AX'EL) - Remix	CKay	5	#bd3200	2021-10-12	Viral 50	is
2prnn41CblB8B4yWACDljP	Love Tonight - David Guetta Remix Edit	Shouse	6	#3e3e40	2021-10-12	Viral 50	is
2B4GHvToeLTOBB4QLzW3Ni	Pepas	Farruko	7	#84bd00	2021-10-12	Viral 50	is
75MNhvTCCKsST3YqqUiU9r	Shivers	Ed Sheeran	8	#bd3200	2021-10-12	Viral 50	is
07MDkzWARZaLEdKxo6yArG	Meet Me At Our Spot	THE ANXIETY, WILLOW, Tyler Cole	9	#84bd00	2021-10-12	Viral 50	is
62P3CMQAknHW4iftsBD41Y	Eleanor Rigby	Cody Fry	10	#3e3e40	2021-10-12	Viral 50	is
5SixeLvPsYpk7qq9lo5xYg	Have Mercy	Chlöe	11	#84bd00	2021-10-12	Viral 50	is
02MWAaffLxlfxAUY7c5dvx	Heat Waves	Glass Animals	12	#84bd00	2021-10-12	Viral 50	is
0e8nrvls4Qqv5Rfa2UhqmO	THATS WHAT I WANT	Lil Nas X	13	#bd3200	2021-10-12	Viral 50	is
6ATfeY4iVwD1Sz2pXF7x1n	Manstu (feat. JóiPé)	kef LAVÍK	14	#84bd00	2021-10-12	Viral 50	is
5Of37QKBEX6to3dfezxKEL	PABBI	Emmsjé Gauti, Helgi Sæmundur	15	#84bd00	2021-10-12	Viral 50	is
0J07ya7WC09FaQADutoBRZ	Love Tonight - Robin Schulz Remix	Shouse	16	#bd3200	2021-10-12	Viral 50	is
5rW7qTn83sCKtqBoneJs63	edamame (feat. Rich Brian)	bbno$	17	#84bd00	2021-10-12	Viral 50	is
3NL1kmzfIGDWGVQLjkJCHc	lemme land?	Canking, Ess2Mad	18	#84bd00	2021-10-12	Viral 50	is
2EmFNa3we4yPEnIPHw0rmn	Snáðar	Ingi Bauer	19	#84bd00	2021-10-12	Viral 50	is
0k1WUmIRnG3xU6fvvDVfRG	Way 2 Sexy (with Future & Young Thug)	Drake	20	#84bd00	2021-10-12	Viral 50	is
20on25jryn53hWghthWWW3	Do It To It	ACRAZE, Cherish	21	#bd3200	2021-10-12	Viral 50	is
3CLSHJv5aUROAN2vfOyCOh	Close Eyes	DVRST	22	#bd3200	2021-10-12	Viral 50	is
3NqBxTOMCJ3zW9CIP51td4	Jugaste y Sufrí	Eslabon Armado, DannyLux	23	#bd3200	2021-10-12	Viral 50	is
2BcMwX1MPV6ZHP4tUT9uq6	Knife Talk (with 21 Savage ft. Project Pat)	Drake	24	#84bd00	2021-10-12	Viral 50	is
6OufwUcCqo81guU2jAlDVP	Love Tonight - Edit	Shouse	25	#bd3200	2021-10-12	Viral 50	is
7jwQlYGpOml9ETGre1HqGA	Somebody's Watching Me	Rockwell	26	#84bd00	2021-10-12	Viral 50	is
3uUuGVFu1V7jTQL60S1r8z	Where Are You Now	Lost Frequencies, Calum Scott	27	#bd3200	2021-10-12	Viral 50	is
6iBL6TOzsO75Yz0cG1MO0o	Wanna Play?	The Prophet	28	#3e3e40	2021-10-12	Viral 50	is
5Yw6htG6TZtkeMo9WLI0M7	Beautiful James	Placebo	29	#bd3200	2021-10-12	Viral 50	is
1lAJUXyP5S2dUYHer1xBas	Drunk And Nasty (feat. Sharc)	Pi’erre Bourne	30	#4687d7	2021-10-12	Viral 50	is
3QFInJAm9eyaho5vBzxInN	family ties (with Kendrick Lamar)	BaKeem	31	#bd3200	2021-10-12	Viral 50	is
1F80MEkZA9yTlpMQp9dhht	Because You Move Me	Tinlicker, Helsloot	32	#bd3200	2021-10-12	Viral 50	is
5NWPKgXfMhFZyPqNQ8Kt2C	Veiðimaður (feat. THØR & Bjørn)	Ingi Bauer	33	#3e3e40	2021-10-12	Viral 50	is
2vaebt2e5uyxGR0nvBcYcc	Rihanna	Funi Kun	34	#bd3200	2021-10-12	Viral 50	is
1olCzMxaeiQKNO64ssWVGr	Talk About	Rain Radio, DJ Craig Gorman	35	#84bd00	2021-10-12	Viral 50	is
5svL1PkWw8hPEAOdTNLexy	Paralyzed	Sueco	36	#84bd00	2021-10-12	Viral 50	is
1is8gU4RVcN4J8xItxWoOY	I GUESS I'M IN LOVE	Clinton Kane	37	#4687d7	2021-10-12	Viral 50	is
0V5cvmTKsYmF5FmGGEAfmS	Je te laisserai des mots	Patrick Watson	38	#bd3200	2021-10-12	Viral 50	is
0UTyLmkQgPOEIz95OVAJTR	range brothers (with Kendrick Lamar)	BaKeem	39	#bd3200	2021-10-12	Viral 50	is
6SO4GbNZMa8lFx0Lvl1RcX	Vertu úlfur - Titillag	Emilíana Torrini	40	#bd3200	2021-10-12	Viral 50	is
1u73tmG4xQschbK8cXxSD9	Love Tonight	Shouse	41	#bd3200	2021-10-12	Viral 50	is
2hvtHjHv1zwA0bxLdfulMG	Af hverju er enginn hérna reiður nema ég?	kef LAVÍK, Big Hamka	42	#4687d7	2021-10-12	Viral 50	is
3CzYmkeWB2LExM2Ew3pH5C	Augun pírð í þinna litadýrð demo 2	kef LAVÍK	43	#4687d7	2021-10-12	Viral 50	is
7q5CeUQEkaikldYrQuct8l	Líttu sérhvert sólarlag	Sigríður Thorlacius, Valdimar Guðmundsson, Bragi Valdimar Skúlason	44	#84bd00	2021-10-12	Viral 50	is
5LriwAnVbywAjj9oGi1Dno	Life Is Not The Same	James Blake	45	#4687d7	2021-10-12	Viral 50	is
4a9RlnJ0v1T7HgLtps1HvI	This Is Halloween	Disney Characters	46	#bd3200	2021-10-12	Viral 50	is
0xfMlIW8lS40qvpsUw1l0X	Never Going Home	Kungs	47	#bd3200	2021-10-12	Viral 50	is
0ADPSlBYCchR6vmPotgWHK	Október 2015 (Calliope frh.)	kef LAVÍK, Hafdís Ýr	48	#bd3200	2021-10-12	Viral 50	is
65xW3k84PJoqr7HNe3IyTn	Þegar ég verð 36	FLOTT	49	#bd3200	2021-10-12	Viral 50	is
1ry79YREnyc6uZjdZ03Cbd	Calliope (baðar brjóstin á sér)	kef LAVÍK, Hafdís Ýr	50	#4687d7	2021-10-12	Viral 50	is
2Xr1dTzJee307rmrkt8c0g	love nwantiti (ah ah ah)	CKay	1	#3e3e40	2021-10-13	Viral 50	is
7hU3IHwjX150XLoTVmjD0q	MONEY	LISA	2	#84bd00	2021-10-13	Viral 50	is
0eu4C55hL6x29mmeAjytzC	Life Goes On	Oliver Tree	3	#bd3200	2021-10-13	Viral 50	is
6zSpb8dQRaw0M1dK8PBwQz	Cold Heart - PNAU Remix	Elton John, Dua Lipa	4	#bd3200	2021-10-13	Viral 50	is
4gvrJnKCKIPiacNsWVQwEU	love nwantiti (feat. Dj Yo! & AX'EL) - Remix	CKay	5	#3e3e40	2021-10-13	Viral 50	is
2prnn41CblB8B4yWACDljP	Love Tonight - David Guetta Remix Edit	Shouse	6	#3e3e40	2021-10-13	Viral 50	is
2B4GHvToeLTOBB4QLzW3Ni	Pepas	Farruko	7	#3e3e40	2021-10-13	Viral 50	is
07MDkzWARZaLEdKxo6yArG	Meet Me At Our Spot	THE ANXIETY, WILLOW, Tyler Cole	8	#84bd00	2021-10-13	Viral 50	is
75MNhvTCCKsST3YqqUiU9r	Shivers	Ed Sheeran	9	#bd3200	2021-10-13	Viral 50	is
62P3CMQAknHW4iftsBD41Y	Eleanor Rigby	Cody Fry	10	#3e3e40	2021-10-13	Viral 50	is
7jwQlYGpOml9ETGre1HqGA	Somebody's Watching Me	Rockwell	11	#84bd00	2021-10-13	Viral 50	is
20on25jryn53hWghthWWW3	Do It To It	ACRAZE, Cherish	12	#84bd00	2021-10-13	Viral 50	is
0J07ya7WC09FaQADutoBRZ	Love Tonight - Robin Schulz Remix	Shouse	13	#84bd00	2021-10-13	Viral 50	is
0e8nrvls4Qqv5Rfa2UhqmO	THATS WHAT I WANT	Lil Nas X	14	#bd3200	2021-10-13	Viral 50	is
6ATfeY4iVwD1Sz2pXF7x1n	Manstu (feat. JóiPé)	kef LAVÍK	15	#bd3200	2021-10-13	Viral 50	is
02MWAaffLxlfxAUY7c5dvx	Heat Waves	Glass Animals	16	#bd3200	2021-10-13	Viral 50	is
5Of37QKBEX6to3dfezxKEL	PABBI	Emmsjé Gauti, Helgi Sæmundur	17	#bd3200	2021-10-13	Viral 50	is
4Fmr4dbY1sZiX77ZbljNFC	lemme land?	Canking, Ess2Mad	18	#3e3e40	2021-10-13	Viral 50	is
3NqBxTOMCJ3zW9CIP51td4	Jugaste y Sufrí	Eslabon Armado, DannyLux	19	#84bd00	2021-10-13	Viral 50	is
3uUuGVFu1V7jTQL60S1r8z	Where Are You Now	Lost Frequencies, Calum Scott	20	#84bd00	2021-10-13	Viral 50	is
2BcMwX1MPV6ZHP4tUT9uq6	Knife Talk (with 21 Savage ft. Project Pat)	Drake	21	#84bd00	2021-10-13	Viral 50	is
5SixeLvPsYpk7qq9lo5xYg	Have Mercy	Chlöe	22	#bd3200	2021-10-13	Viral 50	is
6iBL6TOzsO75Yz0cG1MO0o	Wanna Play?	The Prophet	23	#84bd00	2021-10-13	Viral 50	is
0V5cvmTKsYmF5FmGGEAfmS	Je te laisserai des mots	Patrick Watson	24	#84bd00	2021-10-13	Viral 50	is
3CLSHJv5aUROAN2vfOyCOh	Close Eyes	DVRST	25	#bd3200	2021-10-13	Viral 50	is
6OufwUcCqo81guU2jAlDVP	Love Tonight - Edit	Shouse	26	#bd3200	2021-10-13	Viral 50	is
2EmFNa3we4yPEnIPHw0rmn	Snáðar	Ingi Bauer	27	#bd3200	2021-10-13	Viral 50	is
0UTyLmkQgPOEIz95OVAJTR	range brothers (with Kendrick Lamar)	BaKeem	28	#84bd00	2021-10-13	Viral 50	is
2vaebt2e5uyxGR0nvBcYcc	Rihanna	Funi Kun	29	#84bd00	2021-10-13	Viral 50	is
1F80MEkZA9yTlpMQp9dhht	Because You Move Me	Tinlicker, Helsloot	30	#84bd00	2021-10-13	Viral 50	is
5rW7qTn83sCKtqBoneJs63	edamame (feat. Rich Brian)	bbno$	31	#bd3200	2021-10-13	Viral 50	is
1u73tmG4xQschbK8cXxSD9	Love Tonight	Shouse	32	#84bd00	2021-10-13	Viral 50	is
1olCzMxaeiQKNO64ssWVGr	Talk About	Rain Radio, DJ Craig Gorman	33	#84bd00	2021-10-13	Viral 50	is
5LriwAnVbywAjj9oGi1Dno	Life Is Not The Same	James Blake	34	#84bd00	2021-10-13	Viral 50	is
3QFInJAm9eyaho5vBzxInN	family ties (with Kendrick Lamar)	BaKeem	35	#bd3200	2021-10-13	Viral 50	is
1is8gU4RVcN4J8xItxWoOY	I GUESS I'M IN LOVE	Clinton Kane	36	#84bd00	2021-10-13	Viral 50	is
7q5CeUQEkaikldYrQuct8l	Líttu sérhvert sólarlag	Sigríður Thorlacius, Valdimar Guðmundsson, Bragi Valdimar Skúlason	37	#84bd00	2021-10-13	Viral 50	is
2hvtHjHv1zwA0bxLdfulMG	Af hverju er enginn hérna reiður nema ég?	kef LAVÍK, Big Hamka	38	#84bd00	2021-10-13	Viral 50	is
4PYfFHKfjYz6dwAtZhBy1z	Obsessed With You	Central Cee	39	#4687d7	2021-10-13	Viral 50	is
6SO4GbNZMa8lFx0Lvl1RcX	Vertu úlfur - Titillag	Emilíana Torrini	40	#3e3e40	2021-10-13	Viral 50	is
3CzYmkeWB2LExM2Ew3pH5C	Augun pírð í þinna litadýrð demo 2	kef LAVÍK	41	#84bd00	2021-10-13	Viral 50	is
1175r6ZmkUjX8dRJLz9Ohk	I Love You So	The Walters	42	#4687d7	2021-10-13	Viral 50	is
30QR0ndUdiiMQMA9g1PGCm	...And to Those I Love, Thanks for Sticking Around	$uicideboy$	43	#4687d7	2021-10-13	Viral 50	is
0k1WUmIRnG3xU6fvvDVfRG	Way 2 Sexy (with Future & Young Thug)	Drake	44	#bd3200	2021-10-13	Viral 50	is
64EA2RKyciBwCuVczLH6Ct	masquerade	siouxxie sixxsta	45	#4687d7	2021-10-13	Viral 50	is
5NWPKgXfMhFZyPqNQ8Kt2C	Veiðimaður (feat. THØR & Bjørn)	Ingi Bauer	46	#bd3200	2021-10-13	Viral 50	is
4a9RlnJ0v1T7HgLtps1HvI	This Is Halloween	Disney Characters	47	#bd3200	2021-10-13	Viral 50	is
5svL1PkWw8hPEAOdTNLexy	Paralyzed	Sueco	48	#bd3200	2021-10-13	Viral 50	is
1lAJUXyP5S2dUYHer1xBas	Drunk And Nasty (feat. Sharc)	Pi’erre Bourne	49	#bd3200	2021-10-13	Viral 50	is
5Yw6htG6TZtkeMo9WLI0M7	Beautiful James	Placebo	50	#bd3200	2021-10-13	Viral 50	is
2Xr1dTzJee307rmrkt8c0g	love nwantiti (ah ah ah)	CKay	1	#3e3e40	2021-10-14	Viral 50	is
0eu4C55hL6x29mmeAjytzC	Life Goes On	Oliver Tree	2	#84bd00	2021-10-14	Viral 50	is
7hU3IHwjX150XLoTVmjD0q	MONEY	LISA	3	#bd3200	2021-10-14	Viral 50	is
6zSpb8dQRaw0M1dK8PBwQz	Cold Heart - PNAU Remix	Elton John, Dua Lipa	4	#3e3e40	2021-10-14	Viral 50	is
2prnn41CblB8B4yWACDljP	Love Tonight - David Guetta Remix Edit	Shouse	5	#84bd00	2021-10-14	Viral 50	is
2B4GHvToeLTOBB4QLzW3Ni	Pepas	Farruko	6	#84bd00	2021-10-14	Viral 50	is
4gvrJnKCKIPiacNsWVQwEU	love nwantiti (feat. Dj Yo! & AX'EL) - Remix	CKay	7	#bd3200	2021-10-14	Viral 50	is
07MDkzWARZaLEdKxo6yArG	Meet Me At Our Spot	THE ANXIETY, WILLOW, Tyler Cole	8	#3e3e40	2021-10-14	Viral 50	is
62P3CMQAknHW4iftsBD41Y	Eleanor Rigby	Cody Fry	9	#84bd00	2021-10-14	Viral 50	is
7jwQlYGpOml9ETGre1HqGA	Somebody's Watching Me	Rockwell	10	#84bd00	2021-10-14	Viral 50	is
75MNhvTCCKsST3YqqUiU9r	Shivers	Ed Sheeran	11	#bd3200	2021-10-14	Viral 50	is
6ATfeY4iVwD1Sz2pXF7x1n	Manstu (feat. JóiPé)	kef LAVÍK	12	#84bd00	2021-10-14	Viral 50	is
0J07ya7WC09FaQADutoBRZ	Love Tonight - Robin Schulz Remix	Shouse	13	#3e3e40	2021-10-14	Viral 50	is
6OufwUcCqo81guU2jAlDVP	Love Tonight - Edit	Shouse	14	#84bd00	2021-10-14	Viral 50	is
20on25jryn53hWghthWWW3	Do It To It	ACRAZE, Cherish	15	#bd3200	2021-10-14	Viral 50	is
0e8nrvls4Qqv5Rfa2UhqmO	THATS WHAT I WANT	Lil Nas X	16	#bd3200	2021-10-14	Viral 50	is
5Of37QKBEX6to3dfezxKEL	PABBI	Emmsjé Gauti, Helgi Sæmundur	17	#3e3e40	2021-10-14	Viral 50	is
3uUuGVFu1V7jTQL60S1r8z	Where Are You Now	Lost Frequencies, Calum Scott	18	#84bd00	2021-10-14	Viral 50	is
4Fmr4dbY1sZiX77ZbljNFC	lemme land?	Canking, Ess2Mad	19	#bd3200	2021-10-14	Viral 50	is
02MWAaffLxlfxAUY7c5dvx	Heat Waves	Glass Animals	20	#bd3200	2021-10-14	Viral 50	is
6iZ0FIL3H6A9Y329MCYx6k	Still into You (Drm Remix Edit)	Emperor Party	21	#4687d7	2021-10-14	Viral 50	is
2BcMwX1MPV6ZHP4tUT9uq6	Knife Talk (with 21 Savage ft. Project Pat)	Drake	22	#bd3200	2021-10-14	Viral 50	is
3NqBxTOMCJ3zW9CIP51td4	Jugaste y Sufrí	Eslabon Armado, DannyLux	23	#bd3200	2021-10-14	Viral 50	is
5rW7qTn83sCKtqBoneJs63	edamame (feat. Rich Brian)	bbno$	24	#84bd00	2021-10-14	Viral 50	is
6iBL6TOzsO75Yz0cG1MO0o	Wanna Play?	The Prophet	25	#bd3200	2021-10-14	Viral 50	is
2vaebt2e5uyxGR0nvBcYcc	Rihanna	Funi Kun	26	#84bd00	2021-10-14	Viral 50	is
1olCzMxaeiQKNO64ssWVGr	Talk About	Rain Radio, DJ Craig Gorman	27	#84bd00	2021-10-14	Viral 50	is
1175r6ZmkUjX8dRJLz9Ohk	I Love You So	The Walters	28	#84bd00	2021-10-14	Viral 50	is
2EmFNa3we4yPEnIPHw0rmn	Snáðar	Ingi Bauer	29	#bd3200	2021-10-14	Viral 50	is
0k1WUmIRnG3xU6fvvDVfRG	Way 2 Sexy (with Future & Young Thug)	Drake	30	#84bd00	2021-10-14	Viral 50	is
5LriwAnVbywAjj9oGi1Dno	Life Is Not The Same	James Blake	31	#84bd00	2021-10-14	Viral 50	is
1F80MEkZA9yTlpMQp9dhht	Because You Move Me	Tinlicker, Helsloot	32	#bd3200	2021-10-14	Viral 50	is
6SO4GbNZMa8lFx0Lvl1RcX	Vertu úlfur - Titillag	Emilíana Torrini	33	#84bd00	2021-10-14	Viral 50	is
30QR0ndUdiiMQMA9g1PGCm	...And to Those I Love, Thanks for Sticking Around	$uicideboy$	34	#84bd00	2021-10-14	Viral 50	is
7zx1i0jGcFwMBurajgKlO7	Black Magic	Jonasu	35	#4687d7	2021-10-14	Viral 50	is
5Yw6htG6TZtkeMo9WLI0M7	Beautiful James	Placebo	36	#84bd00	2021-10-14	Viral 50	is
3CzYmkeWB2LExM2Ew3pH5C	Augun pírð í þinna litadýrð demo 2	kef LAVÍK	37	#84bd00	2021-10-14	Viral 50	is
1axXy2bgUSeEN7h6Ob9Qbo	Famous Last Words	James Blake	38	#4687d7	2021-10-14	Viral 50	is
5NWPKgXfMhFZyPqNQ8Kt2C	Veiðimaður (feat. THØR & Bjørn)	Ingi Bauer	39	#84bd00	2021-10-14	Viral 50	is
1is8gU4RVcN4J8xItxWoOY	I GUESS I'M IN LOVE	Clinton Kane	40	#bd3200	2021-10-14	Viral 50	is
7q5CeUQEkaikldYrQuct8l	Líttu sérhvert sólarlag	Sigríður Thorlacius, Valdimar Guðmundsson, Bragi Valdimar Skúlason	41	#bd3200	2021-10-14	Viral 50	is
64EA2RKyciBwCuVczLH6Ct	masquerade	siouxxie sixxsta	42	#84bd00	2021-10-14	Viral 50	is
1ry79YREnyc6uZjdZ03Cbd	Calliope (baðar brjóstin á sér)	kef LAVÍK, Hafdís Ýr	43	#4687d7	2021-10-14	Viral 50	is
2hvtHjHv1zwA0bxLdfulMG	Af hverju er enginn hérna reiður nema ég?	kef LAVÍK, Big Hamka	44	#bd3200	2021-10-14	Viral 50	is
0V5cvmTKsYmF5FmGGEAfmS	Je te laisserai des mots	Patrick Watson	45	#bd3200	2021-10-14	Viral 50	is
3CLSHJv5aUROAN2vfOyCOh	Close Eyes	DVRST	46	#bd3200	2021-10-14	Viral 50	is
1u73tmG4xQschbK8cXxSD9	Love Tonight	Shouse	47	#bd3200	2021-10-14	Viral 50	is
4a9RlnJ0v1T7HgLtps1HvI	This Is Halloween	Disney Characters	48	#bd3200	2021-10-14	Viral 50	is
62sXIT6kAdOgcWqnhEZaRL	Say What You Will	James Blake	49	#4687d7	2021-10-14	Viral 50	is
3QFInJAm9eyaho5vBzxInN	family ties (with Kendrick Lamar)	BaKeem	50	#bd3200	2021-10-14	Viral 50	is
2Xr1dTzJee307rmrkt8c0g	love nwantiti (ah ah ah)	CKay	1	#3e3e40	2021-10-15	Viral 50	is
0eu4C55hL6x29mmeAjytzC	Life Goes On	Oliver Tree	2	#3e3e40	2021-10-15	Viral 50	is
7hU3IHwjX150XLoTVmjD0q	MONEY	LISA	3	#3e3e40	2021-10-15	Viral 50	is
6zSpb8dQRaw0M1dK8PBwQz	Cold Heart - PNAU Remix	Elton John, Dua Lipa	4	#3e3e40	2021-10-15	Viral 50	is
2prnn41CblB8B4yWACDljP	Love Tonight - David Guetta Remix Edit	Shouse	5	#3e3e40	2021-10-15	Viral 50	is
2B4GHvToeLTOBB4QLzW3Ni	Pepas	Farruko	6	#3e3e40	2021-10-15	Viral 50	is
7jwQlYGpOml9ETGre1HqGA	Somebody's Watching Me	Rockwell	7	#84bd00	2021-10-15	Viral 50	is
07MDkzWARZaLEdKxo6yArG	Meet Me At Our Spot	THE ANXIETY, WILLOW, Tyler Cole	8	#3e3e40	2021-10-15	Viral 50	is
62P3CMQAknHW4iftsBD41Y	Eleanor Rigby	Cody Fry	9	#3e3e40	2021-10-15	Viral 50	is
4gvrJnKCKIPiacNsWVQwEU	love nwantiti (feat. Dj Yo! & AX'EL) - Remix	CKay	10	#bd3200	2021-10-15	Viral 50	is
20on25jryn53hWghthWWW3	Do It To It	ACRAZE, Cherish	11	#84bd00	2021-10-15	Viral 50	is
6OufwUcCqo81guU2jAlDVP	Love Tonight - Edit	Shouse	12	#84bd00	2021-10-15	Viral 50	is
0OVEdO7VucIEjuTgPhGeT2	F.C.K (feat. Aron Can)	Birnir	13	#4687d7	2021-10-15	Viral 50	is
6iZ0FIL3H6A9Y329MCYx6k	Still into You (Drm Remix Edit)	Emperor Party	14	#84bd00	2021-10-15	Viral 50	is
4Fmr4dbY1sZiX77ZbljNFC	lemme land?	Canking, Ess2Mad	15	#84bd00	2021-10-15	Viral 50	is
0J07ya7WC09FaQADutoBRZ	Love Tonight - Robin Schulz Remix	Shouse	16	#bd3200	2021-10-15	Viral 50	is
5rW7qTn83sCKtqBoneJs63	edamame (feat. Rich Brian)	bbno$	17	#84bd00	2021-10-15	Viral 50	is
75MNhvTCCKsST3YqqUiU9r	Shivers	Ed Sheeran	18	#bd3200	2021-10-15	Viral 50	is
3NqBxTOMCJ3zW9CIP51td4	Jugaste y Sufrí	Eslabon Armado, DannyLux	19	#84bd00	2021-10-15	Viral 50	is
6ATfeY4iVwD1Sz2pXF7x1n	Manstu (feat. JóiPé)	kef LAVÍK	20	#bd3200	2021-10-15	Viral 50	is
2BcMwX1MPV6ZHP4tUT9uq6	Knife Talk (with 21 Savage ft. Project Pat)	Drake	21	#84bd00	2021-10-15	Viral 50	is
02MWAaffLxlfxAUY7c5dvx	Heat Waves	Glass Animals	22	#bd3200	2021-10-15	Viral 50	is
2EmFNa3we4yPEnIPHw0rmn	Snáðar	Ingi Bauer	23	#84bd00	2021-10-15	Viral 50	is
0e8nrvls4Qqv5Rfa2UhqmO	THATS WHAT I WANT	Lil Nas X	24	#bd3200	2021-10-15	Viral 50	is
6iBL6TOzsO75Yz0cG1MO0o	Wanna Play?	The Prophet	25	#3e3e40	2021-10-15	Viral 50	is
0k1WUmIRnG3xU6fvvDVfRG	Way 2 Sexy (with Future & Young Thug)	Drake	26	#84bd00	2021-10-15	Viral 50	is
5Of37QKBEX6to3dfezxKEL	PABBI	Emmsjé Gauti, Helgi Sæmundur	27	#bd3200	2021-10-15	Viral 50	is
1175r6ZmkUjX8dRJLz9Ohk	I Love You So	The Walters	28	#3e3e40	2021-10-15	Viral 50	is
3uUuGVFu1V7jTQL60S1r8z	Where Are You Now	Lost Frequencies, Calum Scott	29	#bd3200	2021-10-15	Viral 50	is
3CLSHJv5aUROAN2vfOyCOh	Close Eyes	DVRST	30	#84bd00	2021-10-15	Viral 50	is
3PnWFK8bDknQuREUXpVQi3	Veiðimaður (feat. THØR & Bjørn)	Ingi Bauer	31	#84bd00	2021-10-15	Viral 50	is
64EA2RKyciBwCuVczLH6Ct	masquerade	siouxxie sixxsta	32	#84bd00	2021-10-15	Viral 50	is
0V5cvmTKsYmF5FmGGEAfmS	Je te laisserai des mots	Patrick Watson	33	#84bd00	2021-10-15	Viral 50	is
1F80MEkZA9yTlpMQp9dhht	Because You Move Me	Tinlicker, Helsloot	34	#bd3200	2021-10-15	Viral 50	is
1olCzMxaeiQKNO64ssWVGr	Talk About	Rain Radio, DJ Craig Gorman	35	#bd3200	2021-10-15	Viral 50	is
6SO4GbNZMa8lFx0Lvl1RcX	Vertu úlfur - Titillag	Emilíana Torrini	36	#bd3200	2021-10-15	Viral 50	is
30QR0ndUdiiMQMA9g1PGCm	...And to Those I Love, Thanks for Sticking Around	$uicideboy$	37	#bd3200	2021-10-15	Viral 50	is
7zx1i0jGcFwMBurajgKlO7	Black Magic	Jonasu	38	#bd3200	2021-10-15	Viral 50	is
5vIj3e4nxeMvRwm9q5EsHf	Fyrir Ofan Himininn	Sign	39	#4687d7	2021-10-15	Viral 50	is
2hvtHjHv1zwA0bxLdfulMG	Af hverju er enginn hérna reiður nema ég?	kef LAVÍK, Big Hamka	40	#84bd00	2021-10-15	Viral 50	is
62sXIT6kAdOgcWqnhEZaRL	Say What You Will	James Blake	41	#84bd00	2021-10-15	Viral 50	is
1axXy2bgUSeEN7h6Ob9Qbo	Famous Last Words	James Blake	42	#bd3200	2021-10-15	Viral 50	is
3CzYmkeWB2LExM2Ew3pH5C	Augun pírð í þinna litadýrð demo 2	kef LAVÍK	43	#bd3200	2021-10-15	Viral 50	is
4PYfFHKfjYz6dwAtZhBy1z	Obsessed With You	Central Cee	44	#4687d7	2021-10-15	Viral 50	is
5Yw6htG6TZtkeMo9WLI0M7	Beautiful James	Placebo	45	#bd3200	2021-10-15	Viral 50	is
0UTyLmkQgPOEIz95OVAJTR	range brothers (with Kendrick Lamar)	BaKeem	46	#4687d7	2021-10-15	Viral 50	is
0DuWDLjriRPjDRoPgaCslY	Love In The Dark	Adele	47	#4687d7	2021-10-15	Viral 50	is
7q5CeUQEkaikldYrQuct8l	Líttu sérhvert sólarlag	Sigríður Thorlacius, Valdimar Guðmundsson, Bragi Valdimar Skúlason	48	#bd3200	2021-10-15	Viral 50	is
6Dy1jexKYriXAVG6evyUTJ	OUT OUT (feat. Charli XCX & Saweetie)	Joel Corry, Jax Jones	49	#4687d7	2021-10-15	Viral 50	is
4a9RlnJ0v1T7HgLtps1HvI	This Is Halloween	Disney Characters	50	#bd3200	2021-10-15	Viral 50	is
2Xr1dTzJee307rmrkt8c0g	love nwantiti (ah ah ah)	CKay	1	#3e3e40	2021-10-16	Viral 50	is
7hU3IHwjX150XLoTVmjD0q	MONEY	LISA	2	#84bd00	2021-10-16	Viral 50	is
0eu4C55hL6x29mmeAjytzC	Life Goes On	Oliver Tree	3	#bd3200	2021-10-16	Viral 50	is
6zSpb8dQRaw0M1dK8PBwQz	Cold Heart - PNAU Remix	Elton John, Dua Lipa	4	#3e3e40	2021-10-16	Viral 50	is
2B4GHvToeLTOBB4QLzW3Ni	Pepas	Farruko	5	#84bd00	2021-10-16	Viral 50	is
2prnn41CblB8B4yWACDljP	Love Tonight - David Guetta Remix Edit	Shouse	6	#bd3200	2021-10-16	Viral 50	is
7jwQlYGpOml9ETGre1HqGA	Somebody's Watching Me	Rockwell	7	#3e3e40	2021-10-16	Viral 50	is
07MDkzWARZaLEdKxo6yArG	Meet Me At Our Spot	THE ANXIETY, WILLOW, Tyler Cole	8	#3e3e40	2021-10-16	Viral 50	is
4gvrJnKCKIPiacNsWVQwEU	love nwantiti (feat. Dj Yo! & AX'EL) - Remix	CKay	9	#84bd00	2021-10-16	Viral 50	is
0OVEdO7VucIEjuTgPhGeT2	F.C.K (feat. Aron Can)	Birnir	10	#84bd00	2021-10-16	Viral 50	is
62P3CMQAknHW4iftsBD41Y	Eleanor Rigby	Cody Fry	11	#bd3200	2021-10-16	Viral 50	is
6iZ0FIL3H6A9Y329MCYx6k	Still into You (Drm Remix Edit)	Emperor Party	12	#84bd00	2021-10-16	Viral 50	is
1175r6ZmkUjX8dRJLz9Ohk	I Love You So	The Walters	13	#84bd00	2021-10-16	Viral 50	is
75MNhvTCCKsST3YqqUiU9r	Shivers	Ed Sheeran	14	#84bd00	2021-10-16	Viral 50	is
6OufwUcCqo81guU2jAlDVP	Love Tonight - Edit	Shouse	15	#bd3200	2021-10-16	Viral 50	is
3NqBxTOMCJ3zW9CIP51td4	Jugaste y Sufrí	Eslabon Armado, DannyLux	16	#84bd00	2021-10-16	Viral 50	is
5rW7qTn83sCKtqBoneJs63	edamame (feat. Rich Brian)	bbno$	17	#3e3e40	2021-10-16	Viral 50	is
0J07ya7WC09FaQADutoBRZ	Love Tonight - Robin Schulz Remix	Shouse	18	#bd3200	2021-10-16	Viral 50	is
64EA2RKyciBwCuVczLH6Ct	masquerade	siouxxie sixxsta	19	#84bd00	2021-10-16	Viral 50	is
20on25jryn53hWghthWWW3	Do It To It	ACRAZE, Cherish	20	#bd3200	2021-10-16	Viral 50	is
2BcMwX1MPV6ZHP4tUT9uq6	Knife Talk (with 21 Savage ft. Project Pat)	Drake	21	#3e3e40	2021-10-16	Viral 50	is
2EmFNa3we4yPEnIPHw0rmn	Snáðar	Ingi Bauer	22	#84bd00	2021-10-16	Viral 50	is
5vIj3e4nxeMvRwm9q5EsHf	Fyrir Ofan Himininn	Sign	23	#84bd00	2021-10-16	Viral 50	is
02MWAaffLxlfxAUY7c5dvx	Heat Waves	Glass Animals	24	#bd3200	2021-10-16	Viral 50	is
1F80MEkZA9yTlpMQp9dhht	Because You Move Me	Tinlicker, Helsloot	25	#84bd00	2021-10-16	Viral 50	is
3uUuGVFu1V7jTQL60S1r8z	Where Are You Now	Lost Frequencies, Calum Scott	26	#84bd00	2021-10-16	Viral 50	is
0DuWDLjriRPjDRoPgaCslY	Love In The Dark	Adele	27	#84bd00	2021-10-16	Viral 50	is
0k1WUmIRnG3xU6fvvDVfRG	Way 2 Sexy (with Future & Young Thug)	Drake	28	#bd3200	2021-10-16	Viral 50	is
6SO4GbNZMa8lFx0Lvl1RcX	Vertu úlfur - Titillag	Emilíana Torrini	29	#84bd00	2021-10-16	Viral 50	is
6iBL6TOzsO75Yz0cG1MO0o	Wanna Play?	The Prophet	30	#bd3200	2021-10-16	Viral 50	is
0V5cvmTKsYmF5FmGGEAfmS	Je te laisserai des mots	Patrick Watson	31	#84bd00	2021-10-16	Viral 50	is
0e8nrvls4Qqv5Rfa2UhqmO	THATS WHAT I WANT	Lil Nas X	32	#bd3200	2021-10-16	Viral 50	is
6ATfeY4iVwD1Sz2pXF7x1n	Manstu (feat. JóiPé)	kef LAVÍK	33	#bd3200	2021-10-16	Viral 50	is
3PnWFK8bDknQuREUXpVQi3	Veiðimaður (feat. THØR & Bjørn)	Ingi Bauer	34	#bd3200	2021-10-16	Viral 50	is
7zx1i0jGcFwMBurajgKlO7	Black Magic	Jonasu	35	#84bd00	2021-10-16	Viral 50	is
30QR0ndUdiiMQMA9g1PGCm	...And to Those I Love, Thanks for Sticking Around	$uicideboy$	36	#84bd00	2021-10-16	Viral 50	is
4Fmr4dbY1sZiX77ZbljNFC	lemme land?	Canking, Ess2Mad	37	#bd3200	2021-10-16	Viral 50	is
5Of37QKBEX6to3dfezxKEL	PABBI	Emmsjé Gauti, Helgi Sæmundur	38	#bd3200	2021-10-16	Viral 50	is
3CLSHJv5aUROAN2vfOyCOh	Close Eyes	DVRST	39	#bd3200	2021-10-16	Viral 50	is
1axXy2bgUSeEN7h6Ob9Qbo	Famous Last Words	James Blake	40	#84bd00	2021-10-16	Viral 50	is
1olCzMxaeiQKNO64ssWVGr	Talk About	Rain Radio, DJ Craig Gorman	41	#bd3200	2021-10-16	Viral 50	is
5Yw6htG6TZtkeMo9WLI0M7	Beautiful James	Placebo	42	#84bd00	2021-10-16	Viral 50	is
2xXPVOKw75Ouju8Qu4SdIA	I Don't Wanna Talk (I Just Wanna Dance)	Glass Animals	43	#4687d7	2021-10-16	Viral 50	is
4F6yN5FsFW10Ucx7cLCzBh	Ready (feat. Gunna)	Lil Baby	44	#4687d7	2021-10-16	Viral 50	is
3lFrFQcZWPLa8WEG7xoc4b	Я буду ебать	Moreart, IHI	45	#4687d7	2021-10-16	Viral 50	is
62sXIT6kAdOgcWqnhEZaRL	Say What You Will	James Blake	46	#bd3200	2021-10-16	Viral 50	is
3CzYmkeWB2LExM2Ew3pH5C	Augun pírð í þinna litadýrð demo 2	kef LAVÍK	47	#bd3200	2021-10-16	Viral 50	is
5Z9KJZvQzH6PFmb8SNkxuk	INDUSTRY BABY (feat. Jack Harlow)	Lil Nas X	48	#4687d7	2021-10-16	Viral 50	is
1lAJUXyP5S2dUYHer1xBas	Drunk And Nasty (feat. Sharc)	Pi’erre Bourne	49	#4687d7	2021-10-16	Viral 50	is
3oE2HPoP7DCgxhrqjAosZY	TWINNEM	Coi Leray	50	#4687d7	2021-10-16	Viral 50	is
2Xr1dTzJee307rmrkt8c0g	love nwantiti (ah ah ah)	CKay	1	#3e3e40	2021-10-17	Viral 50	is
0eu4C55hL6x29mmeAjytzC	Life Goes On	Oliver Tree	2	#84bd00	2021-10-17	Viral 50	is
7hU3IHwjX150XLoTVmjD0q	MONEY	LISA	3	#bd3200	2021-10-17	Viral 50	is
6zSpb8dQRaw0M1dK8PBwQz	Cold Heart - PNAU Remix	Elton John, Dua Lipa	4	#3e3e40	2021-10-17	Viral 50	is
2B4GHvToeLTOBB4QLzW3Ni	Pepas	Farruko	5	#3e3e40	2021-10-17	Viral 50	is
7jwQlYGpOml9ETGre1HqGA	Somebody's Watching Me	Rockwell	6	#84bd00	2021-10-17	Viral 50	is
2prnn41CblB8B4yWACDljP	Love Tonight - David Guetta Remix Edit	Shouse	7	#bd3200	2021-10-17	Viral 50	is
0OVEdO7VucIEjuTgPhGeT2	F.C.K (feat. Aron Can)	Birnir	8	#84bd00	2021-10-17	Viral 50	is
4gvrJnKCKIPiacNsWVQwEU	love nwantiti (feat. Dj Yo! & AX'EL) - Remix	CKay	9	#3e3e40	2021-10-17	Viral 50	is
6iZ0FIL3H6A9Y329MCYx6k	Still into You (Drm Remix Edit)	Emperor Party	10	#84bd00	2021-10-17	Viral 50	is
62P3CMQAknHW4iftsBD41Y	Eleanor Rigby	Cody Fry	11	#3e3e40	2021-10-17	Viral 50	is
20on25jryn53hWghthWWW3	Do It To It	ACRAZE, Cherish	12	#84bd00	2021-10-17	Viral 50	is
1175r6ZmkUjX8dRJLz9Ohk	I Love You So	The Walters	13	#3e3e40	2021-10-17	Viral 50	is
6OufwUcCqo81guU2jAlDVP	Love Tonight - Edit	Shouse	14	#84bd00	2021-10-17	Viral 50	is
75MNhvTCCKsST3YqqUiU9r	Shivers	Ed Sheeran	15	#bd3200	2021-10-17	Viral 50	is
07MDkzWARZaLEdKxo6yArG	Meet Me At Our Spot	THE ANXIETY, WILLOW, Tyler Cole	16	#bd3200	2021-10-17	Viral 50	is
64EA2RKyciBwCuVczLH6Ct	masquerade	siouxxie sixxsta	17	#84bd00	2021-10-17	Viral 50	is
0J07ya7WC09FaQADutoBRZ	Love Tonight - Robin Schulz Remix	Shouse	18	#3e3e40	2021-10-17	Viral 50	is
5rW7qTn83sCKtqBoneJs63	edamame (feat. Rich Brian)	bbno$	19	#bd3200	2021-10-17	Viral 50	is
5GxUKIEkMXXZo1Tif0IzfC	Two Moons	BoyWithUke	20	#4687d7	2021-10-17	Viral 50	is
3NqBxTOMCJ3zW9CIP51td4	Jugaste y Sufrí	Eslabon Armado, DannyLux	21	#bd3200	2021-10-17	Viral 50	is
3uUuGVFu1V7jTQL60S1r8z	Where Are You Now	Lost Frequencies, Calum Scott	22	#84bd00	2021-10-17	Viral 50	is
5vIj3e4nxeMvRwm9q5EsHf	Fyrir Ofan Himininn	Sign	23	#3e3e40	2021-10-17	Viral 50	is
2EmFNa3we4yPEnIPHw0rmn	Snáðar	Ingi Bauer	24	#bd3200	2021-10-17	Viral 50	is
1F80MEkZA9yTlpMQp9dhht	Because You Move Me	Tinlicker, Helsloot	25	#3e3e40	2021-10-17	Viral 50	is
0DuWDLjriRPjDRoPgaCslY	Love In The Dark	Adele	26	#84bd00	2021-10-17	Viral 50	is
4Fmr4dbY1sZiX77ZbljNFC	lemme land?	Canking, Ess2Mad	27	#84bd00	2021-10-17	Viral 50	is
0k1WUmIRnG3xU6fvvDVfRG	Way 2 Sexy (with Future & Young Thug)	Drake	28	#3e3e40	2021-10-17	Viral 50	is
0V5cvmTKsYmF5FmGGEAfmS	Je te laisserai des mots	Patrick Watson	29	#84bd00	2021-10-17	Viral 50	is
0e8nrvls4Qqv5Rfa2UhqmO	THATS WHAT I WANT	Lil Nas X	30	#84bd00	2021-10-17	Viral 50	is
6iBL6TOzsO75Yz0cG1MO0o	Wanna Play?	The Prophet	31	#bd3200	2021-10-17	Viral 50	is
02MWAaffLxlfxAUY7c5dvx	Heat Waves	Glass Animals	32	#bd3200	2021-10-17	Viral 50	is
7zx1i0jGcFwMBurajgKlO7	Black Magic	Jonasu	33	#84bd00	2021-10-17	Viral 50	is
2BcMwX1MPV6ZHP4tUT9uq6	Knife Talk (with 21 Savage ft. Project Pat)	Drake	34	#bd3200	2021-10-17	Viral 50	is
30QR0ndUdiiMQMA9g1PGCm	...And to Those I Love, Thanks for Sticking Around	$uicideboy$	35	#84bd00	2021-10-17	Viral 50	is
3CLSHJv5aUROAN2vfOyCOh	Close Eyes	DVRST	36	#84bd00	2021-10-17	Viral 50	is
6SO4GbNZMa8lFx0Lvl1RcX	Vertu úlfur - Titillag	Emilíana Torrini	37	#bd3200	2021-10-17	Viral 50	is
4a9RlnJ0v1T7HgLtps1HvI	This Is Halloween	Disney Characters	38	#4687d7	2021-10-17	Viral 50	is
6ATfeY4iVwD1Sz2pXF7x1n	Manstu (feat. JóiPé)	kef LAVÍK	39	#bd3200	2021-10-17	Viral 50	is
3NmyUVdWlIct7fV5BQgN5N	Racks	Birnir	40	#4687d7	2021-10-17	Viral 50	is
1bpdLkA2MDdMAx043uDIQM	All I Need	Lloyd	41	#4687d7	2021-10-17	Viral 50	is
3PnWFK8bDknQuREUXpVQi3	Veiðimaður (feat. THØR & Bjørn)	Ingi Bauer	42	#bd3200	2021-10-17	Viral 50	is
5Yw6htG6TZtkeMo9WLI0M7	Beautiful James	Placebo	43	#bd3200	2021-10-17	Viral 50	is
3wA4ronkc8ZcPXUP0fDgYA	Bad Day	Justus Bennetts	44	#4687d7	2021-10-17	Viral 50	is
3lFrFQcZWPLa8WEG7xoc4b	Я буду ебать	Moreart, IHI	45	#3e3e40	2021-10-17	Viral 50	is
5Of37QKBEX6to3dfezxKEL	PABBI	Emmsjé Gauti, Helgi Sæmundur	46	#bd3200	2021-10-17	Viral 50	is
62fX2b2VUsHk0S6Jhc24B2	Swimming Pools	Lloyd	47	#4687d7	2021-10-17	Viral 50	is
5Z9KJZvQzH6PFmb8SNkxuk	INDUSTRY BABY (feat. Jack Harlow)	Lil Nas X	48	#3e3e40	2021-10-17	Viral 50	is
1olCzMxaeiQKNO64ssWVGr	Talk About	Rain Radio, DJ Craig Gorman	49	#bd3200	2021-10-17	Viral 50	is
1lAJUXyP5S2dUYHer1xBas	Drunk And Nasty (feat. Sharc)	Pi’erre Bourne	50	#bd3200	2021-10-17	Viral 50	is
2Xr1dTzJee307rmrkt8c0g	love nwantiti (ah ah ah)	CKay	1	#3e3e40	2021-10-18	Viral 50	is
7hU3IHwjX150XLoTVmjD0q	MONEY	LISA	2	#84bd00	2021-10-18	Viral 50	is
6zSpb8dQRaw0M1dK8PBwQz	Cold Heart - PNAU Remix	Elton John, Dua Lipa	3	#84bd00	2021-10-18	Viral 50	is
0eu4C55hL6x29mmeAjytzC	Life Goes On	Oliver Tree	4	#bd3200	2021-10-18	Viral 50	is
2B4GHvToeLTOBB4QLzW3Ni	Pepas	Farruko	5	#3e3e40	2021-10-18	Viral 50	is
7jwQlYGpOml9ETGre1HqGA	Somebody's Watching Me	Rockwell	6	#3e3e40	2021-10-18	Viral 50	is
46HNZY1i7O6jwTA7Slo2PI	My Universe	Coldplay, BTS	7	#4687d7	2021-10-18	Viral 50	is
2prnn41CblB8B4yWACDljP	Love Tonight - David Guetta Remix Edit	Shouse	8	#bd3200	2021-10-18	Viral 50	is
4eL3XeuGaEoVT8ttDh3hwY	too easy	Gunna, Future	9	#4687d7	2021-10-18	Viral 50	is
1175r6ZmkUjX8dRJLz9Ohk	I Love You So	The Walters	10	#84bd00	2021-10-18	Viral 50	is
0OVEdO7VucIEjuTgPhGeT2	F.C.K (feat. Aron Can)	Birnir	11	#bd3200	2021-10-18	Viral 50	is
20on25jryn53hWghthWWW3	Do It To It	ACRAZE, Cherish	12	#3e3e40	2021-10-18	Viral 50	is
62P3CMQAknHW4iftsBD41Y	Eleanor Rigby	Cody Fry	13	#bd3200	2021-10-18	Viral 50	is
6f5ExP43esnvdKPddwKXJH	Better Days (NEIKED x Mae Muller x Polo G)	NEIKED	14	#4687d7	2021-10-18	Viral 50	is
0J07ya7WC09FaQADutoBRZ	Love Tonight - Robin Schulz Remix	Shouse	15	#84bd00	2021-10-18	Viral 50	is
6iZ0FIL3H6A9Y329MCYx6k	Still into You (Drm Remix Edit)	Emperor Party	16	#bd3200	2021-10-18	Viral 50	is
64EA2RKyciBwCuVczLH6Ct	masquerade	siouxxie sixxsta	17	#3e3e40	2021-10-18	Viral 50	is
6OufwUcCqo81guU2jAlDVP	Love Tonight - Edit	Shouse	18	#bd3200	2021-10-18	Viral 50	is
5GxUKIEkMXXZo1Tif0IzfC	Two Moons	BoyWithUke	19	#84bd00	2021-10-18	Viral 50	is
0DuWDLjriRPjDRoPgaCslY	Love In The Dark	Adele	20	#84bd00	2021-10-18	Viral 50	is
3NqBxTOMCJ3zW9CIP51td4	Jugaste y Sufrí	Eslabon Armado, DannyLux	21	#3e3e40	2021-10-18	Viral 50	is
5vIj3e4nxeMvRwm9q5EsHf	Fyrir Ofan Himininn	Sign	22	#84bd00	2021-10-18	Viral 50	is
4Mbnbxtl5rKXHXgqAKT9Yy	Hella Bow - Bella Ciao Remix (Money Heist UK Drill)	Pureojuice, Prod. OnurKN	23	#4687d7	2021-10-18	Viral 50	is
6iBL6TOzsO75Yz0cG1MO0o	Wanna Play?	The Prophet	24	#84bd00	2021-10-18	Viral 50	is
3uUuGVFu1V7jTQL60S1r8z	Where Are You Now	Lost Frequencies, Calum Scott	25	#bd3200	2021-10-18	Viral 50	is
07MDkzWARZaLEdKxo6yArG	Meet Me At Our Spot	THE ANXIETY, WILLOW, Tyler Cole	26	#bd3200	2021-10-18	Viral 50	is
7zx1i0jGcFwMBurajgKlO7	Black Magic	Jonasu	27	#84bd00	2021-10-18	Viral 50	is
5rW7qTn83sCKtqBoneJs63	edamame (feat. Rich Brian)	bbno$	28	#bd3200	2021-10-18	Viral 50	is
2NLEm5knDiUFbsnsnOcLT3	Ég á það skilið	Baggalútur	29	#4687d7	2021-10-18	Viral 50	is
3NmyUVdWlIct7fV5BQgN5N	Racks	Birnir	30	#84bd00	2021-10-18	Viral 50	is
2EmFNa3we4yPEnIPHw0rmn	Snáðar	Ingi Bauer	31	#bd3200	2021-10-18	Viral 50	is
75MNhvTCCKsST3YqqUiU9r	Shivers	Ed Sheeran	32	#bd3200	2021-10-18	Viral 50	is
0V5cvmTKsYmF5FmGGEAfmS	Je te laisserai des mots	Patrick Watson	33	#bd3200	2021-10-18	Viral 50	is
02MWAaffLxlfxAUY7c5dvx	Heat Waves	Glass Animals	34	#bd3200	2021-10-18	Viral 50	is
4Fmr4dbY1sZiX77ZbljNFC	lemme land?	Canking, Ess2Mad	35	#bd3200	2021-10-18	Viral 50	is
1F80MEkZA9yTlpMQp9dhht	Because You Move Me	Tinlicker, Helsloot	36	#bd3200	2021-10-18	Viral 50	is
3CLSHJv5aUROAN2vfOyCOh	Close Eyes	DVRST	37	#bd3200	2021-10-18	Viral 50	is
30QR0ndUdiiMQMA9g1PGCm	...And to Those I Love, Thanks for Sticking Around	$uicideboy$	38	#bd3200	2021-10-18	Viral 50	is
2DTpP3caqX3QdJIEoS83mD	Your Heart	Joyner Lucas, J. Cole	39	#4687d7	2021-10-18	Viral 50	is
5Yw6htG6TZtkeMo9WLI0M7	Beautiful James	Placebo	40	#84bd00	2021-10-18	Viral 50	is
1bpdLkA2MDdMAx043uDIQM	All I Need	Lloyd	41	#3e3e40	2021-10-18	Viral 50	is
0k1WUmIRnG3xU6fvvDVfRG	Way 2 Sexy (with Future & Young Thug)	Drake	42	#bd3200	2021-10-18	Viral 50	is
4E6Dxj76ostVEmeefzlDP8	Something About You	Eyedress, Dent May	43	#4687d7	2021-10-18	Viral 50	is
6ATfeY4iVwD1Sz2pXF7x1n	Manstu (feat. JóiPé)	kef LAVÍK	44	#bd3200	2021-10-18	Viral 50	is
3wA4ronkc8ZcPXUP0fDgYA	Bad Day	Justus Bennetts	45	#bd3200	2021-10-18	Viral 50	is
62fX2b2VUsHk0S6Jhc24B2	Swimming Pools	Lloyd	46	#84bd00	2021-10-18	Viral 50	is
3PnWFK8bDknQuREUXpVQi3	Veiðimaður (feat. THØR & Bjørn)	Ingi Bauer	47	#bd3200	2021-10-18	Viral 50	is
4a9RlnJ0v1T7HgLtps1HvI	This Is Halloween	Disney Characters	48	#bd3200	2021-10-18	Viral 50	is
1lAJUXyP5S2dUYHer1xBas	Drunk And Nasty (feat. Sharc)	Pi’erre Bourne	49	#84bd00	2021-10-18	Viral 50	is
0KXVlyymoSNmAQv3zZOjrt	Barfly	Jeff who?	50	#4687d7	2021-10-18	Viral 50	is
2Xr1dTzJee307rmrkt8c0g	love nwantiti (ah ah ah)	CKay	1	#3e3e40	2021-10-19	Viral 50	is
7hU3IHwjX150XLoTVmjD0q	MONEY	LISA	2	#3e3e40	2021-10-19	Viral 50	is
6zSpb8dQRaw0M1dK8PBwQz	Cold Heart - PNAU Remix	Elton John, Dua Lipa	3	#3e3e40	2021-10-19	Viral 50	is
2B4GHvToeLTOBB4QLzW3Ni	Pepas	Farruko	4	#84bd00	2021-10-19	Viral 50	is
6f5ExP43esnvdKPddwKXJH	Better Days (NEIKED x Mae Muller x Polo G)	NEIKED	5	#84bd00	2021-10-19	Viral 50	is
0eu4C55hL6x29mmeAjytzC	Life Goes On	Oliver Tree	6	#bd3200	2021-10-19	Viral 50	is
7jwQlYGpOml9ETGre1HqGA	Somebody's Watching Me	Rockwell	7	#bd3200	2021-10-19	Viral 50	is
46HNZY1i7O6jwTA7Slo2PI	My Universe	Coldplay, BTS	8	#bd3200	2021-10-19	Viral 50	is
0OVEdO7VucIEjuTgPhGeT2	F.C.K (feat. Aron Can)	Birnir	9	#84bd00	2021-10-19	Viral 50	is
4eL3XeuGaEoVT8ttDh3hwY	too easy	Gunna, Future	10	#bd3200	2021-10-19	Viral 50	is
20on25jryn53hWghthWWW3	Do It To It	ACRAZE, Cherish	11	#84bd00	2021-10-19	Viral 50	is
62P3CMQAknHW4iftsBD41Y	Eleanor Rigby	Cody Fry	12	#84bd00	2021-10-19	Viral 50	is
1175r6ZmkUjX8dRJLz9Ohk	I Love You So	The Walters	13	#bd3200	2021-10-19	Viral 50	is
2prnn41CblB8B4yWACDljP	Love Tonight - David Guetta Remix Edit	Shouse	14	#bd3200	2021-10-19	Viral 50	is
0J07ya7WC09FaQADutoBRZ	Love Tonight - Robin Schulz Remix	Shouse	15	#3e3e40	2021-10-19	Viral 50	is
64EA2RKyciBwCuVczLH6Ct	masquerade	siouxxie sixxsta	16	#84bd00	2021-10-19	Viral 50	is
6iZ0FIL3H6A9Y329MCYx6k	Still into You (Drm Remix Edit)	Emperor Party	17	#bd3200	2021-10-19	Viral 50	is
0DuWDLjriRPjDRoPgaCslY	Love In The Dark	Adele	18	#84bd00	2021-10-19	Viral 50	is
6OufwUcCqo81guU2jAlDVP	Love Tonight - Edit	Shouse	19	#bd3200	2021-10-19	Viral 50	is
2NLEm5knDiUFbsnsnOcLT3	Ég á það skilið	Baggalútur	20	#84bd00	2021-10-19	Viral 50	is
3uUuGVFu1V7jTQL60S1r8z	Where Are You Now	Lost Frequencies, Calum Scott	21	#84bd00	2021-10-19	Viral 50	is
6iBL6TOzsO75Yz0cG1MO0o	Wanna Play?	The Prophet	22	#84bd00	2021-10-19	Viral 50	is
0V5cvmTKsYmF5FmGGEAfmS	Je te laisserai des mots	Patrick Watson	23	#84bd00	2021-10-19	Viral 50	is
5vIj3e4nxeMvRwm9q5EsHf	Fyrir Ofan Himininn	Sign	24	#bd3200	2021-10-19	Viral 50	is
4Mbnbxtl5rKXHXgqAKT9Yy	Hella Bow - Bella Ciao Remix (Money Heist UK Drill)	Pureojuice, Prod. OnurKN	25	#bd3200	2021-10-19	Viral 50	is
5GxUKIEkMXXZo1Tif0IzfC	Two Moons	BoyWithUke	26	#bd3200	2021-10-19	Viral 50	is
3CLSHJv5aUROAN2vfOyCOh	Close Eyes	DVRST	27	#84bd00	2021-10-19	Viral 50	is
07MDkzWARZaLEdKxo6yArG	Meet Me At Our Spot	THE ANXIETY, WILLOW, Tyler Cole	28	#bd3200	2021-10-19	Viral 50	is
75MNhvTCCKsST3YqqUiU9r	Shivers	Ed Sheeran	29	#84bd00	2021-10-19	Viral 50	is
3NqBxTOMCJ3zW9CIP51td4	Jugaste y Sufrí	Eslabon Armado, DannyLux	30	#bd3200	2021-10-19	Viral 50	is
4gvrJnKCKIPiacNsWVQwEU	love nwantiti (feat. Dj Yo! & AX'EL) - Remix	CKay	31	#4687d7	2021-10-19	Viral 50	is
7zx1i0jGcFwMBurajgKlO7	Black Magic	Jonasu	32	#bd3200	2021-10-19	Viral 50	is
2EmFNa3we4yPEnIPHw0rmn	Snáðar	Ingi Bauer	33	#bd3200	2021-10-19	Viral 50	is
5rW7qTn83sCKtqBoneJs63	edamame (feat. Rich Brian)	bbno$	34	#bd3200	2021-10-19	Viral 50	is
3NmyUVdWlIct7fV5BQgN5N	Racks	Birnir	35	#bd3200	2021-10-19	Viral 50	is
4Fmr4dbY1sZiX77ZbljNFC	lemme land?	Canking, Ess2Mad	36	#bd3200	2021-10-19	Viral 50	is
1F80MEkZA9yTlpMQp9dhht	Because You Move Me	Tinlicker, Helsloot	37	#bd3200	2021-10-19	Viral 50	is
4a9RlnJ0v1T7HgLtps1HvI	This Is Halloween	Disney Characters	38	#84bd00	2021-10-19	Viral 50	is
02MWAaffLxlfxAUY7c5dvx	Heat Waves	Glass Animals	39	#bd3200	2021-10-19	Viral 50	is
30QR0ndUdiiMQMA9g1PGCm	...And to Those I Love, Thanks for Sticking Around	$uicideboy$	40	#bd3200	2021-10-19	Viral 50	is
1bpdLkA2MDdMAx043uDIQM	All I Need	Lloyd	41	#3e3e40	2021-10-19	Viral 50	is
4E6Dxj76ostVEmeefzlDP8	Something About You	Eyedress, Dent May	42	#84bd00	2021-10-19	Viral 50	is
7AUCyNjckeQBBnKol7MZ59	Pink Soldiers	23	43	#4687d7	2021-10-19	Viral 50	is
0k1WUmIRnG3xU6fvvDVfRG	Way 2 Sexy (with Future & Young Thug)	Drake	44	#bd3200	2021-10-19	Viral 50	is
0e8nrvls4Qqv5Rfa2UhqmO	THATS WHAT I WANT	Lil Nas X	45	#4687d7	2021-10-19	Viral 50	is
2W779g2UrRZtVdf3FcEOO1	In My Mind	Lyn Lapid	46	#4687d7	2021-10-19	Viral 50	is
3wA4ronkc8ZcPXUP0fDgYA	Bad Day	Justus Bennetts	47	#bd3200	2021-10-19	Viral 50	is
1u73tmG4xQschbK8cXxSD9	Love Tonight	Shouse	48	#4687d7	2021-10-19	Viral 50	is
5H95n43z0KFcXGCEc0ewe1	Pieces	AVAION	49	#4687d7	2021-10-19	Viral 50	is
273QnyCvJB65rScHJ1nPZb	Make You Feel My Love	Adele	50	#4687d7	2021-10-19	Viral 50	is
2Xr1dTzJee307rmrkt8c0g	love nwantiti (ah ah ah)	CKay	1	#3e3e40	2021-10-20	Viral 50	is
6f5ExP43esnvdKPddwKXJH	Better Days (NEIKED x Mae Muller x Polo G)	NEIKED	2	#84bd00	2021-10-20	Viral 50	is
6zSpb8dQRaw0M1dK8PBwQz	Cold Heart - PNAU Remix	Elton John, Dua Lipa	3	#3e3e40	2021-10-20	Viral 50	is
7hU3IHwjX150XLoTVmjD0q	MONEY	LISA	4	#bd3200	2021-10-20	Viral 50	is
2B4GHvToeLTOBB4QLzW3Ni	Pepas	Farruko	5	#bd3200	2021-10-20	Viral 50	is
4eL3XeuGaEoVT8ttDh3hwY	too easy	Gunna, Future	6	#84bd00	2021-10-20	Viral 50	is
0OVEdO7VucIEjuTgPhGeT2	F.C.K (feat. Aron Can)	Birnir	7	#84bd00	2021-10-20	Viral 50	is
46HNZY1i7O6jwTA7Slo2PI	My Universe	Coldplay, BTS	8	#3e3e40	2021-10-20	Viral 50	is
7jwQlYGpOml9ETGre1HqGA	Somebody's Watching Me	Rockwell	9	#bd3200	2021-10-20	Viral 50	is
4gvrJnKCKIPiacNsWVQwEU	love nwantiti (feat. Dj Yo! & AX'EL) - Remix	CKay	10	#84bd00	2021-10-20	Viral 50	is
0eu4C55hL6x29mmeAjytzC	Life Goes On	Oliver Tree	11	#bd3200	2021-10-20	Viral 50	is
62P3CMQAknHW4iftsBD41Y	Eleanor Rigby	Cody Fry	12	#3e3e40	2021-10-20	Viral 50	is
1175r6ZmkUjX8dRJLz9Ohk	I Love You So	The Walters	13	#3e3e40	2021-10-20	Viral 50	is
07MDkzWARZaLEdKxo6yArG	Meet Me At Our Spot	THE ANXIETY, WILLOW, Tyler Cole	14	#84bd00	2021-10-20	Viral 50	is
2prnn41CblB8B4yWACDljP	Love Tonight - David Guetta Remix Edit	Shouse	15	#bd3200	2021-10-20	Viral 50	is
20on25jryn53hWghthWWW3	Do It To It	ACRAZE, Cherish	16	#bd3200	2021-10-20	Viral 50	is
64EA2RKyciBwCuVczLH6Ct	masquerade	siouxxie sixxsta	17	#bd3200	2021-10-20	Viral 50	is
3uUuGVFu1V7jTQL60S1r8z	Where Are You Now	Lost Frequencies, Calum Scott	18	#84bd00	2021-10-20	Viral 50	is
75MNhvTCCKsST3YqqUiU9r	Shivers	Ed Sheeran	19	#84bd00	2021-10-20	Viral 50	is
5GxUKIEkMXXZo1Tif0IzfC	Two Moons	BoyWithUke	20	#84bd00	2021-10-20	Viral 50	is
6OufwUcCqo81guU2jAlDVP	Love Tonight - Edit	Shouse	21	#bd3200	2021-10-20	Viral 50	is
0DuWDLjriRPjDRoPgaCslY	Love In The Dark	Adele	22	#bd3200	2021-10-20	Viral 50	is
3NqBxTOMCJ3zW9CIP51td4	Jugaste y Sufrí	Eslabon Armado, DannyLux	23	#84bd00	2021-10-20	Viral 50	is
2NLEm5knDiUFbsnsnOcLT3	Ég á það skilið	Baggalútur	24	#bd3200	2021-10-20	Viral 50	is
5vIj3e4nxeMvRwm9q5EsHf	Fyrir Ofan Himininn	Sign	25	#bd3200	2021-10-20	Viral 50	is
2EmFNa3we4yPEnIPHw0rmn	Snáðar	Ingi Bauer	26	#84bd00	2021-10-20	Viral 50	is
0J07ya7WC09FaQADutoBRZ	Love Tonight - Robin Schulz Remix	Shouse	27	#bd3200	2021-10-20	Viral 50	is
5rW7qTn83sCKtqBoneJs63	edamame (feat. Rich Brian)	bbno$	28	#84bd00	2021-10-20	Viral 50	is
3CLSHJv5aUROAN2vfOyCOh	Close Eyes	DVRST	29	#bd3200	2021-10-20	Viral 50	is
6iBL6TOzsO75Yz0cG1MO0o	Wanna Play?	The Prophet	30	#bd3200	2021-10-20	Viral 50	is
0V5cvmTKsYmF5FmGGEAfmS	Je te laisserai des mots	Patrick Watson	31	#bd3200	2021-10-20	Viral 50	is
6iZ0FIL3H6A9Y329MCYx6k	Still into You (Drm Remix Edit)	Emperor Party	32	#bd3200	2021-10-20	Viral 50	is
3NmyUVdWlIct7fV5BQgN5N	Racks	Birnir	33	#84bd00	2021-10-20	Viral 50	is
7zx1i0jGcFwMBurajgKlO7	Black Magic	Jonasu	34	#bd3200	2021-10-20	Viral 50	is
1F80MEkZA9yTlpMQp9dhht	Because You Move Me	Tinlicker, Helsloot	35	#84bd00	2021-10-20	Viral 50	is
4a9RlnJ0v1T7HgLtps1HvI	This Is Halloween	Disney Characters	36	#84bd00	2021-10-20	Viral 50	is
0e8nrvls4Qqv5Rfa2UhqmO	THATS WHAT I WANT	Lil Nas X	37	#84bd00	2021-10-20	Viral 50	is
273QnyCvJB65rScHJ1nPZb	Make You Feel My Love	Adele	38	#84bd00	2021-10-20	Viral 50	is
6mFkJmJqdDVQ1REhVfGgd1	Wish You Were Here	Pink Floyd	39	#4687d7	2021-10-20	Viral 50	is
5Yw6htG6TZtkeMo9WLI0M7	Beautiful James	Placebo	40	#4687d7	2021-10-20	Viral 50	is
02MWAaffLxlfxAUY7c5dvx	Heat Waves	Glass Animals	41	#bd3200	2021-10-20	Viral 50	is
4E6Dxj76ostVEmeefzlDP8	Something About You	Eyedress, Dent May	42	#3e3e40	2021-10-20	Viral 50	is
1bpdLkA2MDdMAx043uDIQM	All I Need	Lloyd	43	#bd3200	2021-10-20	Viral 50	is
630T90cSAWOlow3z0wQnZM	Ég er í vinnunni	Dr. Gunni	44	#4687d7	2021-10-20	Viral 50	is
0k1WUmIRnG3xU6fvvDVfRG	Way 2 Sexy (with Future & Young Thug)	Drake	45	#bd3200	2021-10-20	Viral 50	is
4Fmr4dbY1sZiX77ZbljNFC	lemme land?	Canking, Ess2Mad	46	#bd3200	2021-10-20	Viral 50	is
1axXy2bgUSeEN7h6Ob9Qbo	Famous Last Words	James Blake	47	#4687d7	2021-10-20	Viral 50	is
6SO4GbNZMa8lFx0Lvl1RcX	Vertu úlfur - Titillag	Emilíana Torrini	48	#4687d7	2021-10-20	Viral 50	is
3wA4ronkc8ZcPXUP0fDgYA	Bad Day	Justus Bennetts	49	#bd3200	2021-10-20	Viral 50	is
2W779g2UrRZtVdf3FcEOO1	In My Mind	Lyn Lapid	50	#bd3200	2021-10-20	Viral 50	is
2Xr1dTzJee307rmrkt8c0g	love nwantiti (ah ah ah)	CKay	1	#3e3e40	2021-10-21	Viral 50	is
6zSpb8dQRaw0M1dK8PBwQz	Cold Heart - PNAU Remix	Elton John, Dua Lipa	2	#84bd00	2021-10-21	Viral 50	is
6f5ExP43esnvdKPddwKXJH	Better Days (NEIKED x Mae Muller x Polo G)	NEIKED	3	#bd3200	2021-10-21	Viral 50	is
7hU3IHwjX150XLoTVmjD0q	MONEY	LISA	4	#3e3e40	2021-10-21	Viral 50	is
2B4GHvToeLTOBB4QLzW3Ni	Pepas	Farruko	5	#3e3e40	2021-10-21	Viral 50	is
4gvrJnKCKIPiacNsWVQwEU	love nwantiti (feat. Dj Yo! & AX'EL) - Remix	CKay	6	#84bd00	2021-10-21	Viral 50	is
0OVEdO7VucIEjuTgPhGeT2	F.C.K (feat. Aron Can)	Birnir	7	#3e3e40	2021-10-21	Viral 50	is
7jwQlYGpOml9ETGre1HqGA	Somebody's Watching Me	Rockwell	8	#84bd00	2021-10-21	Viral 50	is
4eL3XeuGaEoVT8ttDh3hwY	too easy	Gunna, Future	9	#bd3200	2021-10-21	Viral 50	is
0eu4C55hL6x29mmeAjytzC	Life Goes On	Oliver Tree	10	#84bd00	2021-10-21	Viral 50	is
46HNZY1i7O6jwTA7Slo2PI	My Universe	Coldplay, BTS	11	#bd3200	2021-10-21	Viral 50	is
20on25jryn53hWghthWWW3	Do It To It	ACRAZE, Cherish	12	#84bd00	2021-10-21	Viral 50	is
62P3CMQAknHW4iftsBD41Y	Eleanor Rigby	Cody Fry	13	#bd3200	2021-10-21	Viral 50	is
07MDkzWARZaLEdKxo6yArG	Meet Me At Our Spot	THE ANXIETY, WILLOW, Tyler Cole	14	#3e3e40	2021-10-21	Viral 50	is
5GxUKIEkMXXZo1Tif0IzfC	Two Moons	BoyWithUke	15	#84bd00	2021-10-21	Viral 50	is
64EA2RKyciBwCuVczLH6Ct	masquerade	siouxxie sixxsta	16	#84bd00	2021-10-21	Viral 50	is
4SqWKzw0CbA05TGszDgMlc	I Love You So	The Walters	17	#bd3200	2021-10-21	Viral 50	is
0J07ya7WC09FaQADutoBRZ	Love Tonight - Robin Schulz Remix	Shouse	18	#84bd00	2021-10-21	Viral 50	is
0DuWDLjriRPjDRoPgaCslY	Love In The Dark	Adele	19	#84bd00	2021-10-21	Viral 50	is
75MNhvTCCKsST3YqqUiU9r	Shivers	Ed Sheeran	20	#bd3200	2021-10-21	Viral 50	is
3NqBxTOMCJ3zW9CIP51td4	Jugaste y Sufrí	Eslabon Armado, DannyLux	21	#84bd00	2021-10-21	Viral 50	is
3uUuGVFu1V7jTQL60S1r8z	Where Are You Now	Lost Frequencies, Calum Scott	22	#bd3200	2021-10-21	Viral 50	is
2NLEm5knDiUFbsnsnOcLT3	Ég á það skilið	Baggalútur	23	#84bd00	2021-10-21	Viral 50	is
3NmyUVdWlIct7fV5BQgN5N	Racks	Birnir	24	#84bd00	2021-10-21	Viral 50	is
3CLSHJv5aUROAN2vfOyCOh	Close Eyes	DVRST	25	#84bd00	2021-10-21	Viral 50	is
2EmFNa3we4yPEnIPHw0rmn	Snáðar	Ingi Bauer	26	#3e3e40	2021-10-21	Viral 50	is
5rW7qTn83sCKtqBoneJs63	edamame (feat. Rich Brian)	bbno$	27	#84bd00	2021-10-21	Viral 50	is
2prnn41CblB8B4yWACDljP	Love Tonight - David Guetta Remix Edit	Shouse	28	#bd3200	2021-10-21	Viral 50	is
0V5cvmTKsYmF5FmGGEAfmS	Je te laisserai des mots	Patrick Watson	29	#84bd00	2021-10-21	Viral 50	is
5vIj3e4nxeMvRwm9q5EsHf	Fyrir Ofan Himininn	Sign	30	#bd3200	2021-10-21	Viral 50	is
7zx1i0jGcFwMBurajgKlO7	Black Magic	Jonasu	31	#84bd00	2021-10-21	Viral 50	is
4a9RlnJ0v1T7HgLtps1HvI	This Is Halloween	Disney Characters	32	#84bd00	2021-10-21	Viral 50	is
0e8nrvls4Qqv5Rfa2UhqmO	THATS WHAT I WANT	Lil Nas X	33	#84bd00	2021-10-21	Viral 50	is
630T90cSAWOlow3z0wQnZM	Ég er í vinnunni	Dr. Gunni	34	#84bd00	2021-10-21	Viral 50	is
4Fmr4dbY1sZiX77ZbljNFC	lemme land?	Canking, Ess2Mad	35	#84bd00	2021-10-21	Viral 50	is
6iBL6TOzsO75Yz0cG1MO0o	Wanna Play?	The Prophet	36	#bd3200	2021-10-21	Viral 50	is
1F80MEkZA9yTlpMQp9dhht	Because You Move Me	Tinlicker, Helsloot	37	#bd3200	2021-10-21	Viral 50	is
4E6Dxj76ostVEmeefzlDP8	Something About You	Eyedress, Dent May	38	#84bd00	2021-10-21	Viral 50	is
1sUdq3kWa9dJXHu3eYOUll	Spooky, Scary Skeletons - Undead Tombstone Remix	Andrew Gold	39	#4687d7	2021-10-21	Viral 50	is
1bpdLkA2MDdMAx043uDIQM	All I Need	Lloyd	40	#84bd00	2021-10-21	Viral 50	is
02MWAaffLxlfxAUY7c5dvx	Heat Waves	Glass Animals	41	#3e3e40	2021-10-21	Viral 50	is
5elofKuRmgZmCVImWT6JtE	see you later (ten years)	Jenna Raine	42	#4687d7	2021-10-21	Viral 50	is
6OufwUcCqo81guU2jAlDVP	Love Tonight - Edit	Shouse	43	#bd3200	2021-10-21	Viral 50	is
273QnyCvJB65rScHJ1nPZb	Make You Feel My Love	Adele	44	#bd3200	2021-10-21	Viral 50	is
2eppXfCeR7XaX7x2zkCBIw	Mér er drull	FLOTT	45	#4687d7	2021-10-21	Viral 50	is
5Z9KJZvQzH6PFmb8SNkxuk	INDUSTRY BABY (feat. Jack Harlow)	Lil Nas X	46	#4687d7	2021-10-21	Viral 50	is
0KXVlyymoSNmAQv3zZOjrt	Barfly	Jeff who?	47	#4687d7	2021-10-21	Viral 50	is
3wA4ronkc8ZcPXUP0fDgYA	Bad Day	Justus Bennetts	48	#84bd00	2021-10-21	Viral 50	is
2hhFpD32iXUd4GaCu6T4wn	Everyday Normal Guy 2	Jon Lajoie	49	#4687d7	2021-10-21	Viral 50	is
2W779g2UrRZtVdf3FcEOO1	In My Mind	Lyn Lapid	50	#3e3e40	2021-10-21	Viral 50	is
2Xr1dTzJee307rmrkt8c0g	love nwantiti (ah ah ah)	CKay	1	#3e3e40	2021-10-22	Viral 50	is
6f5ExP43esnvdKPddwKXJH	Better Days (NEIKED x Mae Muller x Polo G)	NEIKED	2	#84bd00	2021-10-22	Viral 50	is
7rglLriMNBPAyuJOMGwi39	Cold Heart - PNAU Remix	Elton John, Dua Lipa	3	#bd3200	2021-10-22	Viral 50	is
7hU3IHwjX150XLoTVmjD0q	MONEY	LISA	4	#3e3e40	2021-10-22	Viral 50	is
4gvrJnKCKIPiacNsWVQwEU	love nwantiti (feat. Dj Yo! & AX'EL) - Remix	CKay	5	#84bd00	2021-10-22	Viral 50	is
4SqWKzw0CbA05TGszDgMlc	I Love You So	The Walters	6	#84bd00	2021-10-22	Viral 50	is
4eL3XeuGaEoVT8ttDh3hwY	too easy	Gunna, Future	7	#84bd00	2021-10-22	Viral 50	is
2B4GHvToeLTOBB4QLzW3Ni	Pepas	Farruko	8	#bd3200	2021-10-22	Viral 50	is
46HNZY1i7O6jwTA7Slo2PI	My Universe	Coldplay, BTS	9	#84bd00	2021-10-22	Viral 50	is
62P3CMQAknHW4iftsBD41Y	Eleanor Rigby	Cody Fry	10	#84bd00	2021-10-22	Viral 50	is
7jwQlYGpOml9ETGre1HqGA	Somebody's Watching Me	Rockwell	11	#bd3200	2021-10-22	Viral 50	is
20on25jryn53hWghthWWW3	Do It To It	ACRAZE, Cherish	12	#3e3e40	2021-10-22	Viral 50	is
0OVEdO7VucIEjuTgPhGeT2	F.C.K (feat. Aron Can)	Birnir	13	#bd3200	2021-10-22	Viral 50	is
07MDkzWARZaLEdKxo6yArG	Meet Me At Our Spot	THE ANXIETY, WILLOW, Tyler Cole	14	#3e3e40	2021-10-22	Viral 50	is
0eu4C55hL6x29mmeAjytzC	Life Goes On	Oliver Tree	15	#bd3200	2021-10-22	Viral 50	is
3uUuGVFu1V7jTQL60S1r8z	Where Are You Now	Lost Frequencies, Calum Scott	16	#84bd00	2021-10-22	Viral 50	is
4Fmr4dbY1sZiX77ZbljNFC	lemme land?	Canking, Ess2Mad	17	#84bd00	2021-10-22	Viral 50	is
5GxUKIEkMXXZo1Tif0IzfC	Two Moons	BoyWithUke	18	#bd3200	2021-10-22	Viral 50	is
75MNhvTCCKsST3YqqUiU9r	Shivers	Ed Sheeran	19	#84bd00	2021-10-22	Viral 50	is
64EA2RKyciBwCuVczLH6Ct	masquerade	siouxxie sixxsta	20	#bd3200	2021-10-22	Viral 50	is
5rW7qTn83sCKtqBoneJs63	edamame (feat. Rich Brian)	bbno$	21	#84bd00	2021-10-22	Viral 50	is
7zx1i0jGcFwMBurajgKlO7	Black Magic	Jonasu	22	#84bd00	2021-10-22	Viral 50	is
0J07ya7WC09FaQADutoBRZ	Love Tonight - Robin Schulz Remix	Shouse	23	#bd3200	2021-10-22	Viral 50	is
2EmFNa3we4yPEnIPHw0rmn	Snáðar	Ingi Bauer	24	#84bd00	2021-10-22	Viral 50	is
3CLSHJv5aUROAN2vfOyCOh	Close Eyes	DVRST	25	#3e3e40	2021-10-22	Viral 50	is
3NqBxTOMCJ3zW9CIP51td4	Jugaste y Sufrí	Eslabon Armado, DannyLux	26	#bd3200	2021-10-22	Viral 50	is
2NLEm5knDiUFbsnsnOcLT3	Ég á það skilið	Baggalútur	27	#bd3200	2021-10-22	Viral 50	is
630T90cSAWOlow3z0wQnZM	Ég er í vinnunni	Dr. Gunni	28	#84bd00	2021-10-22	Viral 50	is
2prnn41CblB8B4yWACDljP	Love Tonight - David Guetta Remix Edit	Shouse	29	#bd3200	2021-10-22	Viral 50	is
0DuWDLjriRPjDRoPgaCslY	Love In The Dark	Adele	30	#bd3200	2021-10-22	Viral 50	is
4a9RlnJ0v1T7HgLtps1HvI	This Is Halloween	Disney Characters	31	#84bd00	2021-10-22	Viral 50	is
0e8nrvls4Qqv5Rfa2UhqmO	THATS WHAT I WANT	Lil Nas X	32	#84bd00	2021-10-22	Viral 50	is
0V5cvmTKsYmF5FmGGEAfmS	Je te laisserai des mots	Patrick Watson	33	#bd3200	2021-10-22	Viral 50	is
1sUdq3kWa9dJXHu3eYOUll	Spooky, Scary Skeletons - Undead Tombstone Remix	Andrew Gold	34	#84bd00	2021-10-22	Viral 50	is
2TwrUQObMK4S2cJA6Ub7FF	Aumingi með Bónuspoka	Dr. Gunni	35	#4687d7	2021-10-22	Viral 50	is
5elofKuRmgZmCVImWT6JtE	see you later (ten years)	Jenna Raine	36	#84bd00	2021-10-22	Viral 50	is
6mFkJmJqdDVQ1REhVfGgd1	Wish You Were Here	Pink Floyd	37	#4687d7	2021-10-22	Viral 50	is
4E6Dxj76ostVEmeefzlDP8	Something About You	Eyedress, Dent May	38	#3e3e40	2021-10-22	Viral 50	is
1F80MEkZA9yTlpMQp9dhht	Because You Move Me	Tinlicker, Helsloot	39	#bd3200	2021-10-22	Viral 50	is
1bpdLkA2MDdMAx043uDIQM	All I Need	Lloyd	40	#3e3e40	2021-10-22	Viral 50	is
3lFrFQcZWPLa8WEG7xoc4b	Я буду ебать	Moreart, IHI	41	#4687d7	2021-10-22	Viral 50	is
6iBL6TOzsO75Yz0cG1MO0o	Wanna Play?	The Prophet	42	#bd3200	2021-10-22	Viral 50	is
5vIj3e4nxeMvRwm9q5EsHf	Fyrir Ofan Himininn	Sign	43	#bd3200	2021-10-22	Viral 50	is
6OufwUcCqo81guU2jAlDVP	Love Tonight - Edit	Shouse	44	#bd3200	2021-10-22	Viral 50	is
02MWAaffLxlfxAUY7c5dvx	Heat Waves	Glass Animals	45	#bd3200	2021-10-22	Viral 50	is
5Z9KJZvQzH6PFmb8SNkxuk	INDUSTRY BABY (feat. Jack Harlow)	Lil Nas X	46	#3e3e40	2021-10-22	Viral 50	is
6SO4GbNZMa8lFx0Lvl1RcX	Vertu úlfur - Titillag	Emilíana Torrini	47	#4687d7	2021-10-22	Viral 50	is
273QnyCvJB65rScHJ1nPZb	Make You Feel My Love	Adele	48	#bd3200	2021-10-22	Viral 50	is
0qXP5fMhxGzxALOkXYUxfP	Loverboy	A-Wall	49	#4687d7	2021-10-22	Viral 50	is
1tOE1dIyIjsfLJWiQ4ZRJW	Red Red Wine	UB40	50	#4687d7	2021-10-22	Viral 50	is
7rglLriMNBPAyuJOMGwi39	Cold Heart - PNAU Remix	Elton John, Dua Lipa	1	#84bd00	2021-10-23	Viral 50	is
6f5ExP43esnvdKPddwKXJH	Better Days (NEIKED x Mae Muller x Polo G)	NEIKED	2	#3e3e40	2021-10-23	Viral 50	is
2Xr1dTzJee307rmrkt8c0g	love nwantiti (ah ah ah)	CKay	3	#bd3200	2021-10-23	Viral 50	is
4gvrJnKCKIPiacNsWVQwEU	love nwantiti (feat. Dj Yo! & AX'EL) - Remix	CKay	4	#84bd00	2021-10-23	Viral 50	is
7jwQlYGpOml9ETGre1HqGA	Somebody's Watching Me	Rockwell	5	#84bd00	2021-10-23	Viral 50	is
7hU3IHwjX150XLoTVmjD0q	MONEY	LISA	6	#bd3200	2021-10-23	Viral 50	is
20on25jryn53hWghthWWW3	Do It To It	ACRAZE, Cherish	7	#84bd00	2021-10-23	Viral 50	is
46HNZY1i7O6jwTA7Slo2PI	My Universe	Coldplay, BTS	8	#84bd00	2021-10-23	Viral 50	is
4eL3XeuGaEoVT8ttDh3hwY	too easy	Gunna, Future	9	#bd3200	2021-10-23	Viral 50	is
62P3CMQAknHW4iftsBD41Y	Eleanor Rigby	Cody Fry	10	#3e3e40	2021-10-23	Viral 50	is
4SqWKzw0CbA05TGszDgMlc	I Love You So	The Walters	11	#bd3200	2021-10-23	Viral 50	is
2B4GHvToeLTOBB4QLzW3Ni	Pepas	Farruko	12	#bd3200	2021-10-23	Viral 50	is
07MDkzWARZaLEdKxo6yArG	Meet Me At Our Spot	THE ANXIETY, WILLOW, Tyler Cole	13	#84bd00	2021-10-23	Viral 50	is
4Fmr4dbY1sZiX77ZbljNFC	lemme land?	Canking, Ess2Mad	14	#84bd00	2021-10-23	Viral 50	is
3uUuGVFu1V7jTQL60S1r8z	Where Are You Now	Lost Frequencies, Calum Scott	15	#84bd00	2021-10-23	Viral 50	is
0OVEdO7VucIEjuTgPhGeT2	F.C.K (feat. Aron Can)	Birnir	16	#bd3200	2021-10-23	Viral 50	is
0J07ya7WC09FaQADutoBRZ	Love Tonight - Robin Schulz Remix	Shouse	17	#84bd00	2021-10-23	Viral 50	is
2NLEm5knDiUFbsnsnOcLT3	Ég á það skilið	Baggalútur	18	#84bd00	2021-10-23	Viral 50	is
0e8nrvls4Qqv5Rfa2UhqmO	THATS WHAT I WANT	Lil Nas X	19	#84bd00	2021-10-23	Viral 50	is
3NqBxTOMCJ3zW9CIP51td4	Jugaste y Sufrí	Eslabon Armado, DannyLux	20	#84bd00	2021-10-23	Viral 50	is
5GxUKIEkMXXZo1Tif0IzfC	Two Moons	BoyWithUke	21	#bd3200	2021-10-23	Viral 50	is
64EA2RKyciBwCuVczLH6Ct	masquerade	siouxxie sixxsta	22	#bd3200	2021-10-23	Viral 50	is
5rW7qTn83sCKtqBoneJs63	edamame (feat. Rich Brian)	bbno$	23	#bd3200	2021-10-23	Viral 50	is
7zx1i0jGcFwMBurajgKlO7	Black Magic	Jonasu	24	#bd3200	2021-10-23	Viral 50	is
3CLSHJv5aUROAN2vfOyCOh	Close Eyes	DVRST	25	#3e3e40	2021-10-23	Viral 50	is
4a9RlnJ0v1T7HgLtps1HvI	This Is Halloween	Disney Characters	26	#84bd00	2021-10-23	Viral 50	is
2prnn41CblB8B4yWACDljP	Love Tonight - David Guetta Remix Edit	Shouse	27	#84bd00	2021-10-23	Viral 50	is
2TwrUQObMK4S2cJA6Ub7FF	Aumingi með Bónuspoka	Dr. Gunni	28	#84bd00	2021-10-23	Viral 50	is
0eu4C55hL6x29mmeAjytzC	Life Goes On	Oliver Tree	29	#bd3200	2021-10-23	Viral 50	is
630T90cSAWOlow3z0wQnZM	Ég er í vinnunni	Dr. Gunni	30	#bd3200	2021-10-23	Viral 50	is
1sUdq3kWa9dJXHu3eYOUll	Spooky, Scary Skeletons - Undead Tombstone Remix	Andrew Gold	31	#84bd00	2021-10-23	Viral 50	is
75MNhvTCCKsST3YqqUiU9r	Shivers	Ed Sheeran	32	#bd3200	2021-10-23	Viral 50	is
0V5cvmTKsYmF5FmGGEAfmS	Je te laisserai des mots	Patrick Watson	33	#3e3e40	2021-10-23	Viral 50	is
2EmFNa3we4yPEnIPHw0rmn	Snáðar	Ingi Bauer	34	#bd3200	2021-10-23	Viral 50	is
6mFkJmJqdDVQ1REhVfGgd1	Wish You Were Here	Pink Floyd	35	#84bd00	2021-10-23	Viral 50	is
0DuWDLjriRPjDRoPgaCslY	Love In The Dark	Adele	36	#bd3200	2021-10-23	Viral 50	is
4Mbnbxtl5rKXHXgqAKT9Yy	Hella Bow - Bella Ciao Remix (Money Heist UK Drill)	Pureojuice, Prod. OnurKN	37	#4687d7	2021-10-23	Viral 50	is
6OufwUcCqo81guU2jAlDVP	Love Tonight - Edit	Shouse	38	#84bd00	2021-10-23	Viral 50	is
5elofKuRmgZmCVImWT6JtE	see you later (ten years)	Jenna Raine	39	#bd3200	2021-10-23	Viral 50	is
1bpdLkA2MDdMAx043uDIQM	All I Need	Lloyd	40	#3e3e40	2021-10-23	Viral 50	is
5LriwAnVbywAjj9oGi1Dno	Life Is Not The Same	James Blake	41	#4687d7	2021-10-23	Viral 50	is
3lFrFQcZWPLa8WEG7xoc4b	Я буду ебать	Moreart, IHI	42	#bd3200	2021-10-23	Viral 50	is
5Z9KJZvQzH6PFmb8SNkxuk	INDUSTRY BABY (feat. Jack Harlow)	Lil Nas X	43	#84bd00	2021-10-23	Viral 50	is
7AUCyNjckeQBBnKol7MZ59	Pink Soldiers	23	44	#4687d7	2021-10-23	Viral 50	is
3wA4ronkc8ZcPXUP0fDgYA	Bad Day	Justus Bennetts	45	#4687d7	2021-10-23	Viral 50	is
273QnyCvJB65rScHJ1nPZb	Make You Feel My Love	Adele	46	#84bd00	2021-10-23	Viral 50	is
02MWAaffLxlfxAUY7c5dvx	Heat Waves	Glass Animals	47	#bd3200	2021-10-23	Viral 50	is
3NmyUVdWlIct7fV5BQgN5N	Racks	Birnir	48	#4687d7	2021-10-23	Viral 50	is
0Fs9cdPDhptWEDJmiCbkEW	She Knows (feat. Amber Coffman & Cults)	J. Cole	49	#4687d7	2021-10-23	Viral 50	is
6iBL6TOzsO75Yz0cG1MO0o	Wanna Play?	The Prophet	50	#bd3200	2021-10-23	Viral 50	is
7rglLriMNBPAyuJOMGwi39	Cold Heart - PNAU Remix	Elton John, Dua Lipa	1	#3e3e40	2021-10-24	Viral 50	is
6f5ExP43esnvdKPddwKXJH	Better Days (NEIKED x Mae Muller x Polo G)	NEIKED	2	#3e3e40	2021-10-24	Viral 50	is
2Xr1dTzJee307rmrkt8c0g	love nwantiti (ah ah ah)	CKay	3	#3e3e40	2021-10-24	Viral 50	is
4gvrJnKCKIPiacNsWVQwEU	love nwantiti (feat. Dj Yo! & AX'EL) - Remix	CKay	4	#3e3e40	2021-10-24	Viral 50	is
7jwQlYGpOml9ETGre1HqGA	Somebody's Watching Me	Rockwell	5	#3e3e40	2021-10-24	Viral 50	is
4eL3XeuGaEoVT8ttDh3hwY	too easy	Gunna, Future	6	#84bd00	2021-10-24	Viral 50	is
4SqWKzw0CbA05TGszDgMlc	I Love You So	The Walters	7	#84bd00	2021-10-24	Viral 50	is
7hU3IHwjX150XLoTVmjD0q	MONEY	LISA	8	#bd3200	2021-10-24	Viral 50	is
07MDkzWARZaLEdKxo6yArG	Meet Me At Our Spot	THE ANXIETY, WILLOW, Tyler Cole	9	#84bd00	2021-10-24	Viral 50	is
62P3CMQAknHW4iftsBD41Y	Eleanor Rigby	Cody Fry	10	#3e3e40	2021-10-24	Viral 50	is
20on25jryn53hWghthWWW3	Do It To It	ACRAZE, Cherish	11	#bd3200	2021-10-24	Viral 50	is
46HNZY1i7O6jwTA7Slo2PI	My Universe	Coldplay, BTS	12	#bd3200	2021-10-24	Viral 50	is
0OVEdO7VucIEjuTgPhGeT2	F.C.K (feat. Aron Can)	Birnir	13	#84bd00	2021-10-24	Viral 50	is
3NqBxTOMCJ3zW9CIP51td4	Jugaste y Sufrí	Eslabon Armado, DannyLux	14	#84bd00	2021-10-24	Viral 50	is
3uUuGVFu1V7jTQL60S1r8z	Where Are You Now	Lost Frequencies, Calum Scott	15	#3e3e40	2021-10-24	Viral 50	is
2B4GHvToeLTOBB4QLzW3Ni	Pepas	Farruko	16	#bd3200	2021-10-24	Viral 50	is
0e8nrvls4Qqv5Rfa2UhqmO	THATS WHAT I WANT	Lil Nas X	17	#84bd00	2021-10-24	Viral 50	is
2NLEm5knDiUFbsnsnOcLT3	Ég á það skilið	Baggalútur	18	#3e3e40	2021-10-24	Viral 50	is
0J07ya7WC09FaQADutoBRZ	Love Tonight - Robin Schulz Remix	Shouse	19	#bd3200	2021-10-24	Viral 50	is
3CLSHJv5aUROAN2vfOyCOh	Close Eyes	DVRST	20	#84bd00	2021-10-24	Viral 50	is
64EA2RKyciBwCuVczLH6Ct	masquerade	siouxxie sixxsta	21	#84bd00	2021-10-24	Viral 50	is
4Fmr4dbY1sZiX77ZbljNFC	lemme land?	Canking, Ess2Mad	22	#bd3200	2021-10-24	Viral 50	is
7zx1i0jGcFwMBurajgKlO7	Black Magic	Jonasu	23	#84bd00	2021-10-24	Viral 50	is
5rW7qTn83sCKtqBoneJs63	edamame (feat. Rich Brian)	bbno$	24	#bd3200	2021-10-24	Viral 50	is
630T90cSAWOlow3z0wQnZM	Ég er í vinnunni	Dr. Gunni	25	#84bd00	2021-10-24	Viral 50	is
2TwrUQObMK4S2cJA6Ub7FF	Aumingi með Bónuspoka	Dr. Gunni	26	#84bd00	2021-10-24	Viral 50	is
75MNhvTCCKsST3YqqUiU9r	Shivers	Ed Sheeran	27	#84bd00	2021-10-24	Viral 50	is
4a9RlnJ0v1T7HgLtps1HvI	This Is Halloween	Disney Characters	28	#bd3200	2021-10-24	Viral 50	is
0V5cvmTKsYmF5FmGGEAfmS	Je te laisserai des mots	Patrick Watson	29	#84bd00	2021-10-24	Viral 50	is
2EmFNa3we4yPEnIPHw0rmn	Snáðar	Ingi Bauer	30	#84bd00	2021-10-24	Viral 50	is
6mFkJmJqdDVQ1REhVfGgd1	Wish You Were Here	Pink Floyd	31	#84bd00	2021-10-24	Viral 50	is
1sUdq3kWa9dJXHu3eYOUll	Spooky, Scary Skeletons - Undead Tombstone Remix	Andrew Gold	32	#bd3200	2021-10-24	Viral 50	is
0DuWDLjriRPjDRoPgaCslY	Love In The Dark	Adele	33	#84bd00	2021-10-24	Viral 50	is
4Mbnbxtl5rKXHXgqAKT9Yy	Hella Bow - Bella Ciao Remix (Money Heist UK Drill)	Pureojuice, Prod. OnurKN	34	#84bd00	2021-10-24	Viral 50	is
3lFrFQcZWPLa8WEG7xoc4b	Я буду ебать	Moreart, IHI	35	#84bd00	2021-10-24	Viral 50	is
5elofKuRmgZmCVImWT6JtE	see you later (ten years)	Jenna Raine	36	#84bd00	2021-10-24	Viral 50	is
6OufwUcCqo81guU2jAlDVP	Love Tonight - Edit	Shouse	37	#84bd00	2021-10-24	Viral 50	is
2prnn41CblB8B4yWACDljP	Love Tonight - David Guetta Remix Edit	Shouse	38	#bd3200	2021-10-24	Viral 50	is
7AUCyNjckeQBBnKol7MZ59	Pink Soldiers	23	39	#84bd00	2021-10-24	Viral 50	is
02MWAaffLxlfxAUY7c5dvx	Heat Waves	Glass Animals	40	#84bd00	2021-10-24	Viral 50	is
5Z9KJZvQzH6PFmb8SNkxuk	INDUSTRY BABY (feat. Jack Harlow)	Lil Nas X	41	#84bd00	2021-10-24	Viral 50	is
2VfvfFSVD1Ki0PH0Xd0jcv	You'll Never Walk Alone - Stereo; 1997 Remaster	Gerry & The Pacemakers	42	#4687d7	2021-10-24	Viral 50	is
5GxUKIEkMXXZo1Tif0IzfC	Two Moons	BoyWithUke	43	#bd3200	2021-10-24	Viral 50	is
5LriwAnVbywAjj9oGi1Dno	Life Is Not The Same	James Blake	44	#bd3200	2021-10-24	Viral 50	is
0qXP5fMhxGzxALOkXYUxfP	Loverboy	A-Wall	45	#4687d7	2021-10-24	Viral 50	is
0eu4C55hL6x29mmeAjytzC	Life Goes On	Oliver Tree	46	#bd3200	2021-10-24	Viral 50	is
4E6Dxj76ostVEmeefzlDP8	Something About You	Eyedress, Dent May	47	#4687d7	2021-10-24	Viral 50	is
2VYtAJuuOr6RyOOggzSTIB	Over & Over	Dark Heart, Njomza	48	#4687d7	2021-10-24	Viral 50	is
6iBL6TOzsO75Yz0cG1MO0o	Wanna Play?	The Prophet	49	#84bd00	2021-10-24	Viral 50	is
69stxc6hQrJHOzoUwOplKs	Somebody's Watching Me - Single Version	Rockwell	50	#4687d7	2021-10-24	Viral 50	is
7rglLriMNBPAyuJOMGwi39	Cold Heart - PNAU Remix	Elton John, Dua Lipa	1	#3e3e40	2021-10-25	Viral 50	is
6f5ExP43esnvdKPddwKXJH	Better Days (NEIKED x Mae Muller x Polo G)	NEIKED	2	#3e3e40	2021-10-25	Viral 50	is
7hU3IHwjX150XLoTVmjD0q	MONEY	LISA	3	#84bd00	2021-10-25	Viral 50	is
5W8HXMOMLtXLz0RGKUtnlZ	Last One Standing (feat. Polo G, Mozzy & Eminem) - From Venom: Let There Be Carnage	Skylar Grey	4	#4687d7	2021-10-25	Viral 50	is
7jwQlYGpOml9ETGre1HqGA	Somebody's Watching Me	Rockwell	5	#3e3e40	2021-10-25	Viral 50	is
4SqWKzw0CbA05TGszDgMlc	I Love You So	The Walters	6	#84bd00	2021-10-25	Viral 50	is
4gvrJnKCKIPiacNsWVQwEU	love nwantiti (feat. Dj Yo! & AX'EL) - Remix	CKay	7	#bd3200	2021-10-25	Viral 50	is
62P3CMQAknHW4iftsBD41Y	Eleanor Rigby	Cody Fry	8	#84bd00	2021-10-25	Viral 50	is
2Xr1dTzJee307rmrkt8c0g	love nwantiti (ah ah ah)	CKay	9	#bd3200	2021-10-25	Viral 50	is
6VQGFOVwopnIyZxszV2mEL	Kviksyndi	Sturla Atlas, Þjóðleikhúsið	10	#4687d7	2021-10-25	Viral 50	is
07MDkzWARZaLEdKxo6yArG	Meet Me At Our Spot	THE ANXIETY, WILLOW, Tyler Cole	11	#bd3200	2021-10-25	Viral 50	is
20on25jryn53hWghthWWW3	Do It To It	ACRAZE, Cherish	12	#bd3200	2021-10-25	Viral 50	is
4eL3XeuGaEoVT8ttDh3hwY	too easy	Gunna, Future	13	#bd3200	2021-10-25	Viral 50	is
3CLSHJv5aUROAN2vfOyCOh	Close Eyes	DVRST	14	#84bd00	2021-10-25	Viral 50	is
0J07ya7WC09FaQADutoBRZ	Love Tonight - Robin Schulz Remix	Shouse	15	#84bd00	2021-10-25	Viral 50	is
3NqBxTOMCJ3zW9CIP51td4	Jugaste y Sufrí	Eslabon Armado, DannyLux	16	#bd3200	2021-10-25	Viral 50	is
64EA2RKyciBwCuVczLH6Ct	masquerade	siouxxie sixxsta	17	#84bd00	2021-10-25	Viral 50	is
0OVEdO7VucIEjuTgPhGeT2	F.C.K (feat. Aron Can)	Birnir	18	#bd3200	2021-10-25	Viral 50	is
46HNZY1i7O6jwTA7Slo2PI	My Universe	Coldplay, BTS	19	#bd3200	2021-10-25	Viral 50	is
1sUdq3kWa9dJXHu3eYOUll	Spooky, Scary Skeletons - Undead Tombstone Remix	Andrew Gold	20	#84bd00	2021-10-25	Viral 50	is
0e8nrvls4Qqv5Rfa2UhqmO	THATS WHAT I WANT	Lil Nas X	21	#bd3200	2021-10-25	Viral 50	is
4Fmr4dbY1sZiX77ZbljNFC	lemme land?	Canking, Ess2Mad	22	#3e3e40	2021-10-25	Viral 50	is
630T90cSAWOlow3z0wQnZM	Ég er í vinnunni	Dr. Gunni	23	#84bd00	2021-10-25	Viral 50	is
0V5cvmTKsYmF5FmGGEAfmS	Je te laisserai des mots	Patrick Watson	24	#84bd00	2021-10-25	Viral 50	is
2B4GHvToeLTOBB4QLzW3Ni	Pepas	Farruko	25	#bd3200	2021-10-25	Viral 50	is
3uUuGVFu1V7jTQL60S1r8z	Where Are You Now	Lost Frequencies, Calum Scott	26	#bd3200	2021-10-25	Viral 50	is
3lFrFQcZWPLa8WEG7xoc4b	Я буду ебать	Moreart, IHI	27	#84bd00	2021-10-25	Viral 50	is
5rW7qTn83sCKtqBoneJs63	edamame (feat. Rich Brian)	bbno$	28	#bd3200	2021-10-25	Viral 50	is
5GxUKIEkMXXZo1Tif0IzfC	Two Moons	BoyWithUke	29	#84bd00	2021-10-25	Viral 50	is
75MNhvTCCKsST3YqqUiU9r	Shivers	Ed Sheeran	30	#bd3200	2021-10-25	Viral 50	is
2VfvfFSVD1Ki0PH0Xd0jcv	You'll Never Walk Alone - Stereo; 1997 Remaster	Gerry & The Pacemakers	31	#84bd00	2021-10-25	Viral 50	is
2TwrUQObMK4S2cJA6Ub7FF	Aumingi með Bónuspoka	Dr. Gunni	32	#bd3200	2021-10-25	Viral 50	is
6OufwUcCqo81guU2jAlDVP	Love Tonight - Edit	Shouse	33	#84bd00	2021-10-25	Viral 50	is
7zx1i0jGcFwMBurajgKlO7	Black Magic	Jonasu	34	#bd3200	2021-10-25	Viral 50	is
2prnn41CblB8B4yWACDljP	Love Tonight - David Guetta Remix Edit	Shouse	35	#84bd00	2021-10-25	Viral 50	is
4E6Dxj76ostVEmeefzlDP8	Something About You	Eyedress, Dent May	36	#84bd00	2021-10-25	Viral 50	is
2NLEm5knDiUFbsnsnOcLT3	Ég á það skilið	Baggalútur	37	#bd3200	2021-10-25	Viral 50	is
63IaMjanvXp9c3f0Y7OImT	DANSA	Einár, ADAAM	38	#4687d7	2021-10-25	Viral 50	is
02MWAaffLxlfxAUY7c5dvx	Heat Waves	Glass Animals	39	#84bd00	2021-10-25	Viral 50	is
4a9RlnJ0v1T7HgLtps1HvI	This Is Halloween	Disney Characters	40	#bd3200	2021-10-25	Viral 50	is
1olCzMxaeiQKNO64ssWVGr	Talk About	Rain Radio, DJ Craig Gorman	41	#4687d7	2021-10-25	Viral 50	is
0Fs9cdPDhptWEDJmiCbkEW	She Knows (feat. Amber Coffman & Cults)	J. Cole	42	#4687d7	2021-10-25	Viral 50	is
2VYtAJuuOr6RyOOggzSTIB	Over & Over	Dark Heart, Njomza	43	#84bd00	2021-10-25	Viral 50	is
7AUCyNjckeQBBnKol7MZ59	Pink Soldiers	23	44	#bd3200	2021-10-25	Viral 50	is
5Z9KJZvQzH6PFmb8SNkxuk	INDUSTRY BABY (feat. Jack Harlow)	Lil Nas X	45	#bd3200	2021-10-25	Viral 50	is
2EmFNa3we4yPEnIPHw0rmn	Snáðar	Ingi Bauer	46	#bd3200	2021-10-25	Viral 50	is
5pLbM4PU1wZyMvoQyEAorp	The Red Means I Love You	Madds Buckley	47	#4687d7	2021-10-25	Viral 50	is
3MZp8Ilx8eW2wSujWn3LnG	Katten i trakten	Einár	48	#4687d7	2021-10-25	Viral 50	is
2Tgii2a5qkJkoT2heDSt9O	Jelatin	Aga's Gonzales	49	#4687d7	2021-10-25	Viral 50	is
5reQI13tWWYDLMrGcUF4Mk	Nuestra Canción	Monsieur Periné, Vicente Garcia	50	#4687d7	2021-10-25	Viral 50	is
7rglLriMNBPAyuJOMGwi39	Cold Heart - PNAU Remix	Elton John, Dua Lipa	1	#3e3e40	2021-10-26	Viral 50	is
6f5ExP43esnvdKPddwKXJH	Better Days (NEIKED x Mae Muller x Polo G)	NEIKED	2	#3e3e40	2021-10-26	Viral 50	is
5W8HXMOMLtXLz0RGKUtnlZ	Last One Standing (feat. Polo G, Mozzy & Eminem) - From Venom: Let There Be Carnage	Skylar Grey	3	#84bd00	2021-10-26	Viral 50	is
7hU3IHwjX150XLoTVmjD0q	MONEY	LISA	4	#bd3200	2021-10-26	Viral 50	is
4SqWKzw0CbA05TGszDgMlc	I Love You So	The Walters	5	#84bd00	2021-10-26	Viral 50	is
7jwQlYGpOml9ETGre1HqGA	Somebody's Watching Me	Rockwell	6	#bd3200	2021-10-26	Viral 50	is
20on25jryn53hWghthWWW3	Do It To It	ACRAZE, Cherish	7	#84bd00	2021-10-26	Viral 50	is
2Xr1dTzJee307rmrkt8c0g	love nwantiti (ah ah ah)	CKay	8	#84bd00	2021-10-26	Viral 50	is
6VQGFOVwopnIyZxszV2mEL	Kviksyndi	Sturla Atlas, Þjóðleikhúsið	9	#84bd00	2021-10-26	Viral 50	is
4gvrJnKCKIPiacNsWVQwEU	love nwantiti (feat. Dj Yo! & AX'EL) - Remix	CKay	10	#bd3200	2021-10-26	Viral 50	is
07MDkzWARZaLEdKxo6yArG	Meet Me At Our Spot	THE ANXIETY, WILLOW, Tyler Cole	11	#3e3e40	2021-10-26	Viral 50	is
62P3CMQAknHW4iftsBD41Y	Eleanor Rigby	Cody Fry	12	#bd3200	2021-10-26	Viral 50	is
4eL3XeuGaEoVT8ttDh3hwY	too easy	Gunna, Future	13	#3e3e40	2021-10-26	Viral 50	is
64EA2RKyciBwCuVczLH6Ct	masquerade	siouxxie sixxsta	14	#84bd00	2021-10-26	Viral 50	is
3CLSHJv5aUROAN2vfOyCOh	Close Eyes	DVRST	15	#bd3200	2021-10-26	Viral 50	is
0J07ya7WC09FaQADutoBRZ	Love Tonight - Robin Schulz Remix	Shouse	16	#bd3200	2021-10-26	Viral 50	is
0OVEdO7VucIEjuTgPhGeT2	F.C.K (feat. Aron Can)	Birnir	17	#84bd00	2021-10-26	Viral 50	is
1sUdq3kWa9dJXHu3eYOUll	Spooky, Scary Skeletons - Undead Tombstone Remix	Andrew Gold	18	#84bd00	2021-10-26	Viral 50	is
3NqBxTOMCJ3zW9CIP51td4	Jugaste y Sufrí	Eslabon Armado, DannyLux	19	#bd3200	2021-10-26	Viral 50	is
46HNZY1i7O6jwTA7Slo2PI	My Universe	Coldplay, BTS	20	#bd3200	2021-10-26	Viral 50	is
0e8nrvls4Qqv5Rfa2UhqmO	THATS WHAT I WANT	Lil Nas X	21	#3e3e40	2021-10-26	Viral 50	is
2Tgii2a5qkJkoT2heDSt9O	Jelatin	Aga's Gonzales	22	#84bd00	2021-10-26	Viral 50	is
5reQI13tWWYDLMrGcUF4Mk	Nuestra Canción	Monsieur Periné, Vicente Garcia	23	#84bd00	2021-10-26	Viral 50	is
3lFrFQcZWPLa8WEG7xoc4b	Я буду ебать	Moreart, IHI	24	#84bd00	2021-10-26	Viral 50	is
630T90cSAWOlow3z0wQnZM	Ég er í vinnunni	Dr. Gunni	25	#bd3200	2021-10-26	Viral 50	is
2prnn41CblB8B4yWACDljP	Love Tonight - David Guetta Remix Edit	Shouse	26	#84bd00	2021-10-26	Viral 50	is
2B4GHvToeLTOBB4QLzW3Ni	Pepas	Farruko	27	#bd3200	2021-10-26	Viral 50	is
5GxUKIEkMXXZo1Tif0IzfC	Two Moons	BoyWithUke	28	#84bd00	2021-10-26	Viral 50	is
0V5cvmTKsYmF5FmGGEAfmS	Je te laisserai des mots	Patrick Watson	29	#bd3200	2021-10-26	Viral 50	is
6OufwUcCqo81guU2jAlDVP	Love Tonight - Edit	Shouse	30	#84bd00	2021-10-26	Viral 50	is
75MNhvTCCKsST3YqqUiU9r	Shivers	Ed Sheeran	31	#bd3200	2021-10-26	Viral 50	is
02MWAaffLxlfxAUY7c5dvx	Heat Waves	Glass Animals	32	#84bd00	2021-10-26	Viral 50	is
4Fmr4dbY1sZiX77ZbljNFC	lemme land?	Canking, Ess2Mad	33	#bd3200	2021-10-26	Viral 50	is
2VfvfFSVD1Ki0PH0Xd0jcv	You'll Never Walk Alone - Stereo; 1997 Remaster	Gerry & The Pacemakers	34	#bd3200	2021-10-26	Viral 50	is
5pLbM4PU1wZyMvoQyEAorp	The Red Means I Love You	Madds Buckley	35	#84bd00	2021-10-26	Viral 50	is
7zx1i0jGcFwMBurajgKlO7	Black Magic	Jonasu	36	#bd3200	2021-10-26	Viral 50	is
3uUuGVFu1V7jTQL60S1r8z	Where Are You Now	Lost Frequencies, Calum Scott	37	#bd3200	2021-10-26	Viral 50	is
0DuWDLjriRPjDRoPgaCslY	Love In The Dark	Adele	38	#4687d7	2021-10-26	Viral 50	is
63IaMjanvXp9c3f0Y7OImT	DANSA	Einár, ADAAM	39	#bd3200	2021-10-26	Viral 50	is
5rW7qTn83sCKtqBoneJs63	edamame (feat. Rich Brian)	bbno$	40	#bd3200	2021-10-26	Viral 50	is
3MZp8Ilx8eW2wSujWn3LnG	Katten i trakten	Einár	41	#84bd00	2021-10-26	Viral 50	is
5Z9KJZvQzH6PFmb8SNkxuk	INDUSTRY BABY (feat. Jack Harlow)	Lil Nas X	42	#84bd00	2021-10-26	Viral 50	is
1olCzMxaeiQKNO64ssWVGr	Talk About	Rain Radio, DJ Craig Gorman	43	#bd3200	2021-10-26	Viral 50	is
4E6Dxj76ostVEmeefzlDP8	Something About You	Eyedress, Dent May	44	#bd3200	2021-10-26	Viral 50	is
5Yw6htG6TZtkeMo9WLI0M7	Beautiful James	Placebo	45	#4687d7	2021-10-26	Viral 50	is
0Fs9cdPDhptWEDJmiCbkEW	She Knows (feat. Amber Coffman & Cults)	J. Cole	46	#bd3200	2021-10-26	Viral 50	is
2VYtAJuuOr6RyOOggzSTIB	Over & Over	Dark Heart, Njomza	47	#bd3200	2021-10-26	Viral 50	is
2kaNmAbqrtOf7Rdr3fnCWl	Toxic	BoyWithUke	48	#4687d7	2021-10-26	Viral 50	is
4Mbnbxtl5rKXHXgqAKT9Yy	Hella Bow - Bella Ciao Remix (Money Heist UK Drill)	Pureojuice, Prod. OnurKN	49	#4687d7	2021-10-26	Viral 50	is
5SixeLvPsYpk7qq9lo5xYg	Have Mercy	Chlöe	50	#4687d7	2021-10-26	Viral 50	is
7rglLriMNBPAyuJOMGwi39	Cold Heart - PNAU Remix	Elton John, Dua Lipa	1	#3e3e40	2021-10-27	Viral 50	is
5W8HXMOMLtXLz0RGKUtnlZ	Last One Standing (feat. Polo G, Mozzy & Eminem) - From Venom: Let There Be Carnage	Skylar Grey	2	#84bd00	2021-10-27	Viral 50	is
6f5ExP43esnvdKPddwKXJH	Better Days (NEIKED x Mae Muller x Polo G)	NEIKED	3	#bd3200	2021-10-27	Viral 50	is
20on25jryn53hWghthWWW3	Do It To It	ACRAZE, Cherish	4	#84bd00	2021-10-27	Viral 50	is
7jwQlYGpOml9ETGre1HqGA	Somebody's Watching Me	Rockwell	5	#84bd00	2021-10-27	Viral 50	is
4SqWKzw0CbA05TGszDgMlc	I Love You So	The Walters	6	#bd3200	2021-10-27	Viral 50	is
2Xr1dTzJee307rmrkt8c0g	love nwantiti (ah ah ah)	CKay	7	#84bd00	2021-10-27	Viral 50	is
7hU3IHwjX150XLoTVmjD0q	MONEY	LISA	8	#bd3200	2021-10-27	Viral 50	is
07MDkzWARZaLEdKxo6yArG	Meet Me At Our Spot	THE ANXIETY, WILLOW, Tyler Cole	9	#84bd00	2021-10-27	Viral 50	is
5reQI13tWWYDLMrGcUF4Mk	Nuestra Canción	Monsieur Periné, Vicente Garcia	10	#84bd00	2021-10-27	Viral 50	is
6VQGFOVwopnIyZxszV2mEL	Kviksyndi	Sturla Atlas, Þjóðleikhúsið	11	#bd3200	2021-10-27	Viral 50	is
1sUdq3kWa9dJXHu3eYOUll	Spooky, Scary Skeletons - Undead Tombstone Remix	Andrew Gold	12	#84bd00	2021-10-27	Viral 50	is
62P3CMQAknHW4iftsBD41Y	Eleanor Rigby	Cody Fry	13	#bd3200	2021-10-27	Viral 50	is
0J07ya7WC09FaQADutoBRZ	Love Tonight - Robin Schulz Remix	Shouse	14	#84bd00	2021-10-27	Viral 50	is
4gvrJnKCKIPiacNsWVQwEU	love nwantiti (feat. Dj Yo! & AX'EL) - Remix	CKay	15	#bd3200	2021-10-27	Viral 50	is
4eL3XeuGaEoVT8ttDh3hwY	too easy	Gunna, Future	16	#bd3200	2021-10-27	Viral 50	is
3CLSHJv5aUROAN2vfOyCOh	Close Eyes	DVRST	17	#bd3200	2021-10-27	Viral 50	is
0OVEdO7VucIEjuTgPhGeT2	F.C.K (feat. Aron Can)	Birnir	18	#bd3200	2021-10-27	Viral 50	is
2Tgii2a5qkJkoT2heDSt9O	Jelatin	Aga's Gonzales	19	#84bd00	2021-10-27	Viral 50	is
64EA2RKyciBwCuVczLH6Ct	masquerade	siouxxie sixxsta	20	#bd3200	2021-10-27	Viral 50	is
3NqBxTOMCJ3zW9CIP51td4	Jugaste y Sufrí	Eslabon Armado, DannyLux	21	#bd3200	2021-10-27	Viral 50	is
0e8nrvls4Qqv5Rfa2UhqmO	THATS WHAT I WANT	Lil Nas X	22	#bd3200	2021-10-27	Viral 50	is
3lFrFQcZWPLa8WEG7xoc4b	Я буду ебать	Moreart, IHI	23	#84bd00	2021-10-27	Viral 50	is
2prnn41CblB8B4yWACDljP	Love Tonight - David Guetta Remix Edit	Shouse	24	#84bd00	2021-10-27	Viral 50	is
4Fmr4dbY1sZiX77ZbljNFC	lemme land?	Canking, Ess2Mad	25	#84bd00	2021-10-27	Viral 50	is
5GxUKIEkMXXZo1Tif0IzfC	Two Moons	BoyWithUke	26	#84bd00	2021-10-27	Viral 50	is
2B4GHvToeLTOBB4QLzW3Ni	Pepas	Farruko	27	#3e3e40	2021-10-27	Viral 50	is
6OufwUcCqo81guU2jAlDVP	Love Tonight - Edit	Shouse	28	#84bd00	2021-10-27	Viral 50	is
02MWAaffLxlfxAUY7c5dvx	Heat Waves	Glass Animals	29	#84bd00	2021-10-27	Viral 50	is
2VfvfFSVD1Ki0PH0Xd0jcv	You'll Never Walk Alone - Stereo; 1997 Remaster	Gerry & The Pacemakers	30	#84bd00	2021-10-27	Viral 50	is
5pLbM4PU1wZyMvoQyEAorp	The Red Means I Love You	Madds Buckley	31	#84bd00	2021-10-27	Viral 50	is
7zx1i0jGcFwMBurajgKlO7	Black Magic	Jonasu	32	#84bd00	2021-10-27	Viral 50	is
0V5cvmTKsYmF5FmGGEAfmS	Je te laisserai des mots	Patrick Watson	33	#bd3200	2021-10-27	Viral 50	is
3MZp8Ilx8eW2wSujWn3LnG	Katten i trakten	Einár	34	#84bd00	2021-10-27	Viral 50	is
63IaMjanvXp9c3f0Y7OImT	DANSA	Einár, ADAAM	35	#84bd00	2021-10-27	Viral 50	is
5elofKuRmgZmCVImWT6JtE	see you later (ten years)	Jenna Raine	36	#4687d7	2021-10-27	Viral 50	is
0DuWDLjriRPjDRoPgaCslY	Love In The Dark	Adele	37	#84bd00	2021-10-27	Viral 50	is
46HNZY1i7O6jwTA7Slo2PI	My Universe	Coldplay, BTS	38	#bd3200	2021-10-27	Viral 50	is
0Fs9cdPDhptWEDJmiCbkEW	She Knows (feat. Amber Coffman & Cults)	J. Cole	39	#84bd00	2021-10-27	Viral 50	is
75MNhvTCCKsST3YqqUiU9r	Shivers	Ed Sheeran	40	#bd3200	2021-10-27	Viral 50	is
3uUuGVFu1V7jTQL60S1r8z	Where Are You Now	Lost Frequencies, Calum Scott	41	#bd3200	2021-10-27	Viral 50	is
1olCzMxaeiQKNO64ssWVGr	Talk About	Rain Radio, DJ Craig Gorman	42	#84bd00	2021-10-27	Viral 50	is
630T90cSAWOlow3z0wQnZM	Ég er í vinnunni	Dr. Gunni	43	#bd3200	2021-10-27	Viral 50	is
4E6Dxj76ostVEmeefzlDP8	Something About You	Eyedress, Dent May	44	#3e3e40	2021-10-27	Viral 50	is
2vXKRlJBXyOcvZYTdNeckS	Lost in the Fire (feat. The Weeknd)	Gesaffelstein	45	#4687d7	2021-10-27	Viral 50	is
5rW7qTn83sCKtqBoneJs63	edamame (feat. Rich Brian)	bbno$	46	#bd3200	2021-10-27	Viral 50	is
23V08GxMeaZNSf8Gy6KF6t	Spooky, Scary Skeletons	Andrew Gold	47	#4687d7	2021-10-27	Viral 50	is
2kaNmAbqrtOf7Rdr3fnCWl	Toxic	BoyWithUke	48	#3e3e40	2021-10-27	Viral 50	is
2TwrUQObMK4S2cJA6Ub7FF	Aumingi með Bónuspoka	Dr. Gunni	49	#4687d7	2021-10-27	Viral 50	is
4Mbnbxtl5rKXHXgqAKT9Yy	Hella Bow - Bella Ciao Remix (Money Heist UK Drill)	Pureojuice, Prod. OnurKN	50	#bd3200	2021-10-27	Viral 50	is
20on25jryn53hWghthWWW3	Do It To It	ACRAZE, Cherish	1	#84bd00	2021-10-28	Viral 50	is
7rglLriMNBPAyuJOMGwi39	Cold Heart - PNAU Remix	Elton John, Dua Lipa	2	#bd3200	2021-10-28	Viral 50	is
6f5ExP43esnvdKPddwKXJH	Better Days (NEIKED x Mae Muller x Polo G)	NEIKED	3	#3e3e40	2021-10-28	Viral 50	is
5W8HXMOMLtXLz0RGKUtnlZ	Last One Standing (feat. Polo G, Mozzy & Eminem) - From Venom: Let There Be Carnage	Skylar Grey	4	#bd3200	2021-10-28	Viral 50	is
5reQI13tWWYDLMrGcUF4Mk	Nuestra Canción	Monsieur Periné, Vicente Garcia	5	#84bd00	2021-10-28	Viral 50	is
7jwQlYGpOml9ETGre1HqGA	Somebody's Watching Me	Rockwell	6	#bd3200	2021-10-28	Viral 50	is
7hU3IHwjX150XLoTVmjD0q	MONEY	LISA	7	#84bd00	2021-10-28	Viral 50	is
4SqWKzw0CbA05TGszDgMlc	I Love You So	The Walters	8	#bd3200	2021-10-28	Viral 50	is
2Xr1dTzJee307rmrkt8c0g	love nwantiti (ah ah ah)	CKay	9	#bd3200	2021-10-28	Viral 50	is
07MDkzWARZaLEdKxo6yArG	Meet Me At Our Spot	THE ANXIETY, WILLOW, Tyler Cole	10	#bd3200	2021-10-28	Viral 50	is
1sUdq3kWa9dJXHu3eYOUll	Spooky, Scary Skeletons - Undead Tombstone Remix	Andrew Gold	11	#84bd00	2021-10-28	Viral 50	is
6VQGFOVwopnIyZxszV2mEL	Kviksyndi	Sturla Atlas, Þjóðleikhúsið	12	#bd3200	2021-10-28	Viral 50	is
2Tgii2a5qkJkoT2heDSt9O	Jelatin	Aga's Gonzales	13	#84bd00	2021-10-28	Viral 50	is
0J07ya7WC09FaQADutoBRZ	Love Tonight - Robin Schulz Remix	Shouse	14	#3e3e40	2021-10-28	Viral 50	is
3CLSHJv5aUROAN2vfOyCOh	Close Eyes	DVRST	15	#84bd00	2021-10-28	Viral 50	is
0OVEdO7VucIEjuTgPhGeT2	F.C.K (feat. Aron Can)	Birnir	16	#84bd00	2021-10-28	Viral 50	is
4eL3XeuGaEoVT8ttDh3hwY	too easy	Gunna, Future	17	#bd3200	2021-10-28	Viral 50	is
62P3CMQAknHW4iftsBD41Y	Eleanor Rigby	Cody Fry	18	#bd3200	2021-10-28	Viral 50	is
4gvrJnKCKIPiacNsWVQwEU	love nwantiti (feat. Dj Yo! & AX'EL) - Remix	CKay	19	#bd3200	2021-10-28	Viral 50	is
2prnn41CblB8B4yWACDljP	Love Tonight - David Guetta Remix Edit	Shouse	20	#84bd00	2021-10-28	Viral 50	is
64EA2RKyciBwCuVczLH6Ct	masquerade	siouxxie sixxsta	21	#bd3200	2021-10-28	Viral 50	is
0e8nrvls4Qqv5Rfa2UhqmO	THATS WHAT I WANT	Lil Nas X	22	#3e3e40	2021-10-28	Viral 50	is
02MWAaffLxlfxAUY7c5dvx	Heat Waves	Glass Animals	23	#84bd00	2021-10-28	Viral 50	is
3lFrFQcZWPLa8WEG7xoc4b	Я буду ебать	Moreart, IHI	24	#bd3200	2021-10-28	Viral 50	is
63IaMjanvXp9c3f0Y7OImT	DANSA	Einár, ADAAM	25	#84bd00	2021-10-28	Viral 50	is
0V5cvmTKsYmF5FmGGEAfmS	Je te laisserai des mots	Patrick Watson	26	#84bd00	2021-10-28	Viral 50	is
6OufwUcCqo81guU2jAlDVP	Love Tonight - Edit	Shouse	27	#84bd00	2021-10-28	Viral 50	is
2Gd0oV24QsH0zb9nKFx7s5	Gamora	Hov1, Einár	28	#4687d7	2021-10-28	Viral 50	is
2B4GHvToeLTOBB4QLzW3Ni	Pepas	Farruko	29	#bd3200	2021-10-28	Viral 50	is
3uUuGVFu1V7jTQL60S1r8z	Where Are You Now	Lost Frequencies, Calum Scott	30	#84bd00	2021-10-28	Viral 50	is
3NqBxTOMCJ3zW9CIP51td4	Jugaste y Sufrí	Eslabon Armado, DannyLux	31	#bd3200	2021-10-28	Viral 50	is
3MZp8Ilx8eW2wSujWn3LnG	Katten i trakten	Einár	32	#84bd00	2021-10-28	Viral 50	is
7zx1i0jGcFwMBurajgKlO7	Black Magic	Jonasu	33	#bd3200	2021-10-28	Viral 50	is
5elofKuRmgZmCVImWT6JtE	see you later (ten years)	Jenna Raine	34	#84bd00	2021-10-28	Viral 50	is
2vXKRlJBXyOcvZYTdNeckS	Lost in the Fire (feat. The Weeknd)	Gesaffelstein	35	#84bd00	2021-10-28	Viral 50	is
2VfvfFSVD1Ki0PH0Xd0jcv	You'll Never Walk Alone - Stereo; 1997 Remaster	Gerry & The Pacemakers	36	#bd3200	2021-10-28	Viral 50	is
1olCzMxaeiQKNO64ssWVGr	Talk About	Rain Radio, DJ Craig Gorman	37	#84bd00	2021-10-28	Viral 50	is
5SixeLvPsYpk7qq9lo5xYg	Have Mercy	Chlöe	38	#4687d7	2021-10-28	Viral 50	is
0DuWDLjriRPjDRoPgaCslY	Love In The Dark	Adele	39	#bd3200	2021-10-28	Viral 50	is
5GxUKIEkMXXZo1Tif0IzfC	Two Moons	BoyWithUke	40	#bd3200	2021-10-28	Viral 50	is
46HNZY1i7O6jwTA7Slo2PI	My Universe	Coldplay, BTS	41	#bd3200	2021-10-28	Viral 50	is
2NLEm5knDiUFbsnsnOcLT3	Ég á það skilið	Baggalútur	42	#4687d7	2021-10-28	Viral 50	is
23V08GxMeaZNSf8Gy6KF6t	Spooky, Scary Skeletons	Andrew Gold	43	#84bd00	2021-10-28	Viral 50	is
4E6Dxj76ostVEmeefzlDP8	Something About You	Eyedress, Dent May	44	#3e3e40	2021-10-28	Viral 50	is
5yJzkdwbrQCwua2dIC3K6A	White Girl	Shy Glizzy	45	#4687d7	2021-10-28	Viral 50	is
4Fmr4dbY1sZiX77ZbljNFC	lemme land?	Canking, Ess2Mad	46	#bd3200	2021-10-28	Viral 50	is
5pLbM4PU1wZyMvoQyEAorp	The Red Means I Love You	Madds Buckley	47	#bd3200	2021-10-28	Viral 50	is
2kaNmAbqrtOf7Rdr3fnCWl	Toxic	BoyWithUke	48	#3e3e40	2021-10-28	Viral 50	is
0zCgWGmDF0aih5qexATyBn	After Dark	Mr.Kitty	49	#4687d7	2021-10-28	Viral 50	is
75MNhvTCCKsST3YqqUiU9r	Shivers	Ed Sheeran	50	#bd3200	2021-10-28	Viral 50	is
20on25jryn53hWghthWWW3	Do It To It	ACRAZE, Cherish	1	#3e3e40	2021-10-29	Viral 50	is
7rglLriMNBPAyuJOMGwi39	Cold Heart - PNAU Remix	Elton John, Dua Lipa	2	#3e3e40	2021-10-29	Viral 50	is
7jwQlYGpOml9ETGre1HqGA	Somebody's Watching Me	Rockwell	3	#84bd00	2021-10-29	Viral 50	is
5reQI13tWWYDLMrGcUF4Mk	Nuestra Canción	Monsieur Periné, Vicente Garcia	4	#84bd00	2021-10-29	Viral 50	is
1sUdq3kWa9dJXHu3eYOUll	Spooky, Scary Skeletons - Undead Tombstone Remix	Andrew Gold	5	#84bd00	2021-10-29	Viral 50	is
6f5ExP43esnvdKPddwKXJH	Better Days (NEIKED x Mae Muller x Polo G)	NEIKED	6	#bd3200	2021-10-29	Viral 50	is
5W8HXMOMLtXLz0RGKUtnlZ	Last One Standing (feat. Polo G, Mozzy & Eminem) - From Venom: Let There Be Carnage	Skylar Grey	7	#bd3200	2021-10-29	Viral 50	is
7hU3IHwjX150XLoTVmjD0q	MONEY	LISA	8	#bd3200	2021-10-29	Viral 50	is
2Xr1dTzJee307rmrkt8c0g	love nwantiti (ah ah ah)	CKay	9	#3e3e40	2021-10-29	Viral 50	is
2Tgii2a5qkJkoT2heDSt9O	Jelatin	Aga's Gonzales	10	#84bd00	2021-10-29	Viral 50	is
07MDkzWARZaLEdKxo6yArG	Meet Me At Our Spot	THE ANXIETY, WILLOW, Tyler Cole	11	#bd3200	2021-10-29	Viral 50	is
0J07ya7WC09FaQADutoBRZ	Love Tonight - Robin Schulz Remix	Shouse	12	#84bd00	2021-10-29	Viral 50	is
4SqWKzw0CbA05TGszDgMlc	I Love You So	The Walters	13	#bd3200	2021-10-29	Viral 50	is
6VQGFOVwopnIyZxszV2mEL	Kviksyndi	Sturla Atlas, Þjóðleikhúsið	14	#bd3200	2021-10-29	Viral 50	is
4gvrJnKCKIPiacNsWVQwEU	love nwantiti (feat. Dj Yo! & AX'EL) - Remix	CKay	15	#84bd00	2021-10-29	Viral 50	is
23V08GxMeaZNSf8Gy6KF6t	Spooky, Scary Skeletons	Andrew Gold	16	#84bd00	2021-10-29	Viral 50	is
2prnn41CblB8B4yWACDljP	Love Tonight - David Guetta Remix Edit	Shouse	17	#84bd00	2021-10-29	Viral 50	is
3CLSHJv5aUROAN2vfOyCOh	Close Eyes	DVRST	18	#bd3200	2021-10-29	Viral 50	is
0OVEdO7VucIEjuTgPhGeT2	F.C.K (feat. Aron Can)	Birnir	19	#bd3200	2021-10-29	Viral 50	is
4eL3XeuGaEoVT8ttDh3hwY	too easy	Gunna, Future	20	#bd3200	2021-10-29	Viral 50	is
62P3CMQAknHW4iftsBD41Y	Eleanor Rigby	Cody Fry	21	#bd3200	2021-10-29	Viral 50	is
64EA2RKyciBwCuVczLH6Ct	masquerade	siouxxie sixxsta	22	#bd3200	2021-10-29	Viral 50	is
0e8nrvls4Qqv5Rfa2UhqmO	THATS WHAT I WANT	Lil Nas X	23	#bd3200	2021-10-29	Viral 50	is
02MWAaffLxlfxAUY7c5dvx	Heat Waves	Glass Animals	24	#bd3200	2021-10-29	Viral 50	is
2gQPv5jvVPqU2a9HhMNO1v	Toxic	BoyWithUke	25	#84bd00	2021-10-29	Viral 50	is
3uUuGVFu1V7jTQL60S1r8z	Where Are You Now	Lost Frequencies, Calum Scott	26	#84bd00	2021-10-29	Viral 50	is
6OufwUcCqo81guU2jAlDVP	Love Tonight - Edit	Shouse	27	#3e3e40	2021-10-29	Viral 50	is
5GxUKIEkMXXZo1Tif0IzfC	Two Moons	BoyWithUke	28	#84bd00	2021-10-29	Viral 50	is
2vXKRlJBXyOcvZYTdNeckS	Lost in the Fire (feat. The Weeknd)	Gesaffelstein	29	#84bd00	2021-10-29	Viral 50	is
3lFrFQcZWPLa8WEG7xoc4b	Я буду ебать	Moreart, IHI	30	#bd3200	2021-10-29	Viral 50	is
2B4GHvToeLTOBB4QLzW3Ni	Pepas	Farruko	31	#bd3200	2021-10-29	Viral 50	is
5elofKuRmgZmCVImWT6JtE	see you later (ten years)	Jenna Raine	32	#84bd00	2021-10-29	Viral 50	is
2VfvfFSVD1Ki0PH0Xd0jcv	You'll Never Walk Alone - Stereo; 1997 Remaster	Gerry & The Pacemakers	33	#84bd00	2021-10-29	Viral 50	is
3NqBxTOMCJ3zW9CIP51td4	Jugaste y Sufrí	Eslabon Armado, DannyLux	34	#bd3200	2021-10-29	Viral 50	is
0V5cvmTKsYmF5FmGGEAfmS	Je te laisserai des mots	Patrick Watson	35	#bd3200	2021-10-29	Viral 50	is
1olCzMxaeiQKNO64ssWVGr	Talk About	Rain Radio, DJ Craig Gorman	36	#84bd00	2021-10-29	Viral 50	is
50nfwKoDiSYg8zOCREWAm5	Shivers	Ed Sheeran	37	#84bd00	2021-10-29	Viral 50	is
5SixeLvPsYpk7qq9lo5xYg	Have Mercy	Chlöe	38	#3e3e40	2021-10-29	Viral 50	is
0DuWDLjriRPjDRoPgaCslY	Love In The Dark	Adele	39	#3e3e40	2021-10-29	Viral 50	is
2NLEm5knDiUFbsnsnOcLT3	Ég á það skilið	Baggalútur	40	#84bd00	2021-10-29	Viral 50	is
3oY0qu8PC5gf7DkXP6ANx3	Banana Boat Song	Harry Belafonte	41	#4687d7	2021-10-29	Viral 50	is
4E6Dxj76ostVEmeefzlDP8	Something About You	Eyedress, Dent May	42	#84bd00	2021-10-29	Viral 50	is
6thXB4RmajS4oZPNiBAKy0	Ghostbusters	Ray Parker Jr.	43	#4687d7	2021-10-29	Viral 50	is
5yJzkdwbrQCwua2dIC3K6A	White Girl	Shy Glizzy	44	#84bd00	2021-10-29	Viral 50	is
63IaMjanvXp9c3f0Y7OImT	DANSA	Einár, ADAAM	45	#bd3200	2021-10-29	Viral 50	is
0zCgWGmDF0aih5qexATyBn	After Dark	Mr.Kitty	46	#84bd00	2021-10-29	Viral 50	is
5Yw6htG6TZtkeMo9WLI0M7	Beautiful James	Placebo	47	#4687d7	2021-10-29	Viral 50	is
30QR0ndUdiiMQMA9g1PGCm	...And to Those I Love, Thanks for Sticking Around	$uicideboy$	48	#4687d7	2021-10-29	Viral 50	is
5H95n43z0KFcXGCEc0ewe1	Pieces	AVAION	49	#4687d7	2021-10-29	Viral 50	is
0xxZY5C9xxij3D1HkzbnfC	Monster Mash	"Bob""Boris"" Pickett, The Crypt-Kickers"	50	#4687d7	2021-10-29	Viral 50	is
20on25jryn53hWghthWWW3	Do It To It	ACRAZE, Cherish	1	#3e3e40	2021-10-30	Viral 50	is
5reQI13tWWYDLMrGcUF4Mk	Nuestra Canción	Monsieur Periné, Vicente Garcia	2	#84bd00	2021-10-30	Viral 50	is
1sUdq3kWa9dJXHu3eYOUll	Spooky, Scary Skeletons - Undead Tombstone Remix	Andrew Gold	3	#84bd00	2021-10-30	Viral 50	is
7jwQlYGpOml9ETGre1HqGA	Somebody's Watching Me	Rockwell	4	#bd3200	2021-10-30	Viral 50	is
7hU3IHwjX150XLoTVmjD0q	MONEY	LISA	5	#84bd00	2021-10-30	Viral 50	is
6f5ExP43esnvdKPddwKXJH	Better Days (NEIKED x Mae Muller x Polo G)	NEIKED	6	#3e3e40	2021-10-30	Viral 50	is
7rglLriMNBPAyuJOMGwi39	Cold Heart - PNAU Remix	Elton John, Dua Lipa	7	#bd3200	2021-10-30	Viral 50	is
5W8HXMOMLtXLz0RGKUtnlZ	Last One Standing (feat. Polo G, Mozzy & Eminem) - From Venom: Let There Be Carnage	Skylar Grey	8	#bd3200	2021-10-30	Viral 50	is
2Xr1dTzJee307rmrkt8c0g	love nwantiti (ah ah ah)	CKay	9	#3e3e40	2021-10-30	Viral 50	is
2Tgii2a5qkJkoT2heDSt9O	Jelatin	Aga's Gonzales	10	#3e3e40	2021-10-30	Viral 50	is
07MDkzWARZaLEdKxo6yArG	Meet Me At Our Spot	THE ANXIETY, WILLOW, Tyler Cole	11	#3e3e40	2021-10-30	Viral 50	is
6VQGFOVwopnIyZxszV2mEL	Kviksyndi	Sturla Atlas, Þjóðleikhúsið	12	#84bd00	2021-10-30	Viral 50	is
3CLSHJv5aUROAN2vfOyCOh	Close Eyes	DVRST	13	#84bd00	2021-10-30	Viral 50	is
4SqWKzw0CbA05TGszDgMlc	I Love You So	The Walters	14	#bd3200	2021-10-30	Viral 50	is
23V08GxMeaZNSf8Gy6KF6t	Spooky, Scary Skeletons	Andrew Gold	15	#84bd00	2021-10-30	Viral 50	is
0J07ya7WC09FaQADutoBRZ	Love Tonight - Robin Schulz Remix	Shouse	16	#bd3200	2021-10-30	Viral 50	is
2gQPv5jvVPqU2a9HhMNO1v	Toxic	BoyWithUke	17	#84bd00	2021-10-30	Viral 50	is
62P3CMQAknHW4iftsBD41Y	Eleanor Rigby	Cody Fry	18	#84bd00	2021-10-30	Viral 50	is
4a9RlnJ0v1T7HgLtps1HvI	This Is Halloween	Disney Characters	19	#4687d7	2021-10-30	Viral 50	is
0OVEdO7VucIEjuTgPhGeT2	F.C.K (feat. Aron Can)	Birnir	20	#bd3200	2021-10-30	Viral 50	is
2prnn41CblB8B4yWACDljP	Love Tonight - David Guetta Remix Edit	Shouse	21	#bd3200	2021-10-30	Viral 50	is
4eL3XeuGaEoVT8ttDh3hwY	too easy	Gunna, Future	22	#bd3200	2021-10-30	Viral 50	is
4gvrJnKCKIPiacNsWVQwEU	love nwantiti (feat. Dj Yo! & AX'EL) - Remix	CKay	23	#bd3200	2021-10-30	Viral 50	is
02MWAaffLxlfxAUY7c5dvx	Heat Waves	Glass Animals	24	#3e3e40	2021-10-30	Viral 50	is
3lFrFQcZWPLa8WEG7xoc4b	Я буду ебать	Moreart, IHI	25	#84bd00	2021-10-30	Viral 50	is
3uUuGVFu1V7jTQL60S1r8z	Where Are You Now	Lost Frequencies, Calum Scott	26	#3e3e40	2021-10-30	Viral 50	is
2vXKRlJBXyOcvZYTdNeckS	Lost in the Fire (feat. The Weeknd)	Gesaffelstein	27	#84bd00	2021-10-30	Viral 50	is
0xxZY5C9xxij3D1HkzbnfC	Monster Mash	"Bob""Boris"" Pickett, The Crypt-Kickers"	28	#84bd00	2021-10-30	Viral 50	is
64EA2RKyciBwCuVczLH6Ct	masquerade	siouxxie sixxsta	29	#bd3200	2021-10-30	Viral 50	is
5GxUKIEkMXXZo1Tif0IzfC	Two Moons	BoyWithUke	30	#bd3200	2021-10-30	Viral 50	is
0DuWDLjriRPjDRoPgaCslY	Love In The Dark	Adele	31	#84bd00	2021-10-30	Viral 50	is
50nfwKoDiSYg8zOCREWAm5	Shivers	Ed Sheeran	32	#84bd00	2021-10-30	Viral 50	is
3oY0qu8PC5gf7DkXP6ANx3	Banana Boat Song	Harry Belafonte	33	#84bd00	2021-10-30	Viral 50	is
6OufwUcCqo81guU2jAlDVP	Love Tonight - Edit	Shouse	34	#bd3200	2021-10-30	Viral 50	is
0e8nrvls4Qqv5Rfa2UhqmO	THATS WHAT I WANT	Lil Nas X	35	#bd3200	2021-10-30	Viral 50	is
5elofKuRmgZmCVImWT6JtE	see you later (ten years)	Jenna Raine	36	#bd3200	2021-10-30	Viral 50	is
2VfvfFSVD1Ki0PH0Xd0jcv	You'll Never Walk Alone - Stereo; 1997 Remaster	Gerry & The Pacemakers	37	#bd3200	2021-10-30	Viral 50	is
2B4GHvToeLTOBB4QLzW3Ni	Pepas	Farruko	38	#bd3200	2021-10-30	Viral 50	is
5SixeLvPsYpk7qq9lo5xYg	Have Mercy	Chlöe	39	#bd3200	2021-10-30	Viral 50	is
0zCgWGmDF0aih5qexATyBn	After Dark	Mr.Kitty	40	#84bd00	2021-10-30	Viral 50	is
3tTpvK7QgjjQCKGnHt5xn3	Peso	A$AP Rocky	41	#4687d7	2021-10-30	Viral 50	is
0V5cvmTKsYmF5FmGGEAfmS	Je te laisserai des mots	Patrick Watson	42	#bd3200	2021-10-30	Viral 50	is
5MYFw4T2gy52pOGBN4EYHS	Stay Fly	Three 6 Mafia	43	#4687d7	2021-10-30	Viral 50	is
1olCzMxaeiQKNO64ssWVGr	Talk About	Rain Radio, DJ Craig Gorman	44	#bd3200	2021-10-30	Viral 50	is
4E6Dxj76ostVEmeefzlDP8	Something About You	Eyedress, Dent May	45	#bd3200	2021-10-30	Viral 50	is
5yJzkdwbrQCwua2dIC3K6A	White Girl	Shy Glizzy	46	#bd3200	2021-10-30	Viral 50	is
3NqBxTOMCJ3zW9CIP51td4	Jugaste y Sufrí	Eslabon Armado, DannyLux	47	#bd3200	2021-10-30	Viral 50	is
6thXB4RmajS4oZPNiBAKy0	Ghostbusters	Ray Parker Jr.	48	#bd3200	2021-10-30	Viral 50	is
7v4pPS4A7NgY7bxFA3Etv3	HOT DEMON B!TCHES NEAR U ! ! !	CORPSE, Night Lovell	49	#4687d7	2021-10-30	Viral 50	is
5H95n43z0KFcXGCEc0ewe1	Pieces	AVAION	50	#bd3200	2021-10-30	Viral 50	is
20on25jryn53hWghthWWW3	Do It To It	ACRAZE, Cherish	1	#3e3e40	2021-10-31	Viral 50	is
1sUdq3kWa9dJXHu3eYOUll	Spooky, Scary Skeletons - Undead Tombstone Remix	Andrew Gold	2	#84bd00	2021-10-31	Viral 50	is
5reQI13tWWYDLMrGcUF4Mk	Nuestra Canción	Monsieur Periné, Vicente Garcia	3	#bd3200	2021-10-31	Viral 50	is
7hU3IHwjX150XLoTVmjD0q	MONEY	LISA	4	#84bd00	2021-10-31	Viral 50	is
7jwQlYGpOml9ETGre1HqGA	Somebody's Watching Me	Rockwell	5	#bd3200	2021-10-31	Viral 50	is
6f5ExP43esnvdKPddwKXJH	Better Days (NEIKED x Mae Muller x Polo G)	NEIKED	6	#3e3e40	2021-10-31	Viral 50	is
2Xr1dTzJee307rmrkt8c0g	love nwantiti (ah ah ah)	CKay	7	#84bd00	2021-10-31	Viral 50	is
7rglLriMNBPAyuJOMGwi39	Cold Heart - PNAU Remix	Elton John, Dua Lipa	8	#bd3200	2021-10-31	Viral 50	is
5W8HXMOMLtXLz0RGKUtnlZ	Last One Standing (feat. Polo G, Mozzy & Eminem) - From Venom: Let There Be Carnage	Skylar Grey	9	#bd3200	2021-10-31	Viral 50	is
4a9RlnJ0v1T7HgLtps1HvI	This Is Halloween	Disney Characters	10	#84bd00	2021-10-31	Viral 50	is
23V08GxMeaZNSf8Gy6KF6t	Spooky, Scary Skeletons	Andrew Gold	11	#84bd00	2021-10-31	Viral 50	is
2Tgii2a5qkJkoT2heDSt9O	Jelatin	Aga's Gonzales	12	#bd3200	2021-10-31	Viral 50	is
2gQPv5jvVPqU2a9HhMNO1v	Toxic	BoyWithUke	13	#84bd00	2021-10-31	Viral 50	is
07MDkzWARZaLEdKxo6yArG	Meet Me At Our Spot	THE ANXIETY, WILLOW, Tyler Cole	14	#bd3200	2021-10-31	Viral 50	is
6VQGFOVwopnIyZxszV2mEL	Kviksyndi	Sturla Atlas, Þjóðleikhúsið	15	#bd3200	2021-10-31	Viral 50	is
3CLSHJv5aUROAN2vfOyCOh	Close Eyes	DVRST	16	#bd3200	2021-10-31	Viral 50	is
0J07ya7WC09FaQADutoBRZ	Love Tonight - Robin Schulz Remix	Shouse	17	#bd3200	2021-10-31	Viral 50	is
0xxZY5C9xxij3D1HkzbnfC	Monster Mash	"Bob""Boris"" Pickett, The Crypt-Kickers"	18	#84bd00	2021-10-31	Viral 50	is
4SqWKzw0CbA05TGszDgMlc	I Love You So	The Walters	19	#bd3200	2021-10-31	Viral 50	is
2prnn41CblB8B4yWACDljP	Love Tonight - David Guetta Remix Edit	Shouse	20	#84bd00	2021-10-31	Viral 50	is
4gvrJnKCKIPiacNsWVQwEU	love nwantiti (feat. Dj Yo! & AX'EL) - Remix	CKay	21	#84bd00	2021-10-31	Viral 50	is
3oY0qu8PC5gf7DkXP6ANx3	Banana Boat Song	Harry Belafonte	22	#84bd00	2021-10-31	Viral 50	is
02MWAaffLxlfxAUY7c5dvx	Heat Waves	Glass Animals	23	#84bd00	2021-10-31	Viral 50	is
0OVEdO7VucIEjuTgPhGeT2	F.C.K (feat. Aron Can)	Birnir	24	#bd3200	2021-10-31	Viral 50	is
3uUuGVFu1V7jTQL60S1r8z	Where Are You Now	Lost Frequencies, Calum Scott	25	#84bd00	2021-10-31	Viral 50	is
6thXB4RmajS4oZPNiBAKy0	Ghostbusters	Ray Parker Jr.	26	#84bd00	2021-10-31	Viral 50	is
3lFrFQcZWPLa8WEG7xoc4b	Я буду ебать	Moreart, IHI	27	#bd3200	2021-10-31	Viral 50	is
50nfwKoDiSYg8zOCREWAm5	Shivers	Ed Sheeran	28	#84bd00	2021-10-31	Viral 50	is
2vXKRlJBXyOcvZYTdNeckS	Lost in the Fire (feat. The Weeknd)	Gesaffelstein	29	#bd3200	2021-10-31	Viral 50	is
0e8nrvls4Qqv5Rfa2UhqmO	THATS WHAT I WANT	Lil Nas X	30	#84bd00	2021-10-31	Viral 50	is
64EA2RKyciBwCuVczLH6Ct	masquerade	siouxxie sixxsta	31	#bd3200	2021-10-31	Viral 50	is
0DuWDLjriRPjDRoPgaCslY	Love In The Dark	Adele	32	#bd3200	2021-10-31	Viral 50	is
5GxUKIEkMXXZo1Tif0IzfC	Two Moons	BoyWithUke	33	#bd3200	2021-10-31	Viral 50	is
3tTpvK7QgjjQCKGnHt5xn3	Peso	A$AP Rocky	34	#84bd00	2021-10-31	Viral 50	is
1Ov2aHmlxWkaTVZ1TjrTrG	Oogie Boogie's Song	Ed Ivory, Ken Page	35	#4687d7	2021-10-31	Viral 50	is
62P3CMQAknHW4iftsBD41Y	Eleanor Rigby	Cody Fry	36	#bd3200	2021-10-31	Viral 50	is
6OufwUcCqo81guU2jAlDVP	Love Tonight - Edit	Shouse	37	#bd3200	2021-10-31	Viral 50	is
3NqBxTOMCJ3zW9CIP51td4	Jugaste y Sufrí	Eslabon Armado, DannyLux	38	#84bd00	2021-10-31	Viral 50	is
5elofKuRmgZmCVImWT6JtE	see you later (ten years)	Jenna Raine	39	#bd3200	2021-10-31	Viral 50	is
2B4GHvToeLTOBB4QLzW3Ni	Pepas	Farruko	40	#bd3200	2021-10-31	Viral 50	is
4eL3XeuGaEoVT8ttDh3hwY	too easy	Gunna, Future	41	#bd3200	2021-10-31	Viral 50	is
0zCgWGmDF0aih5qexATyBn	After Dark	Mr.Kitty	42	#bd3200	2021-10-31	Viral 50	is
5SixeLvPsYpk7qq9lo5xYg	Have Mercy	Chlöe	43	#bd3200	2021-10-31	Viral 50	is
5MYFw4T2gy52pOGBN4EYHS	Stay Fly	Three 6 Mafia	44	#bd3200	2021-10-31	Viral 50	is
0V5cvmTKsYmF5FmGGEAfmS	Je te laisserai des mots	Patrick Watson	45	#bd3200	2021-10-31	Viral 50	is
5yJzkdwbrQCwua2dIC3K6A	White Girl	Shy Glizzy	46	#3e3e40	2021-10-31	Viral 50	is
6GmL39a9OazWtyMkAbJz7v	Monster Mash	"Bob""Boris"" Pickett"	47	#4687d7	2021-10-31	Viral 50	is
0eu4C55hL6x29mmeAjytzC	Life Goes On	Oliver Tree	48	#4687d7	2021-10-31	Viral 50	is
5rW7qTn83sCKtqBoneJs63	edamame (feat. Rich Brian)	bbno$	49	#4687d7	2021-10-31	Viral 50	is
5H95n43z0KFcXGCEc0ewe1	Pieces	AVAION	50	#3e3e40	2021-10-31	Viral 50	is
20on25jryn53hWghthWWW3	Do It To It	ACRAZE, Cherish	1	#3e3e40	2021-11-01	Viral 50	is
5reQI13tWWYDLMrGcUF4Mk	Nuestra Canción	Monsieur Periné, Vicente Garcia	2	#84bd00	2021-11-01	Viral 50	is
1sUdq3kWa9dJXHu3eYOUll	Spooky, Scary Skeletons - Undead Tombstone Remix	Andrew Gold	3	#bd3200	2021-11-01	Viral 50	is
6M47gaKejso9772SKTa3yH	Face Off	Tech N9ne, Joey Cool, King Iso, Dwayne Johnson	4	#4687d7	2021-11-01	Viral 50	is
7jwQlYGpOml9ETGre1HqGA	Somebody's Watching Me	Rockwell	5	#3e3e40	2021-11-01	Viral 50	is
4yNoUQkYf1QF8iYlEzNynH	Who Want Smoke?? (feat. G Herbo, Lil Durk & 21 Savage)	Nardo Wick	6	#4687d7	2021-11-01	Viral 50	is
2gQPv5jvVPqU2a9HhMNO1v	Toxic	BoyWithUke	7	#84bd00	2021-11-01	Viral 50	is
7hU3IHwjX150XLoTVmjD0q	MONEY	LISA	8	#bd3200	2021-11-01	Viral 50	is
6f5ExP43esnvdKPddwKXJH	Better Days (NEIKED x Mae Muller x Polo G)	NEIKED	9	#bd3200	2021-11-01	Viral 50	is
4a9RlnJ0v1T7HgLtps1HvI	This Is Halloween	Disney Characters	10	#3e3e40	2021-11-01	Viral 50	is
7rglLriMNBPAyuJOMGwi39	Cold Heart - PNAU Remix	Elton John, Dua Lipa	11	#bd3200	2021-11-01	Viral 50	is
23V08GxMeaZNSf8Gy6KF6t	Spooky, Scary Skeletons	Andrew Gold	12	#bd3200	2021-11-01	Viral 50	is
2Xr1dTzJee307rmrkt8c0g	love nwantiti (ah ah ah)	CKay	13	#bd3200	2021-11-01	Viral 50	is
07MDkzWARZaLEdKxo6yArG	Meet Me At Our Spot	THE ANXIETY, WILLOW, Tyler Cole	14	#3e3e40	2021-11-01	Viral 50	is
2Tgii2a5qkJkoT2heDSt9O	Jelatin	Aga's Gonzales	15	#bd3200	2021-11-01	Viral 50	is
0xxZY5C9xxij3D1HkzbnfC	Monster Mash	"Bob""Boris"" Pickett, The Crypt-Kickers"	16	#84bd00	2021-11-01	Viral 50	is
4SqWKzw0CbA05TGszDgMlc	I Love You So	The Walters	17	#84bd00	2021-11-01	Viral 50	is
6VQGFOVwopnIyZxszV2mEL	Kviksyndi	Sturla Atlas, Þjóðleikhúsið	18	#bd3200	2021-11-01	Viral 50	is
3oY0qu8PC5gf7DkXP6ANx3	Banana Boat Song	Harry Belafonte	19	#84bd00	2021-11-01	Viral 50	is
3CLSHJv5aUROAN2vfOyCOh	Close Eyes	DVRST	20	#bd3200	2021-11-01	Viral 50	is
0OVEdO7VucIEjuTgPhGeT2	F.C.K (feat. Aron Can)	Birnir	21	#84bd00	2021-11-01	Viral 50	is
2B4GHvToeLTOBB4QLzW3Ni	Pepas	Farruko	22	#84bd00	2021-11-01	Viral 50	is
2vXKRlJBXyOcvZYTdNeckS	Lost in the Fire (feat. The Weeknd)	Gesaffelstein	23	#84bd00	2021-11-01	Viral 50	is
0J07ya7WC09FaQADutoBRZ	Love Tonight - Robin Schulz Remix	Shouse	24	#bd3200	2021-11-01	Viral 50	is
02MWAaffLxlfxAUY7c5dvx	Heat Waves	Glass Animals	25	#bd3200	2021-11-01	Viral 50	is
6thXB4RmajS4oZPNiBAKy0	Ghostbusters	Ray Parker Jr.	26	#3e3e40	2021-11-01	Viral 50	is
3tTpvK7QgjjQCKGnHt5xn3	Peso	A$AP Rocky	27	#84bd00	2021-11-01	Viral 50	is
3lFrFQcZWPLa8WEG7xoc4b	Я буду ебать	Moreart, IHI	28	#bd3200	2021-11-01	Viral 50	is
3uUuGVFu1V7jTQL60S1r8z	Where Are You Now	Lost Frequencies, Calum Scott	29	#bd3200	2021-11-01	Viral 50	is
0DuWDLjriRPjDRoPgaCslY	Love In The Dark	Adele	30	#84bd00	2021-11-01	Viral 50	is
5GxUKIEkMXXZo1Tif0IzfC	Two Moons	BoyWithUke	31	#84bd00	2021-11-01	Viral 50	is
2prnn41CblB8B4yWACDljP	Love Tonight - David Guetta Remix Edit	Shouse	32	#bd3200	2021-11-01	Viral 50	is
4gvrJnKCKIPiacNsWVQwEU	love nwantiti (feat. Dj Yo! & AX'EL) - Remix	CKay	33	#bd3200	2021-11-01	Viral 50	is
1Ov2aHmlxWkaTVZ1TjrTrG	Oogie Boogie's Song	Ed Ivory, Ken Page	34	#84bd00	2021-11-01	Viral 50	is
4raE16QciRGXzmU7KShXs3	Næsta líf	GDRN	35	#4687d7	2021-11-01	Viral 50	is
50nfwKoDiSYg8zOCREWAm5	Shivers	Ed Sheeran	36	#bd3200	2021-11-01	Viral 50	is
3NqBxTOMCJ3zW9CIP51td4	Jugaste y Sufrí	Eslabon Armado, DannyLux	37	#84bd00	2021-11-01	Viral 50	is
5elofKuRmgZmCVImWT6JtE	see you later (ten years)	Jenna Raine	38	#84bd00	2021-11-01	Viral 50	is
0e8nrvls4Qqv5Rfa2UhqmO	THATS WHAT I WANT	Lil Nas X	39	#bd3200	2021-11-01	Viral 50	is
5W8HXMOMLtXLz0RGKUtnlZ	Last One Standing (feat. Polo G, Mozzy & Eminem) - From Venom: Let There Be Carnage	Skylar Grey	40	#bd3200	2021-11-01	Viral 50	is
18ddJHQ7CUzNBiy55L0Xjj	WFM	RealestK	41	#4687d7	2021-11-01	Viral 50	is
5MYFw4T2gy52pOGBN4EYHS	Stay Fly	Three 6 Mafia	42	#84bd00	2021-11-01	Viral 50	is
3wA4ronkc8ZcPXUP0fDgYA	Bad Day	Justus Bennetts	43	#4687d7	2021-11-01	Viral 50	is
0zCgWGmDF0aih5qexATyBn	After Dark	Mr.Kitty	44	#bd3200	2021-11-01	Viral 50	is
64EA2RKyciBwCuVczLH6Ct	masquerade	siouxxie sixxsta	45	#bd3200	2021-11-01	Viral 50	is
6hlrui656yBRUb3qGkd5lH	Los Pollos Hermanos	Knucks	46	#4687d7	2021-11-01	Viral 50	is
59nbIJxGb1qkrzbtTomZkL	Boyz (feat. Nicki Minaj)	Jesy Nelson	47	#4687d7	2021-11-01	Viral 50	is
62P3CMQAknHW4iftsBD41Y	Eleanor Rigby	Cody Fry	48	#bd3200	2021-11-01	Viral 50	is
6OufwUcCqo81guU2jAlDVP	Love Tonight - Edit	Shouse	49	#bd3200	2021-11-01	Viral 50	is
6GmL39a9OazWtyMkAbJz7v	Monster Mash	"Bob""Boris"" Pickett"	50	#bd3200	2021-11-01	Viral 50	is
20on25jryn53hWghthWWW3	Do It To It	ACRAZE, Cherish	1	#3e3e40	2021-11-02	Viral 50	is
6M47gaKejso9772SKTa3yH	Face Off	Tech N9ne, Joey Cool, King Iso, Dwayne Johnson	2	#84bd00	2021-11-02	Viral 50	is
1sUdq3kWa9dJXHu3eYOUll	Spooky, Scary Skeletons - Undead Tombstone Remix	Andrew Gold	3	#3e3e40	2021-11-02	Viral 50	is
5reQI13tWWYDLMrGcUF4Mk	Nuestra Canción	Monsieur Periné, Vicente Garcia	4	#bd3200	2021-11-02	Viral 50	is
7jwQlYGpOml9ETGre1HqGA	Somebody's Watching Me	Rockwell	5	#3e3e40	2021-11-02	Viral 50	is
4yNoUQkYf1QF8iYlEzNynH	Who Want Smoke?? (feat. G Herbo, Lil Durk & 21 Savage)	Nardo Wick	6	#3e3e40	2021-11-02	Viral 50	is
6f5ExP43esnvdKPddwKXJH	Better Days (NEIKED x Mae Muller x Polo G)	NEIKED	7	#84bd00	2021-11-02	Viral 50	is
2gQPv5jvVPqU2a9HhMNO1v	Toxic	BoyWithUke	8	#bd3200	2021-11-02	Viral 50	is
7hU3IHwjX150XLoTVmjD0q	MONEY	LISA	9	#bd3200	2021-11-02	Viral 50	is
4a9RlnJ0v1T7HgLtps1HvI	This Is Halloween	Disney Characters	10	#3e3e40	2021-11-02	Viral 50	is
2Xr1dTzJee307rmrkt8c0g	love nwantiti (ah ah ah)	CKay	11	#84bd00	2021-11-02	Viral 50	is
7rglLriMNBPAyuJOMGwi39	Cold Heart - PNAU Remix	Elton John, Dua Lipa	12	#bd3200	2021-11-02	Viral 50	is
23V08GxMeaZNSf8Gy6KF6t	Spooky, Scary Skeletons	Andrew Gold	13	#bd3200	2021-11-02	Viral 50	is
07MDkzWARZaLEdKxo6yArG	Meet Me At Our Spot	THE ANXIETY, WILLOW, Tyler Cole	14	#3e3e40	2021-11-02	Viral 50	is
3CLSHJv5aUROAN2vfOyCOh	Close Eyes	DVRST	15	#84bd00	2021-11-02	Viral 50	is
0xxZY5C9xxij3D1HkzbnfC	Monster Mash	"Bob""Boris"" Pickett, The Crypt-Kickers"	16	#3e3e40	2021-11-02	Viral 50	is
6thXB4RmajS4oZPNiBAKy0	Ghostbusters	Ray Parker Jr.	17	#84bd00	2021-11-02	Viral 50	is
4SqWKzw0CbA05TGszDgMlc	I Love You So	The Walters	18	#bd3200	2021-11-02	Viral 50	is
2B4GHvToeLTOBB4QLzW3Ni	Pepas	Farruko	19	#84bd00	2021-11-02	Viral 50	is
6VQGFOVwopnIyZxszV2mEL	Kviksyndi	Sturla Atlas, Þjóðleikhúsið	20	#bd3200	2021-11-02	Viral 50	is
2vXKRlJBXyOcvZYTdNeckS	Lost in the Fire (feat. The Weeknd)	Gesaffelstein	21	#84bd00	2021-11-02	Viral 50	is
3oY0qu8PC5gf7DkXP6ANx3	Banana Boat Song	Harry Belafonte	22	#bd3200	2021-11-02	Viral 50	is
3NqBxTOMCJ3zW9CIP51td4	Jugaste y Sufrí	Eslabon Armado, DannyLux	23	#84bd00	2021-11-02	Viral 50	is
0OVEdO7VucIEjuTgPhGeT2	F.C.K (feat. Aron Can)	Birnir	24	#bd3200	2021-11-02	Viral 50	is
3uUuGVFu1V7jTQL60S1r8z	Where Are You Now	Lost Frequencies, Calum Scott	25	#84bd00	2021-11-02	Viral 50	is
3tTpvK7QgjjQCKGnHt5xn3	Peso	A$AP Rocky	26	#84bd00	2021-11-02	Viral 50	is
5GxUKIEkMXXZo1Tif0IzfC	Two Moons	BoyWithUke	27	#84bd00	2021-11-02	Viral 50	is
02MWAaffLxlfxAUY7c5dvx	Heat Waves	Glass Animals	28	#bd3200	2021-11-02	Viral 50	is
4gvrJnKCKIPiacNsWVQwEU	love nwantiti (feat. Dj Yo! & AX'EL) - Remix	CKay	29	#84bd00	2021-11-02	Viral 50	is
0J07ya7WC09FaQADutoBRZ	Love Tonight - Robin Schulz Remix	Shouse	30	#bd3200	2021-11-02	Viral 50	is
2Tgii2a5qkJkoT2heDSt9O	Jelatin	Aga's Gonzales	31	#bd3200	2021-11-02	Viral 50	is
1Ov2aHmlxWkaTVZ1TjrTrG	Oogie Boogie's Song	Ed Ivory, Ken Page	32	#84bd00	2021-11-02	Viral 50	is
50nfwKoDiSYg8zOCREWAm5	Shivers	Ed Sheeran	33	#84bd00	2021-11-02	Viral 50	is
3lFrFQcZWPLa8WEG7xoc4b	Я буду ебать	Moreart, IHI	34	#bd3200	2021-11-02	Viral 50	is
2prnn41CblB8B4yWACDljP	Love Tonight - David Guetta Remix Edit	Shouse	35	#bd3200	2021-11-02	Viral 50	is
5elofKuRmgZmCVImWT6JtE	see you later (ten years)	Jenna Raine	36	#84bd00	2021-11-02	Viral 50	is
18ddJHQ7CUzNBiy55L0Xjj	WFM	RealestK	37	#84bd00	2021-11-02	Viral 50	is
5MYFw4T2gy52pOGBN4EYHS	Stay Fly	Three 6 Mafia	38	#84bd00	2021-11-02	Viral 50	is
5Uou8idst1XJc0F6MRAk5S	I Don't Live Here Anymore (feat. Lucius)	The War On Drugs	39	#4687d7	2021-11-02	Viral 50	is
3wA4ronkc8ZcPXUP0fDgYA	Bad Day	Justus Bennetts	40	#84bd00	2021-11-02	Viral 50	is
0zCgWGmDF0aih5qexATyBn	After Dark	Mr.Kitty	41	#84bd00	2021-11-02	Viral 50	is
0e8nrvls4Qqv5Rfa2UhqmO	THATS WHAT I WANT	Lil Nas X	42	#bd3200	2021-11-02	Viral 50	is
59nbIJxGb1qkrzbtTomZkL	Boyz (feat. Nicki Minaj)	Jesy Nelson	43	#84bd00	2021-11-02	Viral 50	is
64EA2RKyciBwCuVczLH6Ct	masquerade	siouxxie sixxsta	44	#84bd00	2021-11-02	Viral 50	is
62P3CMQAknHW4iftsBD41Y	Eleanor Rigby	Cody Fry	45	#84bd00	2021-11-02	Viral 50	is
6OufwUcCqo81guU2jAlDVP	Love Tonight - Edit	Shouse	46	#84bd00	2021-11-02	Viral 50	is
6GmL39a9OazWtyMkAbJz7v	Monster Mash	"Bob""Boris"" Pickett"	47	#84bd00	2021-11-02	Viral 50	is
27XMmSWSOXJ7eVb40tH93T	MEMORIES!	347aidan	48	#4687d7	2021-11-02	Viral 50	is
2ppAkaBj4vaL0qsFm1TOKI	Dad Vibes	Limp Bizkit	49	#4687d7	2021-11-02	Viral 50	is
4eL3XeuGaEoVT8ttDh3hwY	too easy	Gunna, Future	50	#4687d7	2021-11-02	Viral 50	is
20on25jryn53hWghthWWW3	Do It To It	ACRAZE, Cherish	1	#3e3e40	2021-11-03	Viral 50	is
6M47gaKejso9772SKTa3yH	Face Off	Tech N9ne, Joey Cool, King Iso, Dwayne Johnson	2	#3e3e40	2021-11-03	Viral 50	is
1sUdq3kWa9dJXHu3eYOUll	Spooky, Scary Skeletons - Undead Tombstone Remix	Andrew Gold	3	#3e3e40	2021-11-03	Viral 50	is
7jwQlYGpOml9ETGre1HqGA	Somebody's Watching Me	Rockwell	4	#84bd00	2021-11-03	Viral 50	is
5reQI13tWWYDLMrGcUF4Mk	Nuestra Canción	Monsieur Periné, Vicente Garcia	5	#bd3200	2021-11-03	Viral 50	is
2gQPv5jvVPqU2a9HhMNO1v	Toxic	BoyWithUke	6	#84bd00	2021-11-03	Viral 50	is
7hU3IHwjX150XLoTVmjD0q	MONEY	LISA	7	#84bd00	2021-11-03	Viral 50	is
6f5ExP43esnvdKPddwKXJH	Better Days (NEIKED x Mae Muller x Polo G)	NEIKED	8	#bd3200	2021-11-03	Viral 50	is
4yNoUQkYf1QF8iYlEzNynH	Who Want Smoke?? (feat. G Herbo, Lil Durk & 21 Savage)	Nardo Wick	9	#bd3200	2021-11-03	Viral 50	is
4a9RlnJ0v1T7HgLtps1HvI	This Is Halloween	Disney Characters	10	#3e3e40	2021-11-03	Viral 50	is
7rglLriMNBPAyuJOMGwi39	Cold Heart - PNAU Remix	Elton John, Dua Lipa	11	#84bd00	2021-11-03	Viral 50	is
2Xr1dTzJee307rmrkt8c0g	love nwantiti (ah ah ah)	CKay	12	#bd3200	2021-11-03	Viral 50	is
23V08GxMeaZNSf8Gy6KF6t	Spooky, Scary Skeletons	Andrew Gold	13	#3e3e40	2021-11-03	Viral 50	is
4SqWKzw0CbA05TGszDgMlc	I Love You So	The Walters	14	#84bd00	2021-11-03	Viral 50	is
3CLSHJv5aUROAN2vfOyCOh	Close Eyes	DVRST	15	#3e3e40	2021-11-03	Viral 50	is
3NqBxTOMCJ3zW9CIP51td4	Jugaste y Sufrí	Eslabon Armado, DannyLux	16	#84bd00	2021-11-03	Viral 50	is
6thXB4RmajS4oZPNiBAKy0	Ghostbusters	Ray Parker Jr.	17	#3e3e40	2021-11-03	Viral 50	is
0xxZY5C9xxij3D1HkzbnfC	Monster Mash	"Bob""Boris"" Pickett, The Crypt-Kickers"	18	#bd3200	2021-11-03	Viral 50	is
2B4GHvToeLTOBB4QLzW3Ni	Pepas	Farruko	19	#3e3e40	2021-11-03	Viral 50	is
6VQGFOVwopnIyZxszV2mEL	Kviksyndi	Sturla Atlas, Þjóðleikhúsið	20	#3e3e40	2021-11-03	Viral 50	is
2vXKRlJBXyOcvZYTdNeckS	Lost in the Fire (feat. The Weeknd)	Gesaffelstein	21	#3e3e40	2021-11-03	Viral 50	is
3tTpvK7QgjjQCKGnHt5xn3	Peso	A$AP Rocky	22	#84bd00	2021-11-03	Viral 50	is
3uUuGVFu1V7jTQL60S1r8z	Where Are You Now	Lost Frequencies, Calum Scott	23	#84bd00	2021-11-03	Viral 50	is
02MWAaffLxlfxAUY7c5dvx	Heat Waves	Glass Animals	24	#84bd00	2021-11-03	Viral 50	is
3oY0qu8PC5gf7DkXP6ANx3	Banana Boat Song	Harry Belafonte	25	#bd3200	2021-11-03	Viral 50	is
07MDkzWARZaLEdKxo6yArG	Meet Me At Our Spot	THE ANXIETY, WILLOW, Tyler Cole	26	#bd3200	2021-11-03	Viral 50	is
4gvrJnKCKIPiacNsWVQwEU	love nwantiti (feat. Dj Yo! & AX'EL) - Remix	CKay	27	#84bd00	2021-11-03	Viral 50	is
0J07ya7WC09FaQADutoBRZ	Love Tonight - Robin Schulz Remix	Shouse	28	#84bd00	2021-11-03	Viral 50	is
50nfwKoDiSYg8zOCREWAm5	Shivers	Ed Sheeran	29	#84bd00	2021-11-03	Viral 50	is
2Tgii2a5qkJkoT2heDSt9O	Jelatin	Aga's Gonzales	30	#84bd00	2021-11-03	Viral 50	is
5GxUKIEkMXXZo1Tif0IzfC	Two Moons	BoyWithUke	31	#bd3200	2021-11-03	Viral 50	is
0OVEdO7VucIEjuTgPhGeT2	F.C.K (feat. Aron Can)	Birnir	32	#bd3200	2021-11-03	Viral 50	is
2prnn41CblB8B4yWACDljP	Love Tonight - David Guetta Remix Edit	Shouse	33	#84bd00	2021-11-03	Viral 50	is
3lFrFQcZWPLa8WEG7xoc4b	Я буду ебать	Moreart, IHI	34	#3e3e40	2021-11-03	Viral 50	is
5elofKuRmgZmCVImWT6JtE	see you later (ten years)	Jenna Raine	35	#84bd00	2021-11-03	Viral 50	is
6hlrui656yBRUb3qGkd5lH	Los Pollos Hermanos	Knucks	36	#4687d7	2021-11-03	Viral 50	is
4eL3XeuGaEoVT8ttDh3hwY	too easy	Gunna, Future	37	#84bd00	2021-11-03	Viral 50	is
4raE16QciRGXzmU7KShXs3	Næsta líf	GDRN	38	#4687d7	2021-11-03	Viral 50	is
0zCgWGmDF0aih5qexATyBn	After Dark	Mr.Kitty	39	#84bd00	2021-11-03	Viral 50	is
5MYFw4T2gy52pOGBN4EYHS	Stay Fly	Three 6 Mafia	40	#bd3200	2021-11-03	Viral 50	is
5rW7qTn83sCKtqBoneJs63	edamame (feat. Rich Brian)	bbno$	41	#4687d7	2021-11-03	Viral 50	is
3wA4ronkc8ZcPXUP0fDgYA	Bad Day	Justus Bennetts	42	#bd3200	2021-11-03	Viral 50	is
0e8nrvls4Qqv5Rfa2UhqmO	THATS WHAT I WANT	Lil Nas X	43	#bd3200	2021-11-03	Viral 50	is
15HMh4yxdf4wyxSZSlOgGZ	SAD GIRLZ LUV MONEY Remix (feat. Kali Uchis and Moliy)	Amaarae	44	#4687d7	2021-11-03	Viral 50	is
5Uou8idst1XJc0F6MRAk5S	I Don't Live Here Anymore (feat. Lucius)	The War On Drugs	45	#bd3200	2021-11-03	Viral 50	is
64EA2RKyciBwCuVczLH6Ct	masquerade	siouxxie sixxsta	46	#bd3200	2021-11-03	Viral 50	is
3PnWFK8bDknQuREUXpVQi3	Veiðimaður (feat. THØR & Bjørn)	Ingi Bauer	47	#4687d7	2021-11-03	Viral 50	is
27XMmSWSOXJ7eVb40tH93T	MEMORIES!	347aidan	48	#3e3e40	2021-11-03	Viral 50	is
1is8gU4RVcN4J8xItxWoOY	I GUESS I'M IN LOVE	Clinton Kane	49	#4687d7	2021-11-03	Viral 50	is
0W7brFokN6QtGRNp32RCQP	Alone With You	Arz	50	#4687d7	2021-11-03	Viral 50	is
20on25jryn53hWghthWWW3	Do It To It	ACRAZE, Cherish	1	#3e3e40	2021-11-04	Viral 50	is
6M47gaKejso9772SKTa3yH	Face Off	Tech N9ne, Joey Cool, King Iso, Dwayne Johnson	2	#3e3e40	2021-11-04	Viral 50	is
2gQPv5jvVPqU2a9HhMNO1v	Toxic	BoyWithUke	3	#84bd00	2021-11-04	Viral 50	is
1sUdq3kWa9dJXHu3eYOUll	Spooky, Scary Skeletons - Undead Tombstone Remix	Andrew Gold	4	#bd3200	2021-11-04	Viral 50	is
7jwQlYGpOml9ETGre1HqGA	Somebody's Watching Me	Rockwell	5	#bd3200	2021-11-04	Viral 50	is
7hU3IHwjX150XLoTVmjD0q	MONEY	LISA	6	#84bd00	2021-11-04	Viral 50	is
5reQI13tWWYDLMrGcUF4Mk	Nuestra Canción	Monsieur Periné, Vicente Garcia	7	#bd3200	2021-11-04	Viral 50	is
4a9RlnJ0v1T7HgLtps1HvI	This Is Halloween	Disney Characters	8	#84bd00	2021-11-04	Viral 50	is
7rglLriMNBPAyuJOMGwi39	Cold Heart - PNAU Remix	Elton John, Dua Lipa	9	#84bd00	2021-11-04	Viral 50	is
6f5ExP43esnvdKPddwKXJH	Better Days (NEIKED x Mae Muller x Polo G)	NEIKED	10	#bd3200	2021-11-04	Viral 50	is
2Xr1dTzJee307rmrkt8c0g	love nwantiti (ah ah ah)	CKay	11	#84bd00	2021-11-04	Viral 50	is
4yNoUQkYf1QF8iYlEzNynH	Who Want Smoke?? (feat. G Herbo, Lil Durk & 21 Savage)	Nardo Wick	12	#bd3200	2021-11-04	Viral 50	is
4SqWKzw0CbA05TGszDgMlc	I Love You So	The Walters	13	#84bd00	2021-11-04	Viral 50	is
23V08GxMeaZNSf8Gy6KF6t	Spooky, Scary Skeletons	Andrew Gold	14	#bd3200	2021-11-04	Viral 50	is
3NqBxTOMCJ3zW9CIP51td4	Jugaste y Sufrí	Eslabon Armado, DannyLux	15	#84bd00	2021-11-04	Viral 50	is
3lFrFQcZWPLa8WEG7xoc4b	Я буду ебать	Moreart, IHI	16	#84bd00	2021-11-04	Viral 50	is
3CLSHJv5aUROAN2vfOyCOh	Close Eyes	DVRST	17	#bd3200	2021-11-04	Viral 50	is
2B4GHvToeLTOBB4QLzW3Ni	Pepas	Farruko	18	#84bd00	2021-11-04	Viral 50	is
0xxZY5C9xxij3D1HkzbnfC	Monster Mash	"Bob""Boris"" Pickett, The Crypt-Kickers"	19	#bd3200	2021-11-04	Viral 50	is
3tTpvK7QgjjQCKGnHt5xn3	Peso	A$AP Rocky	20	#84bd00	2021-11-04	Viral 50	is
5GxUKIEkMXXZo1Tif0IzfC	Two Moons	BoyWithUke	21	#84bd00	2021-11-04	Viral 50	is
4gvrJnKCKIPiacNsWVQwEU	love nwantiti (feat. Dj Yo! & AX'EL) - Remix	CKay	22	#84bd00	2021-11-04	Viral 50	is
2vXKRlJBXyOcvZYTdNeckS	Lost in the Fire (feat. The Weeknd)	Gesaffelstein	23	#bd3200	2021-11-04	Viral 50	is
6VQGFOVwopnIyZxszV2mEL	Kviksyndi	Sturla Atlas, Þjóðleikhúsið	24	#bd3200	2021-11-04	Viral 50	is
3oY0qu8PC5gf7DkXP6ANx3	Banana Boat Song	Harry Belafonte	25	#3e3e40	2021-11-04	Viral 50	is
5elofKuRmgZmCVImWT6JtE	see you later (ten years)	Jenna Raine	26	#84bd00	2021-11-04	Viral 50	is
6thXB4RmajS4oZPNiBAKy0	Ghostbusters	Ray Parker Jr.	27	#bd3200	2021-11-04	Viral 50	is
50nfwKoDiSYg8zOCREWAm5	Shivers	Ed Sheeran	28	#84bd00	2021-11-04	Viral 50	is
3uUuGVFu1V7jTQL60S1r8z	Where Are You Now	Lost Frequencies, Calum Scott	29	#bd3200	2021-11-04	Viral 50	is
0J07ya7WC09FaQADutoBRZ	Love Tonight - Robin Schulz Remix	Shouse	30	#bd3200	2021-11-04	Viral 50	is
4eL3XeuGaEoVT8ttDh3hwY	too easy	Gunna, Future	31	#84bd00	2021-11-04	Viral 50	is
02MWAaffLxlfxAUY7c5dvx	Heat Waves	Glass Animals	32	#bd3200	2021-11-04	Viral 50	is
2prnn41CblB8B4yWACDljP	Love Tonight - David Guetta Remix Edit	Shouse	33	#3e3e40	2021-11-04	Viral 50	is
0OVEdO7VucIEjuTgPhGeT2	F.C.K (feat. Aron Can)	Birnir	34	#bd3200	2021-11-04	Viral 50	is
6hlrui656yBRUb3qGkd5lH	Los Pollos Hermanos	Knucks	35	#84bd00	2021-11-04	Viral 50	is
15HMh4yxdf4wyxSZSlOgGZ	SAD GIRLZ LUV MONEY Remix (feat. Kali Uchis and Moliy)	Amaarae	36	#84bd00	2021-11-04	Viral 50	is
5Uou8idst1XJc0F6MRAk5S	I Don't Live Here Anymore (feat. Lucius)	The War On Drugs	37	#84bd00	2021-11-04	Viral 50	is
5rW7qTn83sCKtqBoneJs63	edamame (feat. Rich Brian)	bbno$	38	#84bd00	2021-11-04	Viral 50	is
5YVmHTAsdWnoanWXB7AwZX	Like My Father	Jax	39	#4687d7	2021-11-04	Viral 50	is
18ddJHQ7CUzNBiy55L0Xjj	WFM	RealestK	40	#4687d7	2021-11-04	Viral 50	is
4raE16QciRGXzmU7KShXs3	Næsta líf	GDRN	41	#bd3200	2021-11-04	Viral 50	is
3PnWFK8bDknQuREUXpVQi3	Veiðimaður (feat. THØR & Bjørn)	Ingi Bauer	42	#84bd00	2021-11-04	Viral 50	is
5MYFw4T2gy52pOGBN4EYHS	Stay Fly	Three 6 Mafia	43	#bd3200	2021-11-04	Viral 50	is
3wA4ronkc8ZcPXUP0fDgYA	Bad Day	Justus Bennetts	44	#bd3200	2021-11-04	Viral 50	is
1is8gU4RVcN4J8xItxWoOY	I GUESS I'M IN LOVE	Clinton Kane	45	#84bd00	2021-11-04	Viral 50	is
07MDkzWARZaLEdKxo6yArG	Meet Me At Our Spot	THE ANXIETY, WILLOW, Tyler Cole	46	#bd3200	2021-11-04	Viral 50	is
27XMmSWSOXJ7eVb40tH93T	MEMORIES!	347aidan	47	#84bd00	2021-11-04	Viral 50	is
59nbIJxGb1qkrzbtTomZkL	Boyz (feat. Nicki Minaj)	Jesy Nelson	48	#4687d7	2021-11-04	Viral 50	is
64EA2RKyciBwCuVczLH6Ct	masquerade	siouxxie sixxsta	49	#bd3200	2021-11-04	Viral 50	is
62P3CMQAknHW4iftsBD41Y	Eleanor Rigby	Cody Fry	50	#4687d7	2021-11-04	Viral 50	is
20on25jryn53hWghthWWW3	Do It To It	ACRAZE, Cherish	1	#3e3e40	2021-11-05	Viral 50	is
6M47gaKejso9772SKTa3yH	Face Off	Tech N9ne, Joey Cool, King Iso, Dwayne Johnson	2	#3e3e40	2021-11-05	Viral 50	is
2gQPv5jvVPqU2a9HhMNO1v	Toxic	BoyWithUke	3	#3e3e40	2021-11-05	Viral 50	is
7jwQlYGpOml9ETGre1HqGA	Somebody's Watching Me	Rockwell	4	#84bd00	2021-11-05	Viral 50	is
7hU3IHwjX150XLoTVmjD0q	MONEY	LISA	5	#84bd00	2021-11-05	Viral 50	is
5reQI13tWWYDLMrGcUF4Mk	Nuestra Canción	Monsieur Periné, Vicente Garcia	6	#84bd00	2021-11-05	Viral 50	is
1sUdq3kWa9dJXHu3eYOUll	Spooky, Scary Skeletons - Undead Tombstone Remix	Andrew Gold	7	#bd3200	2021-11-05	Viral 50	is
4a9RlnJ0v1T7HgLtps1HvI	This Is Halloween	Disney Characters	8	#3e3e40	2021-11-05	Viral 50	is
4yNoUQkYf1QF8iYlEzNynH	Who Want Smoke?? (feat. G Herbo, Lil Durk & 21 Savage)	Nardo Wick	9	#84bd00	2021-11-05	Viral 50	is
7rglLriMNBPAyuJOMGwi39	Cold Heart - PNAU Remix	Elton John, Dua Lipa	10	#bd3200	2021-11-05	Viral 50	is
2Xr1dTzJee307rmrkt8c0g	love nwantiti (ah ah ah)	CKay	11	#3e3e40	2021-11-05	Viral 50	is
4SqWKzw0CbA05TGszDgMlc	I Love You So	The Walters	12	#84bd00	2021-11-05	Viral 50	is
3NqBxTOMCJ3zW9CIP51td4	Jugaste y Sufrí	Eslabon Armado, DannyLux	13	#84bd00	2021-11-05	Viral 50	is
3lFrFQcZWPLa8WEG7xoc4b	Я буду ебать	Moreart, IHI	14	#84bd00	2021-11-05	Viral 50	is
6f5ExP43esnvdKPddwKXJH	Better Days (NEIKED x Mae Muller x Polo G)	NEIKED	15	#bd3200	2021-11-05	Viral 50	is
6VQGFOVwopnIyZxszV2mEL	Kviksyndi	Sturla Atlas, Þjóðleikhúsið	16	#84bd00	2021-11-05	Viral 50	is
5GxUKIEkMXXZo1Tif0IzfC	Two Moons	BoyWithUke	17	#84bd00	2021-11-05	Viral 50	is
15HMh4yxdf4wyxSZSlOgGZ	SAD GIRLZ LUV MONEY Remix (feat. Kali Uchis and Moliy)	Amaarae	18	#84bd00	2021-11-05	Viral 50	is
5elofKuRmgZmCVImWT6JtE	see you later (ten years)	Jenna Raine	19	#84bd00	2021-11-05	Viral 50	is
2B4GHvToeLTOBB4QLzW3Ni	Pepas	Farruko	20	#bd3200	2021-11-05	Viral 50	is
4gvrJnKCKIPiacNsWVQwEU	love nwantiti (feat. Dj Yo! & AX'EL) - Remix	CKay	21	#84bd00	2021-11-05	Viral 50	is
3CLSHJv5aUROAN2vfOyCOh	Close Eyes	DVRST	22	#bd3200	2021-11-05	Viral 50	is
18ddJHQ7CUzNBiy55L0Xjj	WFM	RealestK	23	#84bd00	2021-11-05	Viral 50	is
3uUuGVFu1V7jTQL60S1r8z	Where Are You Now	Lost Frequencies, Calum Scott	24	#84bd00	2021-11-05	Viral 50	is
2vXKRlJBXyOcvZYTdNeckS	Lost in the Fire (feat. The Weeknd)	Gesaffelstein	25	#bd3200	2021-11-05	Viral 50	is
4eL3XeuGaEoVT8ttDh3hwY	too easy	Gunna, Future	26	#84bd00	2021-11-05	Viral 50	is
0J07ya7WC09FaQADutoBRZ	Love Tonight - Robin Schulz Remix	Shouse	27	#84bd00	2021-11-05	Viral 50	is
5Uou8idst1XJc0F6MRAk5S	I Don't Live Here Anymore (feat. Lucius)	The War On Drugs	28	#84bd00	2021-11-05	Viral 50	is
6hlrui656yBRUb3qGkd5lH	Los Pollos Hermanos	Knucks	29	#84bd00	2021-11-05	Viral 50	is
64EA2RKyciBwCuVczLH6Ct	masquerade	siouxxie sixxsta	30	#84bd00	2021-11-05	Viral 50	is
5MYFw4T2gy52pOGBN4EYHS	Stay Fly	Three 6 Mafia	31	#84bd00	2021-11-05	Viral 50	is
3oY0qu8PC5gf7DkXP6ANx3	Banana Boat Song	Harry Belafonte	32	#bd3200	2021-11-05	Viral 50	is
02MWAaffLxlfxAUY7c5dvx	Heat Waves	Glass Animals	33	#bd3200	2021-11-05	Viral 50	is
6thXB4RmajS4oZPNiBAKy0	Ghostbusters	Ray Parker Jr.	34	#bd3200	2021-11-05	Viral 50	is
0OVEdO7VucIEjuTgPhGeT2	F.C.K (feat. Aron Can)	Birnir	35	#bd3200	2021-11-05	Viral 50	is
3PnWFK8bDknQuREUXpVQi3	Veiðimaður (feat. THØR & Bjørn)	Ingi Bauer	36	#84bd00	2021-11-05	Viral 50	is
50nfwKoDiSYg8zOCREWAm5	Shivers	Ed Sheeran	37	#bd3200	2021-11-05	Viral 50	is
4raE16QciRGXzmU7KShXs3	Næsta líf	GDRN	38	#84bd00	2021-11-05	Viral 50	is
5rW7qTn83sCKtqBoneJs63	edamame (feat. Rich Brian)	bbno$	39	#bd3200	2021-11-05	Viral 50	is
0xxZY5C9xxij3D1HkzbnfC	Monster Mash	"Bob""Boris"" Pickett, The Crypt-Kickers"	40	#bd3200	2021-11-05	Viral 50	is
1is8gU4RVcN4J8xItxWoOY	I GUESS I'M IN LOVE	Clinton Kane	41	#84bd00	2021-11-05	Viral 50	is
2prnn41CblB8B4yWACDljP	Love Tonight - David Guetta Remix Edit	Shouse	42	#bd3200	2021-11-05	Viral 50	is
5YVmHTAsdWnoanWXB7AwZX	Like My Father	Jax	43	#bd3200	2021-11-05	Viral 50	is
0V5cvmTKsYmF5FmGGEAfmS	Je te laisserai des mots	Patrick Watson	44	#4687d7	2021-11-05	Viral 50	is
7zx1i0jGcFwMBurajgKlO7	Black Magic	Jonasu	45	#4687d7	2021-11-05	Viral 50	is
27XMmSWSOXJ7eVb40tH93T	MEMORIES!	347aidan	46	#84bd00	2021-11-05	Viral 50	is
4Mbnbxtl5rKXHXgqAKT9Yy	Hella Bow - Bella Ciao Remix (Money Heist UK Drill)	Pureojuice, Prod. OnurKN	47	#4687d7	2021-11-05	Viral 50	is
6OufwUcCqo81guU2jAlDVP	Love Tonight - Edit	Shouse	48	#4687d7	2021-11-05	Viral 50	is
2EmFNa3we4yPEnIPHw0rmn	Snáðar	Ingi Bauer	49	#4687d7	2021-11-05	Viral 50	is
4VhvGhj8pdAqFJBuAfUW38	Living Proof	The War On Drugs	50	#4687d7	2021-11-05	Viral 50	is
20on25jryn53hWghthWWW3	Do It To It	ACRAZE, Cherish	1	#3e3e40	2021-11-06	Viral 50	is
6M47gaKejso9772SKTa3yH	Face Off	Tech N9ne, Joey Cool, King Iso, Dwayne Johnson	2	#3e3e40	2021-11-06	Viral 50	is
2gQPv5jvVPqU2a9HhMNO1v	Toxic	BoyWithUke	3	#3e3e40	2021-11-06	Viral 50	is
7jwQlYGpOml9ETGre1HqGA	Somebody's Watching Me	Rockwell	4	#3e3e40	2021-11-06	Viral 50	is
5reQI13tWWYDLMrGcUF4Mk	Nuestra Canción	Monsieur Periné, Vicente Garcia	5	#84bd00	2021-11-06	Viral 50	is
7hU3IHwjX150XLoTVmjD0q	MONEY	LISA	6	#bd3200	2021-11-06	Viral 50	is
6jh16zx3qgGeLA5J3iihS0	Like the Movies	Laufey	7	#4687d7	2021-11-06	Viral 50	is
4yNoUQkYf1QF8iYlEzNynH	Who Want Smoke?? (feat. G Herbo, Lil Durk & 21 Savage)	Nardo Wick	8	#84bd00	2021-11-06	Viral 50	is
7rglLriMNBPAyuJOMGwi39	Cold Heart - PNAU Remix	Elton John, Dua Lipa	9	#84bd00	2021-11-06	Viral 50	is
15HMh4yxdf4wyxSZSlOgGZ	SAD GIRLZ LUV MONEY Remix (feat. Kali Uchis and Moliy)	Amaarae	10	#84bd00	2021-11-06	Viral 50	is
1sUdq3kWa9dJXHu3eYOUll	Spooky, Scary Skeletons - Undead Tombstone Remix	Andrew Gold	11	#bd3200	2021-11-06	Viral 50	is
5Mri5ikJXSAgUp4jW6v2iT	Street by Street	Laufey	12	#4687d7	2021-11-06	Viral 50	is
6VQGFOVwopnIyZxszV2mEL	Kviksyndi	Sturla Atlas, Þjóðleikhúsið	13	#84bd00	2021-11-06	Viral 50	is
2Xr1dTzJee307rmrkt8c0g	love nwantiti (ah ah ah)	CKay	14	#bd3200	2021-11-06	Viral 50	is
4a9RlnJ0v1T7HgLtps1HvI	This Is Halloween	Disney Characters	15	#bd3200	2021-11-06	Viral 50	is
4SqWKzw0CbA05TGszDgMlc	I Love You So	The Walters	16	#bd3200	2021-11-06	Viral 50	is
3NqBxTOMCJ3zW9CIP51td4	Jugaste y Sufrí	Eslabon Armado, DannyLux	17	#bd3200	2021-11-06	Viral 50	is
6f5ExP43esnvdKPddwKXJH	Better Days (NEIKED x Mae Muller x Polo G)	NEIKED	18	#bd3200	2021-11-06	Viral 50	is
18ddJHQ7CUzNBiy55L0Xjj	WFM	RealestK	19	#84bd00	2021-11-06	Viral 50	is
5GxUKIEkMXXZo1Tif0IzfC	Two Moons	BoyWithUke	20	#bd3200	2021-11-06	Viral 50	is
2B4GHvToeLTOBB4QLzW3Ni	Pepas	Farruko	21	#bd3200	2021-11-06	Viral 50	is
3lFrFQcZWPLa8WEG7xoc4b	Я буду ебать	Moreart, IHI	22	#bd3200	2021-11-06	Viral 50	is
5elofKuRmgZmCVImWT6JtE	see you later (ten years)	Jenna Raine	23	#bd3200	2021-11-06	Viral 50	is
64EA2RKyciBwCuVczLH6Ct	masquerade	siouxxie sixxsta	24	#84bd00	2021-11-06	Viral 50	is
4gvrJnKCKIPiacNsWVQwEU	love nwantiti (feat. Dj Yo! & AX'EL) - Remix	CKay	25	#bd3200	2021-11-06	Viral 50	is
2vXKRlJBXyOcvZYTdNeckS	Lost in the Fire (feat. The Weeknd)	Gesaffelstein	26	#bd3200	2021-11-06	Viral 50	is
4eL3XeuGaEoVT8ttDh3hwY	too easy	Gunna, Future	27	#bd3200	2021-11-06	Viral 50	is
0J07ya7WC09FaQADutoBRZ	Love Tonight - Robin Schulz Remix	Shouse	28	#bd3200	2021-11-06	Viral 50	is
5Uou8idst1XJc0F6MRAk5S	I Don't Live Here Anymore (feat. Lucius)	The War On Drugs	29	#bd3200	2021-11-06	Viral 50	is
3uUuGVFu1V7jTQL60S1r8z	Where Are You Now	Lost Frequencies, Calum Scott	30	#bd3200	2021-11-06	Viral 50	is
5YVmHTAsdWnoanWXB7AwZX	Like My Father	Jax	31	#84bd00	2021-11-06	Viral 50	is
02MWAaffLxlfxAUY7c5dvx	Heat Waves	Glass Animals	32	#84bd00	2021-11-06	Viral 50	is
4BeIdwrMlsBlVHgJHs9l6J	Best Friend	Laufey	33	#4687d7	2021-11-06	Viral 50	is
0OVEdO7VucIEjuTgPhGeT2	F.C.K (feat. Aron Can)	Birnir	34	#84bd00	2021-11-06	Viral 50	is
3PnWFK8bDknQuREUXpVQi3	Veiðimaður (feat. THØR & Bjørn)	Ingi Bauer	35	#84bd00	2021-11-06	Viral 50	is
2prnn41CblB8B4yWACDljP	Love Tonight - David Guetta Remix Edit	Shouse	36	#84bd00	2021-11-06	Viral 50	is
5MYFw4T2gy52pOGBN4EYHS	Stay Fly	Three 6 Mafia	37	#bd3200	2021-11-06	Viral 50	is
4raE16QciRGXzmU7KShXs3	Næsta líf	GDRN	38	#3e3e40	2021-11-06	Viral 50	is
5rW7qTn83sCKtqBoneJs63	edamame (feat. Rich Brian)	bbno$	39	#3e3e40	2021-11-06	Viral 50	is
1is8gU4RVcN4J8xItxWoOY	I GUESS I'M IN LOVE	Clinton Kane	40	#84bd00	2021-11-06	Viral 50	is
0V5cvmTKsYmF5FmGGEAfmS	Je te laisserai des mots	Patrick Watson	41	#84bd00	2021-11-06	Viral 50	is
07MDkzWARZaLEdKxo6yArG	Meet Me At Our Spot	THE ANXIETY, WILLOW, Tyler Cole	42	#4687d7	2021-11-06	Viral 50	is
7zx1i0jGcFwMBurajgKlO7	Black Magic	Jonasu	43	#84bd00	2021-11-06	Viral 50	is
6hlrui656yBRUb3qGkd5lH	Los Pollos Hermanos	Knucks	44	#bd3200	2021-11-06	Viral 50	is
4Mbnbxtl5rKXHXgqAKT9Yy	Hella Bow - Bella Ciao Remix (Money Heist UK Drill)	Pureojuice, Prod. OnurKN	45	#84bd00	2021-11-06	Viral 50	is
50nfwKoDiSYg8zOCREWAm5	Shivers	Ed Sheeran	46	#bd3200	2021-11-06	Viral 50	is
6OufwUcCqo81guU2jAlDVP	Love Tonight - Edit	Shouse	47	#84bd00	2021-11-06	Viral 50	is
0e8nrvls4Qqv5Rfa2UhqmO	THATS WHAT I WANT	Lil Nas X	48	#4687d7	2021-11-06	Viral 50	is
6thXB4RmajS4oZPNiBAKy0	Ghostbusters	Ray Parker Jr.	49	#bd3200	2021-11-06	Viral 50	is
4IhTXiZLKATmwhMZIb1GQN	Lights Are On	Tom Rosenthal	50	#4687d7	2021-11-06	Viral 50	is
20on25jryn53hWghthWWW3	Do It To It	ACRAZE, Cherish	1	#3e3e40	2021-11-07	Viral 50	is
6M47gaKejso9772SKTa3yH	Face Off	Tech N9ne, Joey Cool, King Iso, Dwayne Johnson	2	#3e3e40	2021-11-07	Viral 50	is
2gQPv5jvVPqU2a9HhMNO1v	Toxic	BoyWithUke	3	#3e3e40	2021-11-07	Viral 50	is
6jh16zx3qgGeLA5J3iihS0	Like the Movies	Laufey	4	#84bd00	2021-11-07	Viral 50	is
7jwQlYGpOml9ETGre1HqGA	Somebody's Watching Me	Rockwell	5	#bd3200	2021-11-07	Viral 50	is
6f5ExP43esnvdKPddwKXJH	Better Days (NEIKED x Mae Muller x Polo G)	NEIKED	6	#84bd00	2021-11-07	Viral 50	is
7hU3IHwjX150XLoTVmjD0q	MONEY	LISA	7	#bd3200	2021-11-07	Viral 50	is
5reQI13tWWYDLMrGcUF4Mk	Nuestra Canción	Monsieur Periné, Vicente Garcia	8	#bd3200	2021-11-07	Viral 50	is
5Mri5ikJXSAgUp4jW6v2iT	Street by Street	Laufey	9	#84bd00	2021-11-07	Viral 50	is
7rglLriMNBPAyuJOMGwi39	Cold Heart - PNAU Remix	Elton John, Dua Lipa	10	#bd3200	2021-11-07	Viral 50	is
15HMh4yxdf4wyxSZSlOgGZ	SAD GIRLZ LUV MONEY Remix (feat. Kali Uchis and Moliy)	Amaarae	11	#bd3200	2021-11-07	Viral 50	is
4SqWKzw0CbA05TGszDgMlc	I Love You So	The Walters	12	#84bd00	2021-11-07	Viral 50	is
2Xr1dTzJee307rmrkt8c0g	love nwantiti (ah ah ah)	CKay	13	#84bd00	2021-11-07	Viral 50	is
4yNoUQkYf1QF8iYlEzNynH	Who Want Smoke?? (feat. G Herbo, Lil Durk & 21 Savage)	Nardo Wick	14	#bd3200	2021-11-07	Viral 50	is
6VQGFOVwopnIyZxszV2mEL	Kviksyndi	Sturla Atlas, Þjóðleikhúsið	15	#bd3200	2021-11-07	Viral 50	is
5elofKuRmgZmCVImWT6JtE	see you later (ten years)	Jenna Raine	16	#84bd00	2021-11-07	Viral 50	is
18ddJHQ7CUzNBiy55L0Xjj	WFM	RealestK	17	#84bd00	2021-11-07	Viral 50	is
2B4GHvToeLTOBB4QLzW3Ni	Pepas	Farruko	18	#84bd00	2021-11-07	Viral 50	is
3lFrFQcZWPLa8WEG7xoc4b	Я буду ебать	Moreart, IHI	19	#84bd00	2021-11-07	Viral 50	is
3NqBxTOMCJ3zW9CIP51td4	Jugaste y Sufrí	Eslabon Armado, DannyLux	20	#bd3200	2021-11-07	Viral 50	is
5GxUKIEkMXXZo1Tif0IzfC	Two Moons	BoyWithUke	21	#bd3200	2021-11-07	Viral 50	is
64EA2RKyciBwCuVczLH6Ct	masquerade	siouxxie sixxsta	22	#84bd00	2021-11-07	Viral 50	is
2vXKRlJBXyOcvZYTdNeckS	Lost in the Fire (feat. The Weeknd)	Gesaffelstein	23	#84bd00	2021-11-07	Viral 50	is
7pHRZiAT5rk2HnzeFTHOG6	Someone New	Laufey	24	#4687d7	2021-11-07	Viral 50	is
5Uou8idst1XJc0F6MRAk5S	I Don't Live Here Anymore (feat. Lucius)	The War On Drugs	25	#84bd00	2021-11-07	Viral 50	is
4gvrJnKCKIPiacNsWVQwEU	love nwantiti (feat. Dj Yo! & AX'EL) - Remix	CKay	26	#bd3200	2021-11-07	Viral 50	is
4BeIdwrMlsBlVHgJHs9l6J	Best Friend	Laufey	27	#84bd00	2021-11-07	Viral 50	is
3VTNVsTTu05dmTsVFrmGpK	Fairytale of New York (feat. Kirsty MacColl)	The Pogues	28	#4687d7	2021-11-07	Viral 50	is
4eL3XeuGaEoVT8ttDh3hwY	too easy	Gunna, Future	29	#bd3200	2021-11-07	Viral 50	is
0J07ya7WC09FaQADutoBRZ	Love Tonight - Robin Schulz Remix	Shouse	30	#bd3200	2021-11-07	Viral 50	is
3uUuGVFu1V7jTQL60S1r8z	Where Are You Now	Lost Frequencies, Calum Scott	31	#bd3200	2021-11-07	Viral 50	is
1sUdq3kWa9dJXHu3eYOUll	Spooky, Scary Skeletons - Undead Tombstone Remix	Andrew Gold	32	#bd3200	2021-11-07	Viral 50	is
0V5cvmTKsYmF5FmGGEAfmS	Je te laisserai des mots	Patrick Watson	33	#84bd00	2021-11-07	Viral 50	is
02MWAaffLxlfxAUY7c5dvx	Heat Waves	Glass Animals	34	#bd3200	2021-11-07	Viral 50	is
2IAR0DziHCjSu16gR4ihvy	Nothing	Bruno Major	35	#4687d7	2021-11-07	Viral 50	is
5MYFw4T2gy52pOGBN4EYHS	Stay Fly	Three 6 Mafia	36	#84bd00	2021-11-07	Viral 50	is
41H96KDENmbR7d9NzMgojt	Let You Break My Heart Again	Laufey, Philharmonia Orchestra	37	#4687d7	2021-11-07	Viral 50	is
2prnn41CblB8B4yWACDljP	Love Tonight - David Guetta Remix Edit	Shouse	38	#bd3200	2021-11-07	Viral 50	is
0OVEdO7VucIEjuTgPhGeT2	F.C.K (feat. Aron Can)	Birnir	39	#bd3200	2021-11-07	Viral 50	is
6OufwUcCqo81guU2jAlDVP	Love Tonight - Edit	Shouse	40	#84bd00	2021-11-07	Viral 50	is
5YVmHTAsdWnoanWXB7AwZX	Like My Father	Jax	41	#bd3200	2021-11-07	Viral 50	is
3PnWFK8bDknQuREUXpVQi3	Veiðimaður (feat. THØR & Bjørn)	Ingi Bauer	42	#bd3200	2021-11-07	Viral 50	is
4raE16QciRGXzmU7KShXs3	Næsta líf	GDRN	43	#bd3200	2021-11-07	Viral 50	is
07MDkzWARZaLEdKxo6yArG	Meet Me At Our Spot	THE ANXIETY, WILLOW, Tyler Cole	44	#bd3200	2021-11-07	Viral 50	is
6hlrui656yBRUb3qGkd5lH	Los Pollos Hermanos	Knucks	45	#bd3200	2021-11-07	Viral 50	is
4IhTXiZLKATmwhMZIb1GQN	Lights Are On	Tom Rosenthal	46	#84bd00	2021-11-07	Viral 50	is
4Mbnbxtl5rKXHXgqAKT9Yy	Hella Bow - Bella Ciao Remix (Money Heist UK Drill)	Pureojuice, Prod. OnurKN	47	#bd3200	2021-11-07	Viral 50	is
7zx1i0jGcFwMBurajgKlO7	Black Magic	Jonasu	48	#bd3200	2021-11-07	Viral 50	is
5rW7qTn83sCKtqBoneJs63	edamame (feat. Rich Brian)	bbno$	49	#bd3200	2021-11-07	Viral 50	is
1is8gU4RVcN4J8xItxWoOY	I GUESS I'M IN LOVE	Clinton Kane	50	#bd3200	2021-11-07	Viral 50	is
20on25jryn53hWghthWWW3	Do It To It	ACRAZE, Cherish	1	#3e3e40	2021-11-08	Viral 50	is
6M47gaKejso9772SKTa3yH	Face Off	Tech N9ne, Joey Cool, King Iso, Dwayne Johnson	2	#3e3e40	2021-11-08	Viral 50	is
135Lf4Q0CzlMNfOxbEUsLH	GHOST TOWN	Benson Boone	3	#4687d7	2021-11-08	Viral 50	is
2gQPv5jvVPqU2a9HhMNO1v	Toxic	BoyWithUke	4	#bd3200	2021-11-08	Viral 50	is
6jh16zx3qgGeLA5J3iihS0	Like the Movies	Laufey	5	#bd3200	2021-11-08	Viral 50	is
5Mri5ikJXSAgUp4jW6v2iT	Street by Street	Laufey	6	#84bd00	2021-11-08	Viral 50	is
6f5ExP43esnvdKPddwKXJH	Better Days (NEIKED x Mae Muller x Polo G)	NEIKED	7	#bd3200	2021-11-08	Viral 50	is
5reQI13tWWYDLMrGcUF4Mk	Nuestra Canción	Monsieur Periné, Vicente Garcia	8	#3e3e40	2021-11-08	Viral 50	is
287Fa4maOumSHlDoPiGmv9	Vogur	Birnir	9	#4687d7	2021-11-08	Viral 50	is
0gplL1WMoJ6iYaPgMCL0gX	Easy On Me	Adele	10	#4687d7	2021-11-08	Viral 50	is
15HMh4yxdf4wyxSZSlOgGZ	SAD GIRLZ LUV MONEY Remix (feat. Kali Uchis and Moliy)	Amaarae	11	#3e3e40	2021-11-08	Viral 50	is
7rglLriMNBPAyuJOMGwi39	Cold Heart - PNAU Remix	Elton John, Dua Lipa	12	#bd3200	2021-11-08	Viral 50	is
4frx9f5aTwWVRpHKNn7Q8O	Slæmir Ávanar (feat. Krabba Mane)	Birnir	13	#4687d7	2021-11-08	Viral 50	is
7jwQlYGpOml9ETGre1HqGA	Somebody's Watching Me	Rockwell	14	#bd3200	2021-11-08	Viral 50	is
7hU3IHwjX150XLoTVmjD0q	MONEY	LISA	15	#bd3200	2021-11-08	Viral 50	is
3kJ6VV0223AMZZRcnJ6L94	Baugar	Birnir	16	#4687d7	2021-11-08	Viral 50	is
4BeIdwrMlsBlVHgJHs9l6J	Best Friend	Laufey	17	#84bd00	2021-11-08	Viral 50	is
2Xr1dTzJee307rmrkt8c0g	love nwantiti (ah ah ah)	CKay	18	#bd3200	2021-11-08	Viral 50	is
4SqWKzw0CbA05TGszDgMlc	I Love You So	The Walters	19	#bd3200	2021-11-08	Viral 50	is
5elofKuRmgZmCVImWT6JtE	see you later (ten years)	Jenna Raine	20	#bd3200	2021-11-08	Viral 50	is
1DNA2z7Txysjk3cNz2nDLm	WFM	RealestK	21	#bd3200	2021-11-08	Viral 50	is
2IAR0DziHCjSu16gR4ihvy	Nothing	Bruno Major	22	#84bd00	2021-11-08	Viral 50	is
7pHRZiAT5rk2HnzeFTHOG6	Someone New	Laufey	23	#84bd00	2021-11-08	Viral 50	is
6VQGFOVwopnIyZxszV2mEL	Kviksyndi	Sturla Atlas, Þjóðleikhúsið	24	#bd3200	2021-11-08	Viral 50	is
64EA2RKyciBwCuVczLH6Ct	masquerade	siouxxie sixxsta	25	#bd3200	2021-11-08	Viral 50	is
3lFrFQcZWPLa8WEG7xoc4b	Я буду ебать	Moreart, IHI	26	#bd3200	2021-11-08	Viral 50	is
3NqBxTOMCJ3zW9CIP51td4	Jugaste y Sufrí	Eslabon Armado, DannyLux	27	#bd3200	2021-11-08	Viral 50	is
5GxUKIEkMXXZo1Tif0IzfC	Two Moons	BoyWithUke	28	#bd3200	2021-11-08	Viral 50	is
4yNoUQkYf1QF8iYlEzNynH	Who Want Smoke?? (feat. G Herbo, Lil Durk & 21 Savage)	Nardo Wick	29	#bd3200	2021-11-08	Viral 50	is
41H96KDENmbR7d9NzMgojt	Let You Break My Heart Again	Laufey, Philharmonia Orchestra	30	#84bd00	2021-11-08	Viral 50	is
4cGqn0E8JCSY9gQllQj4Mf	Let Somebody Go	Coldplay, Selena Gomez	31	#4687d7	2021-11-08	Viral 50	is
0sMUJJhfaGNqpeQbghflTs	Óviti	Birnir	32	#4687d7	2021-11-08	Viral 50	is
4gvrJnKCKIPiacNsWVQwEU	love nwantiti (feat. Dj Yo! & AX'EL) - Remix	CKay	33	#bd3200	2021-11-08	Viral 50	is
5Uou8idst1XJc0F6MRAk5S	I Don't Live Here Anymore (feat. Lucius)	The War On Drugs	34	#bd3200	2021-11-08	Viral 50	is
2vXKRlJBXyOcvZYTdNeckS	Lost in the Fire (feat. The Weeknd)	Gesaffelstein	35	#bd3200	2021-11-08	Viral 50	is
5ZOFvIykP2xmZbDfNEhPWD	I Wish You Love	Laufey	36	#4687d7	2021-11-08	Viral 50	is
3VTNVsTTu05dmTsVFrmGpK	Fairytale of New York (feat. Kirsty MacColl)	The Pogues	37	#bd3200	2021-11-08	Viral 50	is
5rW7qTn83sCKtqBoneJs63	edamame (feat. Rich Brian)	bbno$	38	#84bd00	2021-11-08	Viral 50	is
2B4GHvToeLTOBB4QLzW3Ni	Pepas	Farruko	39	#bd3200	2021-11-08	Viral 50	is
0V5cvmTKsYmF5FmGGEAfmS	Je te laisserai des mots	Patrick Watson	40	#bd3200	2021-11-08	Viral 50	is
0J07ya7WC09FaQADutoBRZ	Love Tonight - Robin Schulz Remix	Shouse	41	#bd3200	2021-11-08	Viral 50	is
62P3CMQAknHW4iftsBD41Y	Eleanor Rigby	Cody Fry	42	#4687d7	2021-11-08	Viral 50	is
5uAtnvrLOUDcTp9sfpxaQt	Love Flew Away	Laufey, Adam Melchor	43	#4687d7	2021-11-08	Viral 50	is
2prnn41CblB8B4yWACDljP	Love Tonight - David Guetta Remix Edit	Shouse	44	#bd3200	2021-11-08	Viral 50	is
4eL3XeuGaEoVT8ttDh3hwY	too easy	Gunna, Future	45	#bd3200	2021-11-08	Viral 50	is
02MWAaffLxlfxAUY7c5dvx	Heat Waves	Glass Animals	46	#bd3200	2021-11-08	Viral 50	is
4KDNRh9Oor80z3XIxdWlui	Bubbly (with Drake & Travis Scott)	Young Thug	47	#4687d7	2021-11-08	Viral 50	is
3PnWFK8bDknQuREUXpVQi3	Veiðimaður (feat. THØR & Bjørn)	Ingi Bauer	48	#bd3200	2021-11-08	Viral 50	is
4IhTXiZLKATmwhMZIb1GQN	Lights Are On	Tom Rosenthal	49	#bd3200	2021-11-08	Viral 50	is
6OufwUcCqo81guU2jAlDVP	Love Tonight - Edit	Shouse	50	#bd3200	2021-11-08	Viral 50	is
20on25jryn53hWghthWWW3	Do It To It	ACRAZE, Cherish	1	#3e3e40	2021-11-09	Viral 50	is
6M47gaKejso9772SKTa3yH	Face Off	Tech N9ne, Joey Cool, King Iso, Dwayne Johnson	2	#3e3e40	2021-11-09	Viral 50	is
6jh16zx3qgGeLA5J3iihS0	Like the Movies	Laufey	3	#84bd00	2021-11-09	Viral 50	is
5Mri5ikJXSAgUp4jW6v2iT	Street by Street	Laufey	4	#84bd00	2021-11-09	Viral 50	is
135Lf4Q0CzlMNfOxbEUsLH	GHOST TOWN	Benson Boone	5	#bd3200	2021-11-09	Viral 50	is
2gQPv5jvVPqU2a9HhMNO1v	Toxic	BoyWithUke	6	#bd3200	2021-11-09	Viral 50	is
15HMh4yxdf4wyxSZSlOgGZ	SAD GIRLZ LUV MONEY Remix (feat. Kali Uchis and Moliy)	Amaarae	7	#84bd00	2021-11-09	Viral 50	is
5reQI13tWWYDLMrGcUF4Mk	Nuestra Canción	Monsieur Periné, Vicente Garcia	8	#3e3e40	2021-11-09	Viral 50	is
287Fa4maOumSHlDoPiGmv9	Vogur	Birnir	9	#3e3e40	2021-11-09	Viral 50	is
6f5ExP43esnvdKPddwKXJH	Better Days (NEIKED x Mae Muller x Polo G)	NEIKED	10	#bd3200	2021-11-09	Viral 50	is
7rglLriMNBPAyuJOMGwi39	Cold Heart - PNAU Remix	Elton John, Dua Lipa	11	#84bd00	2021-11-09	Viral 50	is
7jwQlYGpOml9ETGre1HqGA	Somebody's Watching Me	Rockwell	12	#84bd00	2021-11-09	Viral 50	is
4BeIdwrMlsBlVHgJHs9l6J	Best Friend	Laufey	13	#84bd00	2021-11-09	Viral 50	is
2IAR0DziHCjSu16gR4ihvy	Nothing	Bruno Major	14	#84bd00	2021-11-09	Viral 50	is
7hU3IHwjX150XLoTVmjD0q	MONEY	LISA	15	#3e3e40	2021-11-09	Viral 50	is
0gplL1WMoJ6iYaPgMCL0gX	Easy On Me	Adele	16	#bd3200	2021-11-09	Viral 50	is
4frx9f5aTwWVRpHKNn7Q8O	Slæmir Ávanar (feat. Krabba Mane)	Birnir	17	#bd3200	2021-11-09	Viral 50	is
3kJ6VV0223AMZZRcnJ6L94	Baugar	Birnir	18	#bd3200	2021-11-09	Viral 50	is
4SqWKzw0CbA05TGszDgMlc	I Love You So	The Walters	19	#3e3e40	2021-11-09	Viral 50	is
7pHRZiAT5rk2HnzeFTHOG6	Someone New	Laufey	20	#84bd00	2021-11-09	Viral 50	is
41H96KDENmbR7d9NzMgojt	Let You Break My Heart Again	Laufey, Philharmonia Orchestra	21	#84bd00	2021-11-09	Viral 50	is
5elofKuRmgZmCVImWT6JtE	see you later (ten years)	Jenna Raine	22	#bd3200	2021-11-09	Viral 50	is
1DNA2z7Txysjk3cNz2nDLm	WFM	RealestK	23	#bd3200	2021-11-09	Viral 50	is
6VQGFOVwopnIyZxszV2mEL	Kviksyndi	Sturla Atlas, Þjóðleikhúsið	24	#3e3e40	2021-11-09	Viral 50	is
4cGqn0E8JCSY9gQllQj4Mf	Let Somebody Go	Coldplay, Selena Gomez	25	#84bd00	2021-11-09	Viral 50	is
3lFrFQcZWPLa8WEG7xoc4b	Я буду ебать	Moreart, IHI	26	#3e3e40	2021-11-09	Viral 50	is
64EA2RKyciBwCuVczLH6Ct	masquerade	siouxxie sixxsta	27	#bd3200	2021-11-09	Viral 50	is
4yNoUQkYf1QF8iYlEzNynH	Who Want Smoke?? (feat. G Herbo, Lil Durk & 21 Savage)	Nardo Wick	28	#84bd00	2021-11-09	Viral 50	is
2Xr1dTzJee307rmrkt8c0g	love nwantiti (ah ah ah)	CKay	29	#bd3200	2021-11-09	Viral 50	is
5ZOFvIykP2xmZbDfNEhPWD	I Wish You Love	Laufey	30	#84bd00	2021-11-09	Viral 50	is
4gvrJnKCKIPiacNsWVQwEU	love nwantiti (feat. Dj Yo! & AX'EL) - Remix	CKay	31	#84bd00	2021-11-09	Viral 50	is
2vXKRlJBXyOcvZYTdNeckS	Lost in the Fire (feat. The Weeknd)	Gesaffelstein	32	#84bd00	2021-11-09	Viral 50	is
5GxUKIEkMXXZo1Tif0IzfC	Two Moons	BoyWithUke	33	#bd3200	2021-11-09	Viral 50	is
3VTNVsTTu05dmTsVFrmGpK	Fairytale of New York (feat. Kirsty MacColl)	The Pogues	34	#84bd00	2021-11-09	Viral 50	is
5uAtnvrLOUDcTp9sfpxaQt	Love Flew Away	Laufey, Adam Melchor	35	#84bd00	2021-11-09	Viral 50	is
3NqBxTOMCJ3zW9CIP51td4	Jugaste y Sufrí	Eslabon Armado, DannyLux	36	#bd3200	2021-11-09	Viral 50	is
5rW7qTn83sCKtqBoneJs63	edamame (feat. Rich Brian)	bbno$	37	#84bd00	2021-11-09	Viral 50	is
5rF6YUIlgiat22OT1lWspJ	Seventeen Going Under	Sam Fender	38	#4687d7	2021-11-09	Viral 50	is
5Uou8idst1XJc0F6MRAk5S	I Don't Live Here Anymore (feat. Lucius)	The War On Drugs	39	#bd3200	2021-11-09	Viral 50	is
0J07ya7WC09FaQADutoBRZ	Love Tonight - Robin Schulz Remix	Shouse	40	#84bd00	2021-11-09	Viral 50	is
2prnn41CblB8B4yWACDljP	Love Tonight - David Guetta Remix Edit	Shouse	41	#84bd00	2021-11-09	Viral 50	is
62P3CMQAknHW4iftsBD41Y	Eleanor Rigby	Cody Fry	42	#3e3e40	2021-11-09	Viral 50	is
07MDkzWARZaLEdKxo6yArG	Meet Me At Our Spot	THE ANXIETY, WILLOW, Tyler Cole	43	#4687d7	2021-11-09	Viral 50	is
0sMUJJhfaGNqpeQbghflTs	Óviti	Birnir	44	#bd3200	2021-11-09	Viral 50	is
4eL3XeuGaEoVT8ttDh3hwY	too easy	Gunna, Future	45	#3e3e40	2021-11-09	Viral 50	is
0OVEdO7VucIEjuTgPhGeT2	F.C.K (feat. Aron Can)	Birnir	46	#4687d7	2021-11-09	Viral 50	is
6OufwUcCqo81guU2jAlDVP	Love Tonight - Edit	Shouse	47	#84bd00	2021-11-09	Viral 50	is
4KDNRh9Oor80z3XIxdWlui	Bubbly (with Drake & Travis Scott)	Young Thug	48	#bd3200	2021-11-09	Viral 50	is
0V5cvmTKsYmF5FmGGEAfmS	Je te laisserai des mots	Patrick Watson	49	#bd3200	2021-11-09	Viral 50	is
3uUuGVFu1V7jTQL60S1r8z	Where Are You Now	Lost Frequencies, Calum Scott	50	#4687d7	2021-11-09	Viral 50	is
20on25jryn53hWghthWWW3	Do It To It	ACRAZE, Cherish	1	#3e3e40	2021-11-10	Viral 50	is
6jh16zx3qgGeLA5J3iihS0	Like the Movies	Laufey	2	#84bd00	2021-11-10	Viral 50	is
6M47gaKejso9772SKTa3yH	Face Off	Tech N9ne, Joey Cool, King Iso, Dwayne Johnson	3	#bd3200	2021-11-10	Viral 50	is
5Mri5ikJXSAgUp4jW6v2iT	Street by Street	Laufey	4	#3e3e40	2021-11-10	Viral 50	is
15HMh4yxdf4wyxSZSlOgGZ	SAD GIRLZ LUV MONEY Remix (feat. Kali Uchis and Moliy)	Amaarae	5	#84bd00	2021-11-10	Viral 50	is
135Lf4Q0CzlMNfOxbEUsLH	GHOST TOWN	Benson Boone	6	#bd3200	2021-11-10	Viral 50	is
2gQPv5jvVPqU2a9HhMNO1v	Toxic	BoyWithUke	7	#bd3200	2021-11-10	Viral 50	is
2IAR0DziHCjSu16gR4ihvy	Nothing	Bruno Major	8	#84bd00	2021-11-10	Viral 50	is
287Fa4maOumSHlDoPiGmv9	Vogur	Birnir	9	#3e3e40	2021-11-10	Viral 50	is
6f5ExP43esnvdKPddwKXJH	Better Days (NEIKED x Mae Muller x Polo G)	NEIKED	10	#3e3e40	2021-11-10	Viral 50	is
5reQI13tWWYDLMrGcUF4Mk	Nuestra Canción	Monsieur Periné, Vicente Garcia	11	#bd3200	2021-11-10	Viral 50	is
4BeIdwrMlsBlVHgJHs9l6J	Best Friend	Laufey	12	#84bd00	2021-11-10	Viral 50	is
4SqWKzw0CbA05TGszDgMlc	I Love You So	The Walters	13	#84bd00	2021-11-10	Viral 50	is
0gplL1WMoJ6iYaPgMCL0gX	Easy On Me	Adele	14	#84bd00	2021-11-10	Viral 50	is
7rglLriMNBPAyuJOMGwi39	Cold Heart - PNAU Remix	Elton John, Dua Lipa	15	#bd3200	2021-11-10	Viral 50	is
4frx9f5aTwWVRpHKNn7Q8O	Slæmir Ávanar (feat. Krabba Mane)	Birnir	16	#84bd00	2021-11-10	Viral 50	is
5rF6YUIlgiat22OT1lWspJ	Seventeen Going Under	Sam Fender	17	#84bd00	2021-11-10	Viral 50	is
7pHRZiAT5rk2HnzeFTHOG6	Someone New	Laufey	18	#84bd00	2021-11-10	Viral 50	is
3kJ6VV0223AMZZRcnJ6L94	Baugar	Birnir	19	#bd3200	2021-11-10	Viral 50	is
41H96KDENmbR7d9NzMgojt	Let You Break My Heart Again	Laufey, Philharmonia Orchestra	20	#84bd00	2021-11-10	Viral 50	is
1DNA2z7Txysjk3cNz2nDLm	WFM	RealestK	21	#84bd00	2021-11-10	Viral 50	is
3lFrFQcZWPLa8WEG7xoc4b	Я буду ебать	Moreart, IHI	22	#84bd00	2021-11-10	Viral 50	is
64EA2RKyciBwCuVczLH6Ct	masquerade	siouxxie sixxsta	23	#84bd00	2021-11-10	Viral 50	is
6VQGFOVwopnIyZxszV2mEL	Kviksyndi	Sturla Atlas, Þjóðleikhúsið	24	#3e3e40	2021-11-10	Viral 50	is
5elofKuRmgZmCVImWT6JtE	see you later (ten years)	Jenna Raine	25	#bd3200	2021-11-10	Viral 50	is
2Xr1dTzJee307rmrkt8c0g	love nwantiti (ah ah ah)	CKay	26	#84bd00	2021-11-10	Viral 50	is
0sMUJJhfaGNqpeQbghflTs	Óviti	Birnir	27	#84bd00	2021-11-10	Viral 50	is
4cGqn0E8JCSY9gQllQj4Mf	Let Somebody Go	Coldplay, Selena Gomez	28	#bd3200	2021-11-10	Viral 50	is
4yNoUQkYf1QF8iYlEzNynH	Who Want Smoke?? (feat. G Herbo, Lil Durk & 21 Savage)	Nardo Wick	29	#bd3200	2021-11-10	Viral 50	is
7jwQlYGpOml9ETGre1HqGA	Somebody's Watching Me	Rockwell	30	#bd3200	2021-11-10	Viral 50	is
5ZOFvIykP2xmZbDfNEhPWD	I Wish You Love	Laufey	31	#bd3200	2021-11-10	Viral 50	is
7hU3IHwjX150XLoTVmjD0q	MONEY	LISA	32	#bd3200	2021-11-10	Viral 50	is
07MDkzWARZaLEdKxo6yArG	Meet Me At Our Spot	THE ANXIETY, WILLOW, Tyler Cole	33	#84bd00	2021-11-10	Viral 50	is
3VTNVsTTu05dmTsVFrmGpK	Fairytale of New York (feat. Kirsty MacColl)	The Pogues	34	#3e3e40	2021-11-10	Viral 50	is
5uAtnvrLOUDcTp9sfpxaQt	Love Flew Away	Laufey, Adam Melchor	35	#3e3e40	2021-11-10	Viral 50	is
5GxUKIEkMXXZo1Tif0IzfC	Two Moons	BoyWithUke	36	#bd3200	2021-11-10	Viral 50	is
4gvrJnKCKIPiacNsWVQwEU	love nwantiti (feat. Dj Yo! & AX'EL) - Remix	CKay	37	#bd3200	2021-11-10	Viral 50	is
2B4GHvToeLTOBB4QLzW3Ni	Pepas	Farruko	38	#4687d7	2021-11-10	Viral 50	is
6OufwUcCqo81guU2jAlDVP	Love Tonight - Edit	Shouse	39	#84bd00	2021-11-10	Viral 50	is
2vXKRlJBXyOcvZYTdNeckS	Lost in the Fire (feat. The Weeknd)	Gesaffelstein	40	#bd3200	2021-11-10	Viral 50	is
0J07ya7WC09FaQADutoBRZ	Love Tonight - Robin Schulz Remix	Shouse	41	#bd3200	2021-11-10	Viral 50	is
62P3CMQAknHW4iftsBD41Y	Eleanor Rigby	Cody Fry	42	#3e3e40	2021-11-10	Viral 50	is
7zx1i0jGcFwMBurajgKlO7	Black Magic	Jonasu	43	#4687d7	2021-11-10	Viral 50	is
0V5cvmTKsYmF5FmGGEAfmS	Je te laisserai des mots	Patrick Watson	44	#84bd00	2021-11-10	Viral 50	is
0eu4C55hL6x29mmeAjytzC	Life Goes On	Oliver Tree	45	#4687d7	2021-11-10	Viral 50	is
0OVEdO7VucIEjuTgPhGeT2	F.C.K (feat. Aron Can)	Birnir	46	#3e3e40	2021-11-10	Viral 50	is
5rW7qTn83sCKtqBoneJs63	edamame (feat. Rich Brian)	bbno$	47	#bd3200	2021-11-10	Viral 50	is
3uUuGVFu1V7jTQL60S1r8z	Where Are You Now	Lost Frequencies, Calum Scott	48	#84bd00	2021-11-10	Viral 50	is
5MYFw4T2gy52pOGBN4EYHS	Stay Fly	Three 6 Mafia	49	#4687d7	2021-11-10	Viral 50	is
3RkoMHO82pcLpCosDR7Gbj	Þegar Þú Blikkar (feat. Björgvin Halldórsson)	Herra Hnetusmjör	50	#4687d7	2021-11-10	Viral 50	is
20on25jryn53hWghthWWW3	Do It To It	ACRAZE, Cherish	1	#3e3e40	2021-11-11	Viral 50	is
6jh16zx3qgGeLA5J3iihS0	Like the Movies	Laufey	2	#3e3e40	2021-11-11	Viral 50	is
15HMh4yxdf4wyxSZSlOgGZ	SAD GIRLZ LUV MONEY Remix (feat. Kali Uchis and Moliy)	Amaarae	3	#84bd00	2021-11-11	Viral 50	is
5Mri5ikJXSAgUp4jW6v2iT	Street by Street	Laufey	4	#3e3e40	2021-11-11	Viral 50	is
135Lf4Q0CzlMNfOxbEUsLH	GHOST TOWN	Benson Boone	5	#84bd00	2021-11-11	Viral 50	is
6M47gaKejso9772SKTa3yH	Face Off	Tech N9ne, Joey Cool, King Iso, Dwayne Johnson	6	#bd3200	2021-11-11	Viral 50	is
2gQPv5jvVPqU2a9HhMNO1v	Toxic	BoyWithUke	7	#3e3e40	2021-11-11	Viral 50	is
2IAR0DziHCjSu16gR4ihvy	Nothing	Bruno Major	8	#3e3e40	2021-11-11	Viral 50	is
5rF6YUIlgiat22OT1lWspJ	Seventeen Going Under	Sam Fender	9	#84bd00	2021-11-11	Viral 50	is
6f5ExP43esnvdKPddwKXJH	Better Days (NEIKED x Mae Muller x Polo G)	NEIKED	10	#3e3e40	2021-11-11	Viral 50	is
4SqWKzw0CbA05TGszDgMlc	I Love You So	The Walters	11	#84bd00	2021-11-11	Viral 50	is
4BeIdwrMlsBlVHgJHs9l6J	Best Friend	Laufey	12	#3e3e40	2021-11-11	Viral 50	is
5reQI13tWWYDLMrGcUF4Mk	Nuestra Canción	Monsieur Periné, Vicente Garcia	13	#bd3200	2021-11-11	Viral 50	is
7rglLriMNBPAyuJOMGwi39	Cold Heart - PNAU Remix	Elton John, Dua Lipa	14	#84bd00	2021-11-11	Viral 50	is
4frx9f5aTwWVRpHKNn7Q8O	Slæmir Ávanar (feat. Krabba Mane)	Birnir	15	#84bd00	2021-11-11	Viral 50	is
287Fa4maOumSHlDoPiGmv9	Vogur	Birnir	16	#bd3200	2021-11-11	Viral 50	is
0gplL1WMoJ6iYaPgMCL0gX	Easy On Me	Adele	17	#bd3200	2021-11-11	Viral 50	is
7pHRZiAT5rk2HnzeFTHOG6	Someone New	Laufey	18	#3e3e40	2021-11-11	Viral 50	is
7jwQlYGpOml9ETGre1HqGA	Somebody's Watching Me	Rockwell	19	#84bd00	2021-11-11	Viral 50	is
41H96KDENmbR7d9NzMgojt	Let You Break My Heart Again	Laufey, Philharmonia Orchestra	20	#3e3e40	2021-11-11	Viral 50	is
3kJ6VV0223AMZZRcnJ6L94	Baugar	Birnir	21	#bd3200	2021-11-11	Viral 50	is
4yNoUQkYf1QF8iYlEzNynH	Who Want Smoke?? (feat. G Herbo, Lil Durk & 21 Savage)	Nardo Wick	22	#84bd00	2021-11-11	Viral 50	is
2Xr1dTzJee307rmrkt8c0g	love nwantiti (ah ah ah)	CKay	23	#84bd00	2021-11-11	Viral 50	is
0RYHqnmtNRfbYxP6Dn8Vse	masquerade	siouxxie sixxsta	24	#bd3200	2021-11-11	Viral 50	is
6VQGFOVwopnIyZxszV2mEL	Kviksyndi	Sturla Atlas, Þjóðleikhúsið	25	#bd3200	2021-11-11	Viral 50	is
5ZOFvIykP2xmZbDfNEhPWD	I Wish You Love	Laufey	26	#84bd00	2021-11-11	Viral 50	is
07MDkzWARZaLEdKxo6yArG	Meet Me At Our Spot	THE ANXIETY, WILLOW, Tyler Cole	27	#84bd00	2021-11-11	Viral 50	is
3lFrFQcZWPLa8WEG7xoc4b	Я буду ебать	Moreart, IHI	28	#bd3200	2021-11-11	Viral 50	is
0sMUJJhfaGNqpeQbghflTs	Óviti	Birnir	29	#bd3200	2021-11-11	Viral 50	is
1DNA2z7Txysjk3cNz2nDLm	WFM	RealestK	30	#bd3200	2021-11-11	Viral 50	is
5uAtnvrLOUDcTp9sfpxaQt	Love Flew Away	Laufey, Adam Melchor	31	#84bd00	2021-11-11	Viral 50	is
3VTNVsTTu05dmTsVFrmGpK	Fairytale of New York (feat. Kirsty MacColl)	The Pogues	32	#84bd00	2021-11-11	Viral 50	is
2B4GHvToeLTOBB4QLzW3Ni	Pepas	Farruko	33	#84bd00	2021-11-11	Viral 50	is
4cGqn0E8JCSY9gQllQj4Mf	Let Somebody Go	Coldplay, Selena Gomez	34	#bd3200	2021-11-11	Viral 50	is
5MYFw4T2gy52pOGBN4EYHS	Stay Fly	Three 6 Mafia	35	#84bd00	2021-11-11	Viral 50	is
4IhTXiZLKATmwhMZIb1GQN	Lights Are On	Tom Rosenthal	36	#4687d7	2021-11-11	Viral 50	is
6OufwUcCqo81guU2jAlDVP	Love Tonight - Edit	Shouse	37	#84bd00	2021-11-11	Viral 50	is
5elofKuRmgZmCVImWT6JtE	see you later (ten years)	Jenna Raine	38	#bd3200	2021-11-11	Viral 50	is
5rW7qTn83sCKtqBoneJs63	edamame (feat. Rich Brian)	bbno$	39	#84bd00	2021-11-11	Viral 50	is
7zx1i0jGcFwMBurajgKlO7	Black Magic	Jonasu	40	#84bd00	2021-11-11	Viral 50	is
0V5cvmTKsYmF5FmGGEAfmS	Je te laisserai des mots	Patrick Watson	41	#84bd00	2021-11-11	Viral 50	is
62P3CMQAknHW4iftsBD41Y	Eleanor Rigby	Cody Fry	42	#3e3e40	2021-11-11	Viral 50	is
0eu4C55hL6x29mmeAjytzC	Life Goes On	Oliver Tree	43	#84bd00	2021-11-11	Viral 50	is
2prnn41CblB8B4yWACDljP	Love Tonight - David Guetta Remix Edit	Shouse	44	#4687d7	2021-11-11	Viral 50	is
3RkoMHO82pcLpCosDR7Gbj	Þegar Þú Blikkar (feat. Björgvin Halldórsson)	Herra Hnetusmjör	45	#84bd00	2021-11-11	Viral 50	is
4gvrJnKCKIPiacNsWVQwEU	love nwantiti (feat. Dj Yo! & AX'EL) - Remix	CKay	46	#bd3200	2021-11-11	Viral 50	is
5LLrxqwqc8Q8cftLi2fJHd	Geimferðalangur (Lifandi)	Frostrósir	47	#4687d7	2021-11-11	Viral 50	is
3CLSHJv5aUROAN2vfOyCOh	Close Eyes	DVRST	48	#4687d7	2021-11-11	Viral 50	is
3uUuGVFu1V7jTQL60S1r8z	Where Are You Now	Lost Frequencies, Calum Scott	49	#bd3200	2021-11-11	Viral 50	is
0J07ya7WC09FaQADutoBRZ	Love Tonight - Robin Schulz Remix	Shouse	50	#bd3200	2021-11-11	Viral 50	is
20on25jryn53hWghthWWW3	Do It To It	ACRAZE, Cherish	1	#3e3e40	2021-11-12	Viral 50	is
15HMh4yxdf4wyxSZSlOgGZ	SAD GIRLZ LUV MONEY Remix (feat. Kali Uchis and Moliy)	Amaarae	2	#84bd00	2021-11-12	Viral 50	is
6jh16zx3qgGeLA5J3iihS0	Like the Movies	Laufey	3	#bd3200	2021-11-12	Viral 50	is
135Lf4Q0CzlMNfOxbEUsLH	GHOST TOWN	Benson Boone	4	#84bd00	2021-11-12	Viral 50	is
5Mri5ikJXSAgUp4jW6v2iT	Street by Street	Laufey	5	#bd3200	2021-11-12	Viral 50	is
6M47gaKejso9772SKTa3yH	Face Off	Tech N9ne, Joey Cool, King Iso, Dwayne Johnson	6	#3e3e40	2021-11-12	Viral 50	is
5rF6YUIlgiat22OT1lWspJ	Seventeen Going Under	Sam Fender	7	#84bd00	2021-11-12	Viral 50	is
2IAR0DziHCjSu16gR4ihvy	Nothing	Bruno Major	8	#3e3e40	2021-11-12	Viral 50	is
6f5ExP43esnvdKPddwKXJH	Better Days (NEIKED x Mae Muller x Polo G)	NEIKED	9	#84bd00	2021-11-12	Viral 50	is
4BeIdwrMlsBlVHgJHs9l6J	Best Friend	Laufey	10	#84bd00	2021-11-12	Viral 50	is
2gQPv5jvVPqU2a9HhMNO1v	Toxic	BoyWithUke	11	#bd3200	2021-11-12	Viral 50	is
0gplL1WMoJ6iYaPgMCL0gX	Easy On Me	Adele	12	#84bd00	2021-11-12	Viral 50	is
4SqWKzw0CbA05TGszDgMlc	I Love You So	The Walters	13	#bd3200	2021-11-12	Viral 50	is
4frx9f5aTwWVRpHKNn7Q8O	Slæmir Ávanar (feat. Krabba Mane)	Birnir	14	#84bd00	2021-11-12	Viral 50	is
7rglLriMNBPAyuJOMGwi39	Cold Heart - PNAU Remix	Elton John, Dua Lipa	15	#bd3200	2021-11-12	Viral 50	is
5reQI13tWWYDLMrGcUF4Mk	Nuestra Canción	Monsieur Periné, Vicente Garcia	16	#bd3200	2021-11-12	Viral 50	is
7pHRZiAT5rk2HnzeFTHOG6	Someone New	Laufey	17	#84bd00	2021-11-12	Viral 50	is
287Fa4maOumSHlDoPiGmv9	Vogur	Birnir	18	#bd3200	2021-11-12	Viral 50	is
41H96KDENmbR7d9NzMgojt	Let You Break My Heart Again	Laufey, Philharmonia Orchestra	19	#84bd00	2021-11-12	Viral 50	is
3VTNVsTTu05dmTsVFrmGpK	Fairytale of New York (feat. Kirsty MacColl)	The Pogues	20	#84bd00	2021-11-12	Viral 50	is
4yNoUQkYf1QF8iYlEzNynH	Who Want Smoke?? (feat. G Herbo, Lil Durk & 21 Savage)	Nardo Wick	21	#84bd00	2021-11-12	Viral 50	is
5ZOFvIykP2xmZbDfNEhPWD	I Wish You Love	Laufey	22	#84bd00	2021-11-12	Viral 50	is
3kJ6VV0223AMZZRcnJ6L94	Baugar	Birnir	23	#bd3200	2021-11-12	Viral 50	is
7jwQlYGpOml9ETGre1HqGA	Somebody's Watching Me	Rockwell	24	#bd3200	2021-11-12	Viral 50	is
07MDkzWARZaLEdKxo6yArG	Meet Me At Our Spot	THE ANXIETY, WILLOW, Tyler Cole	25	#84bd00	2021-11-12	Viral 50	is
5uAtnvrLOUDcTp9sfpxaQt	Love Flew Away	Laufey, Adam Melchor	26	#84bd00	2021-11-12	Viral 50	is
2Xr1dTzJee307rmrkt8c0g	love nwantiti (ah ah ah)	CKay	27	#bd3200	2021-11-12	Viral 50	is
2B4GHvToeLTOBB4QLzW3Ni	Pepas	Farruko	28	#84bd00	2021-11-12	Viral 50	is
0sMUJJhfaGNqpeQbghflTs	Óviti	Birnir	29	#3e3e40	2021-11-12	Viral 50	is
0RYHqnmtNRfbYxP6Dn8Vse	masquerade	siouxxie sixxsta	30	#bd3200	2021-11-12	Viral 50	is
3CLSHJv5aUROAN2vfOyCOh	Close Eyes	DVRST	31	#84bd00	2021-11-12	Viral 50	is
1DNA2z7Txysjk3cNz2nDLm	WFM	RealestK	32	#bd3200	2021-11-12	Viral 50	is
6VQGFOVwopnIyZxszV2mEL	Kviksyndi	Sturla Atlas, Þjóðleikhúsið	33	#bd3200	2021-11-12	Viral 50	is
3lFrFQcZWPLa8WEG7xoc4b	Я буду ебать	Moreart, IHI	34	#bd3200	2021-11-12	Viral 50	is
4IhTXiZLKATmwhMZIb1GQN	Lights Are On	Tom Rosenthal	35	#84bd00	2021-11-12	Viral 50	is
4fouWK6XVHhzl78KzQ1UjL	abcdefu	GAYLE	36	#4687d7	2021-11-12	Viral 50	is
4cGqn0E8JCSY9gQllQj4Mf	Let Somebody Go	Coldplay, Selena Gomez	37	#bd3200	2021-11-12	Viral 50	is
3RkoMHO82pcLpCosDR7Gbj	Þegar Þú Blikkar (feat. Björgvin Halldórsson)	Herra Hnetusmjör	38	#84bd00	2021-11-12	Viral 50	is
5rW7qTn83sCKtqBoneJs63	edamame (feat. Rich Brian)	bbno$	39	#3e3e40	2021-11-12	Viral 50	is
62P3CMQAknHW4iftsBD41Y	Eleanor Rigby	Cody Fry	40	#84bd00	2021-11-12	Viral 50	is
2prnn41CblB8B4yWACDljP	Love Tonight - David Guetta Remix Edit	Shouse	41	#84bd00	2021-11-12	Viral 50	is
02MWAaffLxlfxAUY7c5dvx	Heat Waves	Glass Animals	42	#4687d7	2021-11-12	Viral 50	is
5LLrxqwqc8Q8cftLi2fJHd	Geimferðalangur (Lifandi)	Frostrósir	43	#84bd00	2021-11-12	Viral 50	is
0eu4C55hL6x29mmeAjytzC	Life Goes On	Oliver Tree	44	#bd3200	2021-11-12	Viral 50	is
5MYFw4T2gy52pOGBN4EYHS	Stay Fly	Three 6 Mafia	45	#bd3200	2021-11-12	Viral 50	is
0J07ya7WC09FaQADutoBRZ	Love Tonight - Robin Schulz Remix	Shouse	46	#84bd00	2021-11-12	Viral 50	is
4Tzw9IdZbVyzmpWrvsGaNX	Wildfires	SAULT	47	#4687d7	2021-11-12	Viral 50	is
7q5CeUQEkaikldYrQuct8l	Líttu sérhvert sólarlag	Sigríður Thorlacius, Valdimar Guðmundsson, Bragi Valdimar Skúlason	48	#4687d7	2021-11-12	Viral 50	is
3yQmQSliq7uJhJet0YGmeX	James	Laufey	49	#4687d7	2021-11-12	Viral 50	is
2vXKRlJBXyOcvZYTdNeckS	Lost in the Fire (feat. The Weeknd)	Gesaffelstein	50	#4687d7	2021-11-12	Viral 50	is
20on25jryn53hWghthWWW3	Do It To It	ACRAZE, Cherish	1	#3e3e40	2021-11-13	Viral 50	is
135Lf4Q0CzlMNfOxbEUsLH	GHOST TOWN	Benson Boone	2	#84bd00	2021-11-13	Viral 50	is
15HMh4yxdf4wyxSZSlOgGZ	SAD GIRLZ LUV MONEY Remix (feat. Kali Uchis and Moliy)	Amaarae	3	#bd3200	2021-11-13	Viral 50	is
6M47gaKejso9772SKTa3yH	Face Off	Tech N9ne, Joey Cool, King Iso, Dwayne Johnson	4	#84bd00	2021-11-13	Viral 50	is
5rF6YUIlgiat22OT1lWspJ	Seventeen Going Under	Sam Fender	5	#84bd00	2021-11-13	Viral 50	is
2IAR0DziHCjSu16gR4ihvy	Nothing	Bruno Major	6	#84bd00	2021-11-13	Viral 50	is
5Mri5ikJXSAgUp4jW6v2iT	Street by Street	Laufey	7	#bd3200	2021-11-13	Viral 50	is
2gQPv5jvVPqU2a9HhMNO1v	Toxic	BoyWithUke	8	#84bd00	2021-11-13	Viral 50	is
6jh16zx3qgGeLA5J3iihS0	Like the Movies	Laufey	9	#bd3200	2021-11-13	Viral 50	is
6f5ExP43esnvdKPddwKXJH	Better Days (NEIKED x Mae Muller x Polo G)	NEIKED	10	#bd3200	2021-11-13	Viral 50	is
7rglLriMNBPAyuJOMGwi39	Cold Heart - PNAU Remix	Elton John, Dua Lipa	11	#84bd00	2021-11-13	Viral 50	is
4SqWKzw0CbA05TGszDgMlc	I Love You So	The Walters	12	#84bd00	2021-11-13	Viral 50	is
4BeIdwrMlsBlVHgJHs9l6J	Best Friend	Laufey	13	#bd3200	2021-11-13	Viral 50	is
0gplL1WMoJ6iYaPgMCL0gX	Easy On Me	Adele	14	#bd3200	2021-11-13	Viral 50	is
7jwQlYGpOml9ETGre1HqGA	Somebody's Watching Me	Rockwell	15	#84bd00	2021-11-13	Viral 50	is
4frx9f5aTwWVRpHKNn7Q8O	Slæmir Ávanar (feat. Krabba Mane)	Birnir	16	#bd3200	2021-11-13	Viral 50	is
5reQI13tWWYDLMrGcUF4Mk	Nuestra Canción	Monsieur Periné, Vicente Garcia	17	#bd3200	2021-11-13	Viral 50	is
3VTNVsTTu05dmTsVFrmGpK	Fairytale of New York (feat. Kirsty MacColl)	The Pogues	18	#84bd00	2021-11-13	Viral 50	is
287Fa4maOumSHlDoPiGmv9	Vogur	Birnir	19	#bd3200	2021-11-13	Viral 50	is
4yNoUQkYf1QF8iYlEzNynH	Who Want Smoke?? (feat. G Herbo, Lil Durk & 21 Savage)	Nardo Wick	20	#84bd00	2021-11-13	Viral 50	is
41H96KDENmbR7d9NzMgojt	Let You Break My Heart Again	Laufey, Philharmonia Orchestra	21	#bd3200	2021-11-13	Viral 50	is
2Xr1dTzJee307rmrkt8c0g	love nwantiti (ah ah ah)	CKay	22	#84bd00	2021-11-13	Viral 50	is
3kJ6VV0223AMZZRcnJ6L94	Baugar	Birnir	23	#3e3e40	2021-11-13	Viral 50	is
07MDkzWARZaLEdKxo6yArG	Meet Me At Our Spot	THE ANXIETY, WILLOW, Tyler Cole	24	#84bd00	2021-11-13	Viral 50	is
7pHRZiAT5rk2HnzeFTHOG6	Someone New	Laufey	25	#bd3200	2021-11-13	Viral 50	is
3CLSHJv5aUROAN2vfOyCOh	Close Eyes	DVRST	26	#84bd00	2021-11-13	Viral 50	is
3lFrFQcZWPLa8WEG7xoc4b	Я буду ебать	Moreart, IHI	27	#84bd00	2021-11-13	Viral 50	is
1DNA2z7Txysjk3cNz2nDLm	WFM	RealestK	28	#84bd00	2021-11-13	Viral 50	is
4fouWK6XVHhzl78KzQ1UjL	abcdefu	GAYLE	29	#84bd00	2021-11-13	Viral 50	is
2B4GHvToeLTOBB4QLzW3Ni	Pepas	Farruko	30	#bd3200	2021-11-13	Viral 50	is
3RkoMHO82pcLpCosDR7Gbj	Þegar Þú Blikkar (feat. Björgvin Halldórsson)	Herra Hnetusmjör	31	#84bd00	2021-11-13	Viral 50	is
5uAtnvrLOUDcTp9sfpxaQt	Love Flew Away	Laufey, Adam Melchor	32	#bd3200	2021-11-13	Viral 50	is
02MWAaffLxlfxAUY7c5dvx	Heat Waves	Glass Animals	33	#84bd00	2021-11-13	Viral 50	is
5ZOFvIykP2xmZbDfNEhPWD	I Wish You Love	Laufey	34	#bd3200	2021-11-13	Viral 50	is
0eu4C55hL6x29mmeAjytzC	Life Goes On	Oliver Tree	35	#84bd00	2021-11-13	Viral 50	is
0RYHqnmtNRfbYxP6Dn8Vse	masquerade	siouxxie sixxsta	36	#bd3200	2021-11-13	Viral 50	is
0V5cvmTKsYmF5FmGGEAfmS	Je te laisserai des mots	Patrick Watson	37	#4687d7	2021-11-13	Viral 50	is
5LLrxqwqc8Q8cftLi2fJHd	Geimferðalangur (Lifandi)	Frostrósir	38	#84bd00	2021-11-13	Viral 50	is
62P3CMQAknHW4iftsBD41Y	Eleanor Rigby	Cody Fry	39	#84bd00	2021-11-13	Viral 50	is
2prnn41CblB8B4yWACDljP	Love Tonight - David Guetta Remix Edit	Shouse	40	#84bd00	2021-11-13	Viral 50	is
4cGqn0E8JCSY9gQllQj4Mf	Let Somebody Go	Coldplay, Selena Gomez	41	#bd3200	2021-11-13	Viral 50	is
0sMUJJhfaGNqpeQbghflTs	Óviti	Birnir	42	#bd3200	2021-11-13	Viral 50	is
4gvrJnKCKIPiacNsWVQwEU	love nwantiti (feat. Dj Yo! & AX'EL) - Remix	CKay	43	#4687d7	2021-11-13	Viral 50	is
2NLEm5knDiUFbsnsnOcLT3	Ég á það skilið	Baggalútur	44	#4687d7	2021-11-13	Viral 50	is
5rW7qTn83sCKtqBoneJs63	edamame (feat. Rich Brian)	bbno$	45	#bd3200	2021-11-13	Viral 50	is
4IhTXiZLKATmwhMZIb1GQN	Lights Are On	Tom Rosenthal	46	#bd3200	2021-11-13	Viral 50	is
4Tzw9IdZbVyzmpWrvsGaNX	Wildfires	SAULT	47	#3e3e40	2021-11-13	Viral 50	is
0J07ya7WC09FaQADutoBRZ	Love Tonight - Robin Schulz Remix	Shouse	48	#bd3200	2021-11-13	Viral 50	is
3JsuefPr5NrQa2TcJKhgiv	Running Wild	Vök	49	#4687d7	2021-11-13	Viral 50	is
3NqBxTOMCJ3zW9CIP51td4	Jugaste y Sufrí	Eslabon Armado, DannyLux	50	#4687d7	2021-11-13	Viral 50	is
20on25jryn53hWghthWWW3	Do It To It	ACRAZE, Cherish	1	#3e3e40	2021-11-14	Viral 50	is
135Lf4Q0CzlMNfOxbEUsLH	GHOST TOWN	Benson Boone	2	#3e3e40	2021-11-14	Viral 50	is
15HMh4yxdf4wyxSZSlOgGZ	SAD GIRLZ LUV MONEY Remix (feat. Kali Uchis and Moliy)	Amaarae	3	#3e3e40	2021-11-14	Viral 50	is
6M47gaKejso9772SKTa3yH	Face Off	Tech N9ne, Joey Cool, King Iso, Dwayne Johnson	4	#3e3e40	2021-11-14	Viral 50	is
2IAR0DziHCjSu16gR4ihvy	Nothing	Bruno Major	5	#84bd00	2021-11-14	Viral 50	is
5rF6YUIlgiat22OT1lWspJ	Seventeen Going Under	Sam Fender	6	#bd3200	2021-11-14	Viral 50	is
5Mri5ikJXSAgUp4jW6v2iT	Street by Street	Laufey	7	#3e3e40	2021-11-14	Viral 50	is
2gQPv5jvVPqU2a9HhMNO1v	Toxic	BoyWithUke	8	#3e3e40	2021-11-14	Viral 50	is
0gplL1WMoJ6iYaPgMCL0gX	Easy On Me	Adele	9	#84bd00	2021-11-14	Viral 50	is
7jwQlYGpOml9ETGre1HqGA	Somebody's Watching Me	Rockwell	10	#84bd00	2021-11-14	Viral 50	is
7rglLriMNBPAyuJOMGwi39	Cold Heart - PNAU Remix	Elton John, Dua Lipa	11	#3e3e40	2021-11-14	Viral 50	is
6f5ExP43esnvdKPddwKXJH	Better Days (NEIKED x Mae Muller x Polo G)	NEIKED	12	#bd3200	2021-11-14	Viral 50	is
4frx9f5aTwWVRpHKNn7Q8O	Slæmir Ávanar (feat. Krabba Mane)	Birnir	13	#84bd00	2021-11-14	Viral 50	is
4BeIdwrMlsBlVHgJHs9l6J	Best Friend	Laufey	14	#bd3200	2021-11-14	Viral 50	is
4SqWKzw0CbA05TGszDgMlc	I Love You So	The Walters	15	#bd3200	2021-11-14	Viral 50	is
5reQI13tWWYDLMrGcUF4Mk	Nuestra Canción	Monsieur Periné, Vicente Garcia	16	#84bd00	2021-11-14	Viral 50	is
6jh16zx3qgGeLA5J3iihS0	Like the Movies	Laufey	17	#bd3200	2021-11-14	Viral 50	is
4yNoUQkYf1QF8iYlEzNynH	Who Want Smoke?? (feat. G Herbo, Lil Durk & 21 Savage)	Nardo Wick	18	#84bd00	2021-11-14	Viral 50	is
4fouWK6XVHhzl78KzQ1UjL	abcdefu	GAYLE	19	#84bd00	2021-11-14	Viral 50	is
287Fa4maOumSHlDoPiGmv9	Vogur	Birnir	20	#bd3200	2021-11-14	Viral 50	is
41H96KDENmbR7d9NzMgojt	Let You Break My Heart Again	Laufey, Philharmonia Orchestra	21	#3e3e40	2021-11-14	Viral 50	is
3kJ6VV0223AMZZRcnJ6L94	Baugar	Birnir	22	#84bd00	2021-11-14	Viral 50	is
2Xr1dTzJee307rmrkt8c0g	love nwantiti (ah ah ah)	CKay	23	#bd3200	2021-11-14	Viral 50	is
07MDkzWARZaLEdKxo6yArG	Meet Me At Our Spot	THE ANXIETY, WILLOW, Tyler Cole	24	#3e3e40	2021-11-14	Viral 50	is
3VTNVsTTu05dmTsVFrmGpK	Fairytale of New York (feat. Kirsty MacColl)	The Pogues	25	#bd3200	2021-11-14	Viral 50	is
3lFrFQcZWPLa8WEG7xoc4b	Я буду ебать	Moreart, IHI	26	#84bd00	2021-11-14	Viral 50	is
3CLSHJv5aUROAN2vfOyCOh	Close Eyes	DVRST	27	#bd3200	2021-11-14	Viral 50	is
0RYHqnmtNRfbYxP6Dn8Vse	masquerade	siouxxie sixxsta	28	#84bd00	2021-11-14	Viral 50	is
1DNA2z7Txysjk3cNz2nDLm	WFM	RealestK	29	#bd3200	2021-11-14	Viral 50	is
2B4GHvToeLTOBB4QLzW3Ni	Pepas	Farruko	30	#3e3e40	2021-11-14	Viral 50	is
3RkoMHO82pcLpCosDR7Gbj	Þegar Þú Blikkar (feat. Björgvin Halldórsson)	Herra Hnetusmjör	31	#3e3e40	2021-11-14	Viral 50	is
4IhTXiZLKATmwhMZIb1GQN	Lights Are On	Tom Rosenthal	32	#84bd00	2021-11-14	Viral 50	is
0sMUJJhfaGNqpeQbghflTs	Óviti	Birnir	33	#84bd00	2021-11-14	Viral 50	is
02MWAaffLxlfxAUY7c5dvx	Heat Waves	Glass Animals	34	#bd3200	2021-11-14	Viral 50	is
2prnn41CblB8B4yWACDljP	Love Tonight - David Guetta Remix Edit	Shouse	35	#84bd00	2021-11-14	Viral 50	is
04S1pkp1VaIqjg8zZqknR5	Enchanted	Taylor Swift	36	#4687d7	2021-11-14	Viral 50	is
5LLrxqwqc8Q8cftLi2fJHd	Geimferðalangur (Lifandi)	Frostrósir	37	#84bd00	2021-11-14	Viral 50	is
0V5cvmTKsYmF5FmGGEAfmS	Je te laisserai des mots	Patrick Watson	38	#bd3200	2021-11-14	Viral 50	is
5rW7qTn83sCKtqBoneJs63	edamame (feat. Rich Brian)	bbno$	39	#84bd00	2021-11-14	Viral 50	is
5uAtnvrLOUDcTp9sfpxaQt	Love Flew Away	Laufey, Adam Melchor	40	#bd3200	2021-11-14	Viral 50	is
5ZOFvIykP2xmZbDfNEhPWD	I Wish You Love	Laufey	41	#bd3200	2021-11-14	Viral 50	is
4cGqn0E8JCSY9gQllQj4Mf	Let Somebody Go	Coldplay, Selena Gomez	42	#bd3200	2021-11-14	Viral 50	is
0eu4C55hL6x29mmeAjytzC	Life Goes On	Oliver Tree	43	#bd3200	2021-11-14	Viral 50	is
2NLEm5knDiUFbsnsnOcLT3	Ég á það skilið	Baggalútur	44	#3e3e40	2021-11-14	Viral 50	is
7lOvJBqH38ZY59eLU7bioq	all I want is you	Rebzyyx, hoshie star	45	#4687d7	2021-11-14	Viral 50	is
4cHKd6qPMR1TMx55KHlida	Notion	The Rare Occasions	46	#4687d7	2021-11-14	Viral 50	is
4Tzw9IdZbVyzmpWrvsGaNX	Wildfires	SAULT	47	#3e3e40	2021-11-14	Viral 50	is
0J07ya7WC09FaQADutoBRZ	Love Tonight - Robin Schulz Remix	Shouse	48	#3e3e40	2021-11-14	Viral 50	is
3NqBxTOMCJ3zW9CIP51td4	Jugaste y Sufrí	Eslabon Armado, DannyLux	49	#84bd00	2021-11-14	Viral 50	is
1lAJUXyP5S2dUYHer1xBas	Drunk And Nasty (feat. Sharc)	Pi’erre Bourne	50	#4687d7	2021-11-14	Viral 50	is
20on25jryn53hWghthWWW3	Do It To It	ACRAZE, Cherish	1	#3e3e40	2021-11-15	Viral 50	is
15HMh4yxdf4wyxSZSlOgGZ	SAD GIRLZ LUV MONEY Remix (feat. Kali Uchis and Moliy)	Amaarae	2	#84bd00	2021-11-15	Viral 50	is
135Lf4Q0CzlMNfOxbEUsLH	GHOST TOWN	Benson Boone	3	#bd3200	2021-11-15	Viral 50	is
5rF6YUIlgiat22OT1lWspJ	Seventeen Going Under	Sam Fender	4	#84bd00	2021-11-15	Viral 50	is
2IAR0DziHCjSu16gR4ihvy	Nothing	Bruno Major	5	#3e3e40	2021-11-15	Viral 50	is
6M47gaKejso9772SKTa3yH	Face Off	Tech N9ne, Joey Cool, King Iso, Dwayne Johnson	6	#bd3200	2021-11-15	Viral 50	is
6jHBzdq0by8m9DcQ6lL8VG	Með stjörnunum	Herbert Guðmundsson	7	#4687d7	2021-11-15	Viral 50	is
5cj416SY1N7Tz0PasETwv6	Grillið inn	Hjálmar, Prins Póló	8	#4687d7	2021-11-15	Viral 50	is
2gpWyfu7eZ01zzncHpxOtA	Moth To A Flame (with The Weeknd)	Swedish House Mafia	9	#4687d7	2021-11-15	Viral 50	is
5Mri5ikJXSAgUp4jW6v2iT	Street by Street	Laufey	10	#bd3200	2021-11-15	Viral 50	is
2gQPv5jvVPqU2a9HhMNO1v	Toxic	BoyWithUke	11	#bd3200	2021-11-15	Viral 50	is
4fouWK6XVHhzl78KzQ1UjL	abcdefu	GAYLE	12	#84bd00	2021-11-15	Viral 50	is
0gplL1WMoJ6iYaPgMCL0gX	Easy On Me	Adele	13	#bd3200	2021-11-15	Viral 50	is
6f5ExP43esnvdKPddwKXJH	Better Days (NEIKED x Mae Muller x Polo G)	NEIKED	14	#bd3200	2021-11-15	Viral 50	is
7jwQlYGpOml9ETGre1HqGA	Somebody's Watching Me	Rockwell	15	#bd3200	2021-11-15	Viral 50	is
6rpXQFICPbN0VRSD8VUIni	Haustið (feat. Friðrik Dór)	Karen Ósk	16	#4687d7	2021-11-15	Viral 50	is
7rglLriMNBPAyuJOMGwi39	Cold Heart - PNAU Remix	Elton John, Dua Lipa	17	#bd3200	2021-11-15	Viral 50	is
4SqWKzw0CbA05TGszDgMlc	I Love You So	The Walters	18	#bd3200	2021-11-15	Viral 50	is
5nuLSEsZXc12Ti6MaqygPk	Pure	Móa	19	#4687d7	2021-11-15	Viral 50	is
5reQI13tWWYDLMrGcUF4Mk	Nuestra Canción	Monsieur Periné, Vicente Garcia	20	#bd3200	2021-11-15	Viral 50	is
4BeIdwrMlsBlVHgJHs9l6J	Best Friend	Laufey	21	#bd3200	2021-11-15	Viral 50	is
4IhTXiZLKATmwhMZIb1GQN	Lights Are On	Tom Rosenthal	22	#84bd00	2021-11-15	Viral 50	is
4frx9f5aTwWVRpHKNn7Q8O	Slæmir Ávanar (feat. Krabba Mane)	Birnir	23	#bd3200	2021-11-15	Viral 50	is
3lFrFQcZWPLa8WEG7xoc4b	Я буду ебать	Moreart, IHI	24	#84bd00	2021-11-15	Viral 50	is
1raFLmjee6q0fVJ414hLO3	Augun þín blá	Katrín Halldóra	25	#4687d7	2021-11-15	Viral 50	is
04S1pkp1VaIqjg8zZqknR5	Enchanted	Taylor Swift	26	#84bd00	2021-11-15	Viral 50	is
2Xr1dTzJee307rmrkt8c0g	love nwantiti (ah ah ah)	CKay	27	#bd3200	2021-11-15	Viral 50	is
3RkoMHO82pcLpCosDR7Gbj	Þegar Þú Blikkar (feat. Björgvin Halldórsson)	Herra Hnetusmjör	28	#84bd00	2021-11-15	Viral 50	is
4yNoUQkYf1QF8iYlEzNynH	Who Want Smoke?? (feat. G Herbo, Lil Durk & 21 Savage)	Nardo Wick	29	#bd3200	2021-11-15	Viral 50	is
41H96KDENmbR7d9NzMgojt	Let You Break My Heart Again	Laufey, Philharmonia Orchestra	30	#bd3200	2021-11-15	Viral 50	is
6jh16zx3qgGeLA5J3iihS0	Like the Movies	Laufey	31	#bd3200	2021-11-15	Viral 50	is
3VTNVsTTu05dmTsVFrmGpK	Fairytale of New York (feat. Kirsty MacColl)	The Pogues	32	#bd3200	2021-11-15	Viral 50	is
3CLSHJv5aUROAN2vfOyCOh	Close Eyes	DVRST	33	#bd3200	2021-11-15	Viral 50	is
07MDkzWARZaLEdKxo6yArG	Meet Me At Our Spot	THE ANXIETY, WILLOW, Tyler Cole	34	#bd3200	2021-11-15	Viral 50	is
1DNA2z7Txysjk3cNz2nDLm	WFM	RealestK	35	#bd3200	2021-11-15	Viral 50	is
2B4GHvToeLTOBB4QLzW3Ni	Pepas	Farruko	36	#bd3200	2021-11-15	Viral 50	is
7lOvJBqH38ZY59eLU7bioq	all I want is you	Rebzyyx, hoshie star	37	#84bd00	2021-11-15	Viral 50	is
5LLrxqwqc8Q8cftLi2fJHd	Geimferðalangur (Lifandi)	Frostrósir	38	#bd3200	2021-11-15	Viral 50	is
3NqBxTOMCJ3zW9CIP51td4	Jugaste y Sufrí	Eslabon Armado, DannyLux	39	#84bd00	2021-11-15	Viral 50	is
0RYHqnmtNRfbYxP6Dn8Vse	masquerade	siouxxie sixxsta	40	#bd3200	2021-11-15	Viral 50	is
02MWAaffLxlfxAUY7c5dvx	Heat Waves	Glass Animals	41	#bd3200	2021-11-15	Viral 50	is
1qE8DOtw7zdXHMgZm20eLM	The Feels	TWICE	42	#4687d7	2021-11-15	Viral 50	is
4cHKd6qPMR1TMx55KHlida	Notion	The Rare Occasions	43	#84bd00	2021-11-15	Viral 50	is
2prnn41CblB8B4yWACDljP	Love Tonight - David Guetta Remix Edit	Shouse	44	#bd3200	2021-11-15	Viral 50	is
0OVDWNTM7glr8FlXvQoZAy	Ingileif	Snorri Helgason	45	#4687d7	2021-11-15	Viral 50	is
0W7brFokN6QtGRNp32RCQP	Alone With You	Arz	46	#4687d7	2021-11-15	Viral 50	is
7hU3IHwjX150XLoTVmjD0q	MONEY	LISA	47	#4687d7	2021-11-15	Viral 50	is
0V5cvmTKsYmF5FmGGEAfmS	Je te laisserai des mots	Patrick Watson	48	#bd3200	2021-11-15	Viral 50	is
35mBYyB61qTcGGj7MXIRM1	Cpr	cupcakKe	49	#4687d7	2021-11-15	Viral 50	is
2ihCaVdNZmnHZWt0fvAM7B	Little Talks	Of Monsters and Men	50	#4687d7	2021-11-15	Viral 50	is
20on25jryn53hWghthWWW3	Do It To It	ACRAZE, Cherish	1	#3e3e40	2021-11-16	Viral 50	is
135Lf4Q0CzlMNfOxbEUsLH	GHOST TOWN	Benson Boone	2	#84bd00	2021-11-16	Viral 50	is
15HMh4yxdf4wyxSZSlOgGZ	SAD GIRLZ LUV MONEY Remix (feat. Kali Uchis and Moliy)	Amaarae	3	#bd3200	2021-11-16	Viral 50	is
6M47gaKejso9772SKTa3yH	Face Off	Tech N9ne, Joey Cool, King Iso, Dwayne Johnson	4	#84bd00	2021-11-16	Viral 50	is
5rF6YUIlgiat22OT1lWspJ	Seventeen Going Under	Sam Fender	5	#bd3200	2021-11-16	Viral 50	is
2IAR0DziHCjSu16gR4ihvy	Nothing	Bruno Major	6	#bd3200	2021-11-16	Viral 50	is
4fouWK6XVHhzl78KzQ1UjL	abcdefu	GAYLE	7	#84bd00	2021-11-16	Viral 50	is
5cj416SY1N7Tz0PasETwv6	Grillið inn	Hjálmar, Prins Póló	8	#3e3e40	2021-11-16	Viral 50	is
6jHBzdq0by8m9DcQ6lL8VG	Með stjörnunum	Herbert Guðmundsson	9	#bd3200	2021-11-16	Viral 50	is
2gpWyfu7eZ01zzncHpxOtA	Moth To A Flame (with The Weeknd)	Swedish House Mafia	10	#bd3200	2021-11-16	Viral 50	is
5nuLSEsZXc12Ti6MaqygPk	Pure	Móa	11	#84bd00	2021-11-16	Viral 50	is
2gQPv5jvVPqU2a9HhMNO1v	Toxic	BoyWithUke	12	#bd3200	2021-11-16	Viral 50	is
6rpXQFICPbN0VRSD8VUIni	Haustið (feat. Friðrik Dór)	Karen Ósk	13	#84bd00	2021-11-16	Viral 50	is
0gplL1WMoJ6iYaPgMCL0gX	Easy On Me	Adele	14	#bd3200	2021-11-16	Viral 50	is
5reQI13tWWYDLMrGcUF4Mk	Nuestra Canción	Monsieur Periné, Vicente Garcia	15	#84bd00	2021-11-16	Viral 50	is
6f5ExP43esnvdKPddwKXJH	Better Days (NEIKED x Mae Muller x Polo G)	NEIKED	16	#bd3200	2021-11-16	Viral 50	is
7rglLriMNBPAyuJOMGwi39	Cold Heart - PNAU Remix	Elton John, Dua Lipa	17	#3e3e40	2021-11-16	Viral 50	is
7jwQlYGpOml9ETGre1HqGA	Somebody's Watching Me	Rockwell	18	#bd3200	2021-11-16	Viral 50	is
04S1pkp1VaIqjg8zZqknR5	Enchanted	Taylor Swift	19	#84bd00	2021-11-16	Viral 50	is
5Mri5ikJXSAgUp4jW6v2iT	Street by Street	Laufey	20	#bd3200	2021-11-16	Viral 50	is
4yNoUQkYf1QF8iYlEzNynH	Who Want Smoke?? (feat. G Herbo, Lil Durk & 21 Savage)	Nardo Wick	21	#84bd00	2021-11-16	Viral 50	is
4IhTXiZLKATmwhMZIb1GQN	Lights Are On	Tom Rosenthal	22	#3e3e40	2021-11-16	Viral 50	is
4SqWKzw0CbA05TGszDgMlc	I Love You So	The Walters	23	#bd3200	2021-11-16	Viral 50	is
3RkoMHO82pcLpCosDR7Gbj	Þegar Þú Blikkar (feat. Björgvin Halldórsson)	Herra Hnetusmjör	24	#84bd00	2021-11-16	Viral 50	is
3lFrFQcZWPLa8WEG7xoc4b	Я буду ебать	Moreart, IHI	25	#bd3200	2021-11-16	Viral 50	is
4frx9f5aTwWVRpHKNn7Q8O	Slæmir Ávanar (feat. Krabba Mane)	Birnir	26	#bd3200	2021-11-16	Viral 50	is
4BeIdwrMlsBlVHgJHs9l6J	Best Friend	Laufey	27	#bd3200	2021-11-16	Viral 50	is
3VTNVsTTu05dmTsVFrmGpK	Fairytale of New York (feat. Kirsty MacColl)	The Pogues	28	#84bd00	2021-11-16	Viral 50	is
1DNA2z7Txysjk3cNz2nDLm	WFM	RealestK	29	#84bd00	2021-11-16	Viral 50	is
2Xr1dTzJee307rmrkt8c0g	love nwantiti (ah ah ah)	CKay	30	#bd3200	2021-11-16	Viral 50	is
3CLSHJv5aUROAN2vfOyCOh	Close Eyes	DVRST	31	#84bd00	2021-11-16	Viral 50	is
07MDkzWARZaLEdKxo6yArG	Meet Me At Our Spot	THE ANXIETY, WILLOW, Tyler Cole	32	#84bd00	2021-11-16	Viral 50	is
1raFLmjee6q0fVJ414hLO3	Augun þín blá	Katrín Halldóra	33	#bd3200	2021-11-16	Viral 50	is
4cHKd6qPMR1TMx55KHlida	Notion	The Rare Occasions	34	#84bd00	2021-11-16	Viral 50	is
41H96KDENmbR7d9NzMgojt	Let You Break My Heart Again	Laufey, Philharmonia Orchestra	35	#bd3200	2021-11-16	Viral 50	is
6jh16zx3qgGeLA5J3iihS0	Like the Movies	Laufey	36	#bd3200	2021-11-16	Viral 50	is
7lOvJBqH38ZY59eLU7bioq	all I want is you	Rebzyyx, hoshie star	37	#3e3e40	2021-11-16	Viral 50	is
2B4GHvToeLTOBB4QLzW3Ni	Pepas	Farruko	38	#bd3200	2021-11-16	Viral 50	is
0W7brFokN6QtGRNp32RCQP	Alone With You	Arz	39	#84bd00	2021-11-16	Viral 50	is
3NqBxTOMCJ3zW9CIP51td4	Jugaste y Sufrí	Eslabon Armado, DannyLux	40	#bd3200	2021-11-16	Viral 50	is
0V5cvmTKsYmF5FmGGEAfmS	Je te laisserai des mots	Patrick Watson	41	#84bd00	2021-11-16	Viral 50	is
0RYHqnmtNRfbYxP6Dn8Vse	masquerade	siouxxie sixxsta	42	#bd3200	2021-11-16	Viral 50	is
1EQFOouqdKYdpbNoOHRVO2	abcdefu (angrier)	GAYLE	43	#4687d7	2021-11-16	Viral 50	is
02MWAaffLxlfxAUY7c5dvx	Heat Waves	Glass Animals	44	#bd3200	2021-11-16	Viral 50	is
0OVDWNTM7glr8FlXvQoZAy	Ingileif	Snorri Helgason	45	#3e3e40	2021-11-16	Viral 50	is
339fR20opo270b57TfZ7zq	Öldurótið	Ásgeir	46	#4687d7	2021-11-16	Viral 50	is
35mBYyB61qTcGGj7MXIRM1	Cpr	cupcakKe	47	#84bd00	2021-11-16	Viral 50	is
6kSFqGS9FEHDFAwNpikGhO	Want me!! (OFFICIAL SONG)	Cl4pers	48	#4687d7	2021-11-16	Viral 50	is
2NLEm5knDiUFbsnsnOcLT3	Ég á það skilið	Baggalútur	49	#4687d7	2021-11-16	Viral 50	is
7hU3IHwjX150XLoTVmjD0q	MONEY	LISA	50	#bd3200	2021-11-16	Viral 50	is
20on25jryn53hWghthWWW3	Do It To It	ACRAZE, Cherish	1	#3e3e40	2021-11-17	Viral 50	is
15HMh4yxdf4wyxSZSlOgGZ	SAD GIRLZ LUV MONEY Remix (feat. Kali Uchis and Moliy)	Amaarae	2	#84bd00	2021-11-17	Viral 50	is
135Lf4Q0CzlMNfOxbEUsLH	GHOST TOWN	Benson Boone	3	#bd3200	2021-11-17	Viral 50	is
5rF6YUIlgiat22OT1lWspJ	Seventeen Going Under	Sam Fender	4	#84bd00	2021-11-17	Viral 50	is
6M47gaKejso9772SKTa3yH	Face Off	Tech N9ne, Joey Cool, King Iso, Dwayne Johnson	5	#bd3200	2021-11-17	Viral 50	is
4fouWK6XVHhzl78KzQ1UjL	abcdefu	GAYLE	6	#84bd00	2021-11-17	Viral 50	is
2IAR0DziHCjSu16gR4ihvy	Nothing	Bruno Major	7	#bd3200	2021-11-17	Viral 50	is
5cj416SY1N7Tz0PasETwv6	Grillið inn	Hjálmar, Prins Póló	8	#3e3e40	2021-11-17	Viral 50	is
6jHBzdq0by8m9DcQ6lL8VG	Með stjörnunum	Herbert Guðmundsson	9	#3e3e40	2021-11-17	Viral 50	is
2gpWyfu7eZ01zzncHpxOtA	Moth To A Flame (with The Weeknd)	Swedish House Mafia	10	#3e3e40	2021-11-17	Viral 50	is
7rglLriMNBPAyuJOMGwi39	Cold Heart - PNAU Remix	Elton John, Dua Lipa	11	#84bd00	2021-11-17	Viral 50	is
5nuLSEsZXc12Ti6MaqygPk	Pure	Móa	12	#bd3200	2021-11-17	Viral 50	is
5reQI13tWWYDLMrGcUF4Mk	Nuestra Canción	Monsieur Periné, Vicente Garcia	13	#84bd00	2021-11-17	Viral 50	is
2gQPv5jvVPqU2a9HhMNO1v	Toxic	BoyWithUke	14	#bd3200	2021-11-17	Viral 50	is
6rpXQFICPbN0VRSD8VUIni	Haustið (feat. Friðrik Dór)	Karen Ósk	15	#bd3200	2021-11-17	Viral 50	is
0gplL1WMoJ6iYaPgMCL0gX	Easy On Me	Adele	16	#bd3200	2021-11-17	Viral 50	is
6f5ExP43esnvdKPddwKXJH	Better Days (NEIKED x Mae Muller x Polo G)	NEIKED	17	#bd3200	2021-11-17	Viral 50	is
7jwQlYGpOml9ETGre1HqGA	Somebody's Watching Me	Rockwell	18	#3e3e40	2021-11-17	Viral 50	is
3VTNVsTTu05dmTsVFrmGpK	Fairytale of New York (feat. Kirsty MacColl)	The Pogues	19	#84bd00	2021-11-17	Viral 50	is
04S1pkp1VaIqjg8zZqknR5	Enchanted	Taylor Swift	20	#bd3200	2021-11-17	Viral 50	is
3lFrFQcZWPLa8WEG7xoc4b	Я буду ебать	Moreart, IHI	21	#84bd00	2021-11-17	Viral 50	is
4IhTXiZLKATmwhMZIb1GQN	Lights Are On	Tom Rosenthal	22	#3e3e40	2021-11-17	Viral 50	is
3RkoMHO82pcLpCosDR7Gbj	Þegar Þú Blikkar (feat. Björgvin Halldórsson)	Herra Hnetusmjör	23	#84bd00	2021-11-17	Viral 50	is
4yNoUQkYf1QF8iYlEzNynH	Who Want Smoke?? (feat. G Herbo, Lil Durk & 21 Savage)	Nardo Wick	24	#bd3200	2021-11-17	Viral 50	is
5Mri5ikJXSAgUp4jW6v2iT	Street by Street	Laufey	25	#bd3200	2021-11-17	Viral 50	is
4cHKd6qPMR1TMx55KHlida	Notion	The Rare Occasions	26	#84bd00	2021-11-17	Viral 50	is
4frx9f5aTwWVRpHKNn7Q8O	Slæmir Ávanar (feat. Krabba Mane)	Birnir	27	#bd3200	2021-11-17	Viral 50	is
1DNA2z7Txysjk3cNz2nDLm	WFM	RealestK	28	#84bd00	2021-11-17	Viral 50	is
4SqWKzw0CbA05TGszDgMlc	I Love You So	The Walters	29	#bd3200	2021-11-17	Viral 50	is
2Xr1dTzJee307rmrkt8c0g	love nwantiti (ah ah ah)	CKay	30	#3e3e40	2021-11-17	Viral 50	is
1raFLmjee6q0fVJ414hLO3	Augun þín blá	Katrín Halldóra	31	#84bd00	2021-11-17	Viral 50	is
4BeIdwrMlsBlVHgJHs9l6J	Best Friend	Laufey	32	#bd3200	2021-11-17	Viral 50	is
41H96KDENmbR7d9NzMgojt	Let You Break My Heart Again	Laufey, Philharmonia Orchestra	33	#84bd00	2021-11-17	Viral 50	is
35mBYyB61qTcGGj7MXIRM1	Cpr	cupcakKe	34	#84bd00	2021-11-17	Viral 50	is
6kSFqGS9FEHDFAwNpikGhO	Want me!! (OFFICIAL SONG)	Cl4pers	35	#84bd00	2021-11-17	Viral 50	is
1EQFOouqdKYdpbNoOHRVO2	abcdefu (angrier)	GAYLE	36	#84bd00	2021-11-17	Viral 50	is
07MDkzWARZaLEdKxo6yArG	Meet Me At Our Spot	THE ANXIETY, WILLOW, Tyler Cole	37	#bd3200	2021-11-17	Viral 50	is
7lOvJBqH38ZY59eLU7bioq	all I want is you	Rebzyyx, hoshie star	38	#bd3200	2021-11-17	Viral 50	is
0W7brFokN6QtGRNp32RCQP	Alone With You	Arz	39	#3e3e40	2021-11-17	Viral 50	is
6jh16zx3qgGeLA5J3iihS0	Like the Movies	Laufey	40	#bd3200	2021-11-17	Viral 50	is
3NqBxTOMCJ3zW9CIP51td4	Jugaste y Sufrí	Eslabon Armado, DannyLux	41	#bd3200	2021-11-17	Viral 50	is
0RYHqnmtNRfbYxP6Dn8Vse	masquerade	siouxxie sixxsta	42	#3e3e40	2021-11-17	Viral 50	is
5Uou8idst1XJc0F6MRAk5S	I Don't Live Here Anymore (feat. Lucius)	The War On Drugs	43	#4687d7	2021-11-17	Viral 50	is
3CLSHJv5aUROAN2vfOyCOh	Close Eyes	DVRST	44	#bd3200	2021-11-17	Viral 50	is
2B4GHvToeLTOBB4QLzW3Ni	Pepas	Farruko	45	#bd3200	2021-11-17	Viral 50	is
2NLEm5knDiUFbsnsnOcLT3	Ég á það skilið	Baggalútur	46	#84bd00	2021-11-17	Viral 50	is
339fR20opo270b57TfZ7zq	Öldurótið	Ásgeir	47	#bd3200	2021-11-17	Viral 50	is
5gmkw2031VVIboYqPIjSWB	1 Scale (feat. G Herbo)	Young Dolph	48	#4687d7	2021-11-17	Viral 50	is
0OVDWNTM7glr8FlXvQoZAy	Ingileif	Snorri Helgason	49	#bd3200	2021-11-17	Viral 50	is
287Fa4maOumSHlDoPiGmv9	Vogur	Birnir	50	#4687d7	2021-11-17	Viral 50	is
20on25jryn53hWghthWWW3	Do It To It	ACRAZE, Cherish	1	#3e3e40	2021-11-18	Viral 50	is
4fouWK6XVHhzl78KzQ1UjL	abcdefu	GAYLE	2	#84bd00	2021-11-18	Viral 50	is
09gysnJpfQ3ublBmJDfcEC	SAD GIRLZ LUV MONEY Remix (feat. Kali Uchis and Moliy)	Amaarae	3	#bd3200	2021-11-18	Viral 50	is
5rF6YUIlgiat22OT1lWspJ	Seventeen Going Under	Sam Fender	4	#3e3e40	2021-11-18	Viral 50	is
2IAR0DziHCjSu16gR4ihvy	Nothing	Bruno Major	5	#84bd00	2021-11-18	Viral 50	is
6M47gaKejso9772SKTa3yH	Face Off	Tech N9ne, Joey Cool, King Iso, Dwayne Johnson	6	#bd3200	2021-11-18	Viral 50	is
135Lf4Q0CzlMNfOxbEUsLH	GHOST TOWN	Benson Boone	7	#bd3200	2021-11-18	Viral 50	is
5cj416SY1N7Tz0PasETwv6	Grillið inn	Hjálmar, Prins Póló	8	#3e3e40	2021-11-18	Viral 50	is
2gpWyfu7eZ01zzncHpxOtA	Moth To A Flame (with The Weeknd)	Swedish House Mafia	9	#84bd00	2021-11-18	Viral 50	is
6jHBzdq0by8m9DcQ6lL8VG	Með stjörnunum	Herbert Guðmundsson	10	#bd3200	2021-11-18	Viral 50	is
3VTNVsTTu05dmTsVFrmGpK	Fairytale of New York (feat. Kirsty MacColl)	The Pogues	11	#84bd00	2021-11-18	Viral 50	is
5nuLSEsZXc12Ti6MaqygPk	Pure	Móa	12	#3e3e40	2021-11-18	Viral 50	is
7rglLriMNBPAyuJOMGwi39	Cold Heart - PNAU Remix	Elton John, Dua Lipa	13	#bd3200	2021-11-18	Viral 50	is
2gQPv5jvVPqU2a9HhMNO1v	Toxic	BoyWithUke	14	#3e3e40	2021-11-18	Viral 50	is
5reQI13tWWYDLMrGcUF4Mk	Nuestra Canción	Monsieur Periné, Vicente Garcia	15	#bd3200	2021-11-18	Viral 50	is
0gplL1WMoJ6iYaPgMCL0gX	Easy On Me	Adele	16	#3e3e40	2021-11-18	Viral 50	is
6f5ExP43esnvdKPddwKXJH	Better Days (NEIKED x Mae Muller x Polo G)	NEIKED	17	#3e3e40	2021-11-18	Viral 50	is
4cHKd6qPMR1TMx55KHlida	Notion	The Rare Occasions	18	#84bd00	2021-11-18	Viral 50	is
04S1pkp1VaIqjg8zZqknR5	Enchanted	Taylor Swift	19	#84bd00	2021-11-18	Viral 50	is
3RkoMHO82pcLpCosDR7Gbj	Þegar Þú Blikkar (feat. Björgvin Halldórsson)	Herra Hnetusmjör	20	#84bd00	2021-11-18	Viral 50	is
1EQFOouqdKYdpbNoOHRVO2	abcdefu (angrier)	GAYLE	21	#84bd00	2021-11-18	Viral 50	is
6rpXQFICPbN0VRSD8VUIni	Haustið (feat. Friðrik Dór)	Karen Ósk	22	#bd3200	2021-11-18	Viral 50	is
5gmkw2031VVIboYqPIjSWB	1 Scale (feat. G Herbo)	Young Dolph	23	#84bd00	2021-11-18	Viral 50	is
7jwQlYGpOml9ETGre1HqGA	Somebody's Watching Me	Rockwell	24	#bd3200	2021-11-18	Viral 50	is
3lFrFQcZWPLa8WEG7xoc4b	Я буду ебать	Moreart, IHI	25	#bd3200	2021-11-18	Viral 50	is
4IhTXiZLKATmwhMZIb1GQN	Lights Are On	Tom Rosenthal	26	#bd3200	2021-11-18	Viral 50	is
3Yt2ph8Ko0JBANpdawzSF2	Major (feat. Key Glock)	Young Dolph	27	#4687d7	2021-11-18	Viral 50	is
1DNA2z7Txysjk3cNz2nDLm	WFM	RealestK	28	#3e3e40	2021-11-18	Viral 50	is
4frx9f5aTwWVRpHKNn7Q8O	Slæmir Ávanar (feat. Krabba Mane)	Birnir	29	#bd3200	2021-11-18	Viral 50	is
2Xr1dTzJee307rmrkt8c0g	love nwantiti (ah ah ah)	CKay	30	#3e3e40	2021-11-18	Viral 50	is
4yNoUQkYf1QF8iYlEzNynH	Who Want Smoke?? (feat. G Herbo, Lil Durk & 21 Savage)	Nardo Wick	31	#bd3200	2021-11-18	Viral 50	is
41H96KDENmbR7d9NzMgojt	Let You Break My Heart Again	Laufey, Philharmonia Orchestra	32	#84bd00	2021-11-18	Viral 50	is
35mBYyB61qTcGGj7MXIRM1	Cpr	cupcakKe	33	#84bd00	2021-11-18	Viral 50	is
3TXy6nchgKeYlVwOKNk9lE	100 Shots	Young Dolph	34	#4687d7	2021-11-18	Viral 50	is
5Mri5ikJXSAgUp4jW6v2iT	Street by Street	Laufey	35	#bd3200	2021-11-18	Viral 50	is
4BeIdwrMlsBlVHgJHs9l6J	Best Friend	Laufey	36	#bd3200	2021-11-18	Viral 50	is
1raFLmjee6q0fVJ414hLO3	Augun þín blá	Katrín Halldóra	37	#bd3200	2021-11-18	Viral 50	is
3kJ6VV0223AMZZRcnJ6L94	Baugar	Birnir	38	#4687d7	2021-11-18	Viral 50	is
6kSFqGS9FEHDFAwNpikGhO	Want me!! (OFFICIAL SONG)	Cl4pers	39	#bd3200	2021-11-18	Viral 50	is
339fR20opo270b57TfZ7zq	Öldurótið	Ásgeir	40	#84bd00	2021-11-18	Viral 50	is
287Fa4maOumSHlDoPiGmv9	Vogur	Birnir	41	#84bd00	2021-11-18	Viral 50	is
0W7brFokN6QtGRNp32RCQP	Alone With You	Arz	42	#bd3200	2021-11-18	Viral 50	is
4SqWKzw0CbA05TGszDgMlc	I Love You So	The Walters	43	#bd3200	2021-11-18	Viral 50	is
3NqBxTOMCJ3zW9CIP51td4	Jugaste y Sufrí	Eslabon Armado, DannyLux	44	#bd3200	2021-11-18	Viral 50	is
0RYHqnmtNRfbYxP6Dn8Vse	masquerade	siouxxie sixxsta	45	#bd3200	2021-11-18	Viral 50	is
7lOvJBqH38ZY59eLU7bioq	all I want is you	Rebzyyx, hoshie star	46	#bd3200	2021-11-18	Viral 50	is
5Uou8idst1XJc0F6MRAk5S	I Don't Live Here Anymore (feat. Lucius)	The War On Drugs	47	#bd3200	2021-11-18	Viral 50	is
07MDkzWARZaLEdKxo6yArG	Meet Me At Our Spot	THE ANXIETY, WILLOW, Tyler Cole	48	#bd3200	2021-11-18	Viral 50	is
3CLSHJv5aUROAN2vfOyCOh	Close Eyes	DVRST	49	#bd3200	2021-11-18	Viral 50	is
2B4GHvToeLTOBB4QLzW3Ni	Pepas	Farruko	50	#bd3200	2021-11-18	Viral 50	is
20on25jryn53hWghthWWW3	Do It To It	ACRAZE, Cherish	1	#3e3e40	2021-11-19	Viral 50	is
4fouWK6XVHhzl78KzQ1UjL	abcdefu	GAYLE	2	#3e3e40	2021-11-19	Viral 50	is
6M47gaKejso9772SKTa3yH	Face Off	Tech N9ne, Joey Cool, King Iso, Dwayne Johnson	3	#84bd00	2021-11-19	Viral 50	is
2IAR0DziHCjSu16gR4ihvy	Nothing	Bruno Major	4	#84bd00	2021-11-19	Viral 50	is
09gysnJpfQ3ublBmJDfcEC	SAD GIRLZ LUV MONEY Remix (feat. Kali Uchis and Moliy)	Amaarae	5	#bd3200	2021-11-19	Viral 50	is
5rF6YUIlgiat22OT1lWspJ	Seventeen Going Under	Sam Fender	6	#bd3200	2021-11-19	Viral 50	is
2gpWyfu7eZ01zzncHpxOtA	Moth To A Flame (with The Weeknd)	Swedish House Mafia	7	#84bd00	2021-11-19	Viral 50	is
135Lf4Q0CzlMNfOxbEUsLH	GHOST TOWN	Benson Boone	8	#bd3200	2021-11-19	Viral 50	is
5cj416SY1N7Tz0PasETwv6	Grillið inn	Hjálmar, Prins Póló	9	#bd3200	2021-11-19	Viral 50	is
46IZ0fSY2mpAiktS3KOqds	Easy On Me	Adele	10	#84bd00	2021-11-19	Viral 50	is
6jHBzdq0by8m9DcQ6lL8VG	Með stjörnunum	Herbert Guðmundsson	11	#bd3200	2021-11-19	Viral 50	is
5nuLSEsZXc12Ti6MaqygPk	Pure	Móa	12	#3e3e40	2021-11-19	Viral 50	is
4cHKd6qPMR1TMx55KHlida	Notion	The Rare Occasions	13	#84bd00	2021-11-19	Viral 50	is
7rglLriMNBPAyuJOMGwi39	Cold Heart - PNAU Remix	Elton John, Dua Lipa	14	#bd3200	2021-11-19	Viral 50	is
5reQI13tWWYDLMrGcUF4Mk	Nuestra Canción	Monsieur Periné, Vicente Garcia	15	#3e3e40	2021-11-19	Viral 50	is
3RkoMHO82pcLpCosDR7Gbj	Þegar Þú Blikkar (feat. Björgvin Halldórsson)	Herra Hnetusmjör	16	#84bd00	2021-11-19	Viral 50	is
6f5ExP43esnvdKPddwKXJH	Better Days (NEIKED x Mae Muller x Polo G)	NEIKED	17	#3e3e40	2021-11-19	Viral 50	is
1EQFOouqdKYdpbNoOHRVO2	abcdefu (angrier)	GAYLE	18	#84bd00	2021-11-19	Viral 50	is
04S1pkp1VaIqjg8zZqknR5	Enchanted	Taylor Swift	19	#3e3e40	2021-11-19	Viral 50	is
3VTNVsTTu05dmTsVFrmGpK	Fairytale of New York (feat. Kirsty MacColl)	The Pogues	20	#bd3200	2021-11-19	Viral 50	is
5gmkw2031VVIboYqPIjSWB	1 Scale (feat. G Herbo)	Young Dolph	21	#84bd00	2021-11-19	Viral 50	is
3Yt2ph8Ko0JBANpdawzSF2	Major (feat. Key Glock)	Young Dolph	22	#84bd00	2021-11-19	Viral 50	is
6rpXQFICPbN0VRSD8VUIni	Haustið (feat. Friðrik Dór)	Karen Ósk	23	#bd3200	2021-11-19	Viral 50	is
2gQPv5jvVPqU2a9HhMNO1v	Toxic	BoyWithUke	24	#bd3200	2021-11-19	Viral 50	is
4IhTXiZLKATmwhMZIb1GQN	Lights Are On	Tom Rosenthal	25	#84bd00	2021-11-19	Viral 50	is
7jwQlYGpOml9ETGre1HqGA	Somebody's Watching Me	Rockwell	26	#bd3200	2021-11-19	Viral 50	is
3lFrFQcZWPLa8WEG7xoc4b	Я буду ебать	Moreart, IHI	27	#bd3200	2021-11-19	Viral 50	is
3TXy6nchgKeYlVwOKNk9lE	100 Shots	Young Dolph	28	#84bd00	2021-11-19	Viral 50	is
4frx9f5aTwWVRpHKNn7Q8O	Slæmir Ávanar (feat. Krabba Mane)	Birnir	29	#3e3e40	2021-11-19	Viral 50	is
3kJ6VV0223AMZZRcnJ6L94	Baugar	Birnir	30	#84bd00	2021-11-19	Viral 50	is
35mBYyB61qTcGGj7MXIRM1	Cpr	cupcakKe	31	#84bd00	2021-11-19	Viral 50	is
0RYHqnmtNRfbYxP6Dn8Vse	masquerade	siouxxie sixxsta	32	#84bd00	2021-11-19	Viral 50	is
2Xr1dTzJee307rmrkt8c0g	love nwantiti (ah ah ah)	CKay	33	#bd3200	2021-11-19	Viral 50	is
287Fa4maOumSHlDoPiGmv9	Vogur	Birnir	34	#84bd00	2021-11-19	Viral 50	is
6kSFqGS9FEHDFAwNpikGhO	Want me!! (OFFICIAL SONG)	Cl4pers	35	#84bd00	2021-11-19	Viral 50	is
41H96KDENmbR7d9NzMgojt	Let You Break My Heart Again	Laufey, Philharmonia Orchestra	36	#bd3200	2021-11-19	Viral 50	is
5QbzvnhnS0CZMHjFGIwfHd	On the River (feat. Wiz Khalifa)	Young Dolph	37	#4687d7	2021-11-19	Viral 50	is
339fR20opo270b57TfZ7zq	Öldurótið	Ásgeir	38	#84bd00	2021-11-19	Viral 50	is
1raFLmjee6q0fVJ414hLO3	Augun þín blá	Katrín Halldóra	39	#bd3200	2021-11-19	Viral 50	is
4yNoUQkYf1QF8iYlEzNynH	Who Want Smoke?? (feat. G Herbo, Lil Durk & 21 Savage)	Nardo Wick	40	#bd3200	2021-11-19	Viral 50	is
2B4GHvToeLTOBB4QLzW3Ni	Pepas	Farruko	41	#84bd00	2021-11-19	Viral 50	is
0OVDWNTM7glr8FlXvQoZAy	Ingileif	Snorri Helgason	42	#4687d7	2021-11-19	Viral 50	is
4SqWKzw0CbA05TGszDgMlc	I Love You So	The Walters	43	#3e3e40	2021-11-19	Viral 50	is
3NqBxTOMCJ3zW9CIP51td4	Jugaste y Sufrí	Eslabon Armado, DannyLux	44	#3e3e40	2021-11-19	Viral 50	is
1DNA2z7Txysjk3cNz2nDLm	WFM	RealestK	45	#bd3200	2021-11-19	Viral 50	is
3CLSHJv5aUROAN2vfOyCOh	Close Eyes	DVRST	46	#84bd00	2021-11-19	Viral 50	is
3uUuGVFu1V7jTQL60S1r8z	Where Are You Now	Lost Frequencies, Calum Scott	47	#4687d7	2021-11-19	Viral 50	is
5Mri5ikJXSAgUp4jW6v2iT	Street by Street	Laufey	48	#bd3200	2021-11-19	Viral 50	is
0W7brFokN6QtGRNp32RCQP	Alone With You	Arz	49	#bd3200	2021-11-19	Viral 50	is
5Uou8idst1XJc0F6MRAk5S	I Don't Live Here Anymore (feat. Lucius)	The War On Drugs	50	#bd3200	2021-11-19	Viral 50	is
20on25jryn53hWghthWWW3	Do It To It	ACRAZE, Cherish	1	#3e3e40	2021-11-20	Viral 50	is
4fouWK6XVHhzl78KzQ1UjL	abcdefu	GAYLE	2	#3e3e40	2021-11-20	Viral 50	is
6M47gaKejso9772SKTa3yH	Face Off	Tech N9ne, Joey Cool, King Iso, Dwayne Johnson	3	#3e3e40	2021-11-20	Viral 50	is
2IAR0DziHCjSu16gR4ihvy	Nothing	Bruno Major	4	#3e3e40	2021-11-20	Viral 50	is
09gysnJpfQ3ublBmJDfcEC	SAD GIRLZ LUV MONEY Remix (feat. Kali Uchis and Moliy)	Amaarae	5	#3e3e40	2021-11-20	Viral 50	is
5rF6YUIlgiat22OT1lWspJ	Seventeen Going Under	Sam Fender	6	#3e3e40	2021-11-20	Viral 50	is
2gpWyfu7eZ01zzncHpxOtA	Moth To A Flame (with The Weeknd)	Swedish House Mafia	7	#3e3e40	2021-11-20	Viral 50	is
46IZ0fSY2mpAiktS3KOqds	Easy On Me	Adele	8	#84bd00	2021-11-20	Viral 50	is
6jHBzdq0by8m9DcQ6lL8VG	Með stjörnunum	Herbert Guðmundsson	9	#84bd00	2021-11-20	Viral 50	is
4cHKd6qPMR1TMx55KHlida	Notion	The Rare Occasions	10	#84bd00	2021-11-20	Viral 50	is
5reQI13tWWYDLMrGcUF4Mk	Nuestra Canción	Monsieur Periné, Vicente Garcia	11	#84bd00	2021-11-20	Viral 50	is
1EQFOouqdKYdpbNoOHRVO2	abcdefu (angrier)	GAYLE	12	#84bd00	2021-11-20	Viral 50	is
135Lf4Q0CzlMNfOxbEUsLH	GHOST TOWN	Benson Boone	13	#bd3200	2021-11-20	Viral 50	is
3RkoMHO82pcLpCosDR7Gbj	Þegar Þú Blikkar (feat. Björgvin Halldórsson)	Herra Hnetusmjör	14	#84bd00	2021-11-20	Viral 50	is
7rglLriMNBPAyuJOMGwi39	Cold Heart - PNAU Remix	Elton John, Dua Lipa	15	#bd3200	2021-11-20	Viral 50	is
6f5ExP43esnvdKPddwKXJH	Better Days (NEIKED x Mae Muller x Polo G)	NEIKED	16	#84bd00	2021-11-20	Viral 50	is
5cj416SY1N7Tz0PasETwv6	Grillið inn	Hjálmar, Prins Póló	17	#bd3200	2021-11-20	Viral 50	is
04S1pkp1VaIqjg8zZqknR5	Enchanted	Taylor Swift	18	#84bd00	2021-11-20	Viral 50	is
3VTNVsTTu05dmTsVFrmGpK	Fairytale of New York (feat. Kirsty MacColl)	The Pogues	19	#84bd00	2021-11-20	Viral 50	is
5gmkw2031VVIboYqPIjSWB	1 Scale (feat. G Herbo)	Young Dolph	20	#84bd00	2021-11-20	Viral 50	is
3Yt2ph8Ko0JBANpdawzSF2	Major (feat. Key Glock)	Young Dolph	21	#84bd00	2021-11-20	Viral 50	is
6rpXQFICPbN0VRSD8VUIni	Haustið (feat. Friðrik Dór)	Karen Ósk	22	#84bd00	2021-11-20	Viral 50	is
4IhTXiZLKATmwhMZIb1GQN	Lights Are On	Tom Rosenthal	23	#84bd00	2021-11-20	Viral 50	is
0RYHqnmtNRfbYxP6Dn8Vse	masquerade	siouxxie sixxsta	24	#84bd00	2021-11-20	Viral 50	is
3TXy6nchgKeYlVwOKNk9lE	100 Shots	Young Dolph	25	#84bd00	2021-11-20	Viral 50	is
4frx9f5aTwWVRpHKNn7Q8O	Slæmir Ávanar (feat. Krabba Mane)	Birnir	26	#84bd00	2021-11-20	Viral 50	is
7jwQlYGpOml9ETGre1HqGA	Somebody's Watching Me	Rockwell	27	#bd3200	2021-11-20	Viral 50	is
5nuLSEsZXc12Ti6MaqygPk	Pure	Móa	28	#bd3200	2021-11-20	Viral 50	is
3kJ6VV0223AMZZRcnJ6L94	Baugar	Birnir	29	#84bd00	2021-11-20	Viral 50	is
2TwrUQObMK4S2cJA6Ub7FF	Aumingi með Bónuspoka	Dr. Gunni	30	#4687d7	2021-11-20	Viral 50	is
6kSFqGS9FEHDFAwNpikGhO	Want me!! (OFFICIAL SONG)	Cl4pers	31	#84bd00	2021-11-20	Viral 50	is
2Xr1dTzJee307rmrkt8c0g	love nwantiti (ah ah ah)	CKay	32	#84bd00	2021-11-20	Viral 50	is
3lFrFQcZWPLa8WEG7xoc4b	Я буду ебать	Moreart, IHI	33	#bd3200	2021-11-20	Viral 50	is
287Fa4maOumSHlDoPiGmv9	Vogur	Birnir	34	#3e3e40	2021-11-20	Viral 50	is
5QbzvnhnS0CZMHjFGIwfHd	On the River (feat. Wiz Khalifa)	Young Dolph	35	#84bd00	2021-11-20	Viral 50	is
7hU3IHwjX150XLoTVmjD0q	MONEY	LISA	36	#4687d7	2021-11-20	Viral 50	is
79nEEoEPY2w8EXj9hjn5oc	Ginseng Strip 2002	Yung Lean	37	#4687d7	2021-11-20	Viral 50	is
4yNoUQkYf1QF8iYlEzNynH	Who Want Smoke?? (feat. G Herbo, Lil Durk & 21 Savage)	Nardo Wick	38	#84bd00	2021-11-20	Viral 50	is
35mBYyB61qTcGGj7MXIRM1	Cpr	cupcakKe	39	#bd3200	2021-11-20	Viral 50	is
5Uou8idst1XJc0F6MRAk5S	I Don't Live Here Anymore (feat. Lucius)	The War On Drugs	40	#84bd00	2021-11-20	Viral 50	is
2vXKRlJBXyOcvZYTdNeckS	Lost in the Fire (feat. The Weeknd)	Gesaffelstein	41	#4687d7	2021-11-20	Viral 50	is
3NqBxTOMCJ3zW9CIP51td4	Jugaste y Sufrí	Eslabon Armado, DannyLux	42	#84bd00	2021-11-20	Viral 50	is
4SqWKzw0CbA05TGszDgMlc	I Love You So	The Walters	43	#3e3e40	2021-11-20	Viral 50	is
1raFLmjee6q0fVJ414hLO3	Augun þín blá	Katrín Halldóra	44	#bd3200	2021-11-20	Viral 50	is
1DNA2z7Txysjk3cNz2nDLm	WFM	RealestK	45	#3e3e40	2021-11-20	Viral 50	is
3RvLAm0ESbUOUZOD7sF4xn	Case Closed	Young Dolph, Key Glock	46	#4687d7	2021-11-20	Viral 50	is
339fR20opo270b57TfZ7zq	Öldurótið	Ásgeir	47	#bd3200	2021-11-20	Viral 50	is
0W7brFokN6QtGRNp32RCQP	Alone With You	Arz	48	#84bd00	2021-11-20	Viral 50	is
3uUuGVFu1V7jTQL60S1r8z	Where Are You Now	Lost Frequencies, Calum Scott	49	#bd3200	2021-11-20	Viral 50	is
0OVDWNTM7glr8FlXvQoZAy	Ingileif	Snorri Helgason	50	#bd3200	2021-11-20	Viral 50	is
20on25jryn53hWghthWWW3	Do It To It	ACRAZE, Cherish	1	#3e3e40	2021-11-21	Viral 50	is
4fouWK6XVHhzl78KzQ1UjL	abcdefu	GAYLE	2	#3e3e40	2021-11-21	Viral 50	is
6M47gaKejso9772SKTa3yH	Face Off	Tech N9ne, Joey Cool, King Iso, Dwayne Johnson	3	#3e3e40	2021-11-21	Viral 50	is
09gysnJpfQ3ublBmJDfcEC	SAD GIRLZ LUV MONEY Remix (feat. Kali Uchis and Moliy)	Amaarae	4	#84bd00	2021-11-21	Viral 50	is
2IAR0DziHCjSu16gR4ihvy	Nothing	Bruno Major	5	#bd3200	2021-11-21	Viral 50	is
5rF6YUIlgiat22OT1lWspJ	Seventeen Going Under	Sam Fender	6	#3e3e40	2021-11-21	Viral 50	is
46IZ0fSY2mpAiktS3KOqds	Easy On Me	Adele	7	#84bd00	2021-11-21	Viral 50	is
2gpWyfu7eZ01zzncHpxOtA	Moth To A Flame (with The Weeknd)	Swedish House Mafia	8	#bd3200	2021-11-21	Viral 50	is
3VTNVsTTu05dmTsVFrmGpK	Fairytale of New York (feat. Kirsty MacColl)	The Pogues	9	#84bd00	2021-11-21	Viral 50	is
6jHBzdq0by8m9DcQ6lL8VG	Með stjörnunum	Herbert Guðmundsson	10	#bd3200	2021-11-21	Viral 50	is
1EQFOouqdKYdpbNoOHRVO2	abcdefu (angrier)	GAYLE	11	#84bd00	2021-11-21	Viral 50	is
4cHKd6qPMR1TMx55KHlida	Notion	The Rare Occasions	12	#bd3200	2021-11-21	Viral 50	is
3RkoMHO82pcLpCosDR7Gbj	Þegar Þú Blikkar (feat. Björgvin Halldórsson)	Herra Hnetusmjör	13	#84bd00	2021-11-21	Viral 50	is
7rglLriMNBPAyuJOMGwi39	Cold Heart - PNAU Remix	Elton John, Dua Lipa	14	#84bd00	2021-11-21	Viral 50	is
5reQI13tWWYDLMrGcUF4Mk	Nuestra Canción	Monsieur Periné, Vicente Garcia	15	#bd3200	2021-11-21	Viral 50	is
6f5ExP43esnvdKPddwKXJH	Better Days (NEIKED x Mae Muller x Polo G)	NEIKED	16	#3e3e40	2021-11-21	Viral 50	is
5gmkw2031VVIboYqPIjSWB	1 Scale (feat. G Herbo)	Young Dolph	17	#84bd00	2021-11-21	Viral 50	is
3Yt2ph8Ko0JBANpdawzSF2	Major (feat. Key Glock)	Young Dolph	18	#84bd00	2021-11-21	Viral 50	is
6rpXQFICPbN0VRSD8VUIni	Haustið (feat. Friðrik Dór)	Karen Ósk	19	#84bd00	2021-11-21	Viral 50	is
04S1pkp1VaIqjg8zZqknR5	Enchanted	Taylor Swift	20	#bd3200	2021-11-21	Viral 50	is
5cj416SY1N7Tz0PasETwv6	Grillið inn	Hjálmar, Prins Póló	21	#bd3200	2021-11-21	Viral 50	is
3TXy6nchgKeYlVwOKNk9lE	100 Shots	Young Dolph	22	#84bd00	2021-11-21	Viral 50	is
2TwrUQObMK4S2cJA6Ub7FF	Aumingi með Bónuspoka	Dr. Gunni	23	#84bd00	2021-11-21	Viral 50	is
3kJ6VV0223AMZZRcnJ6L94	Baugar	Birnir	24	#84bd00	2021-11-21	Viral 50	is
4frx9f5aTwWVRpHKNn7Q8O	Slæmir Ávanar (feat. Krabba Mane)	Birnir	25	#84bd00	2021-11-21	Viral 50	is
2vXKRlJBXyOcvZYTdNeckS	Lost in the Fire (feat. The Weeknd)	Gesaffelstein	26	#84bd00	2021-11-21	Viral 50	is
4IhTXiZLKATmwhMZIb1GQN	Lights Are On	Tom Rosenthal	27	#bd3200	2021-11-21	Viral 50	is
0RYHqnmtNRfbYxP6Dn8Vse	masquerade	siouxxie sixxsta	28	#bd3200	2021-11-21	Viral 50	is
7hU3IHwjX150XLoTVmjD0q	MONEY	LISA	29	#84bd00	2021-11-21	Viral 50	is
7jwQlYGpOml9ETGre1HqGA	Somebody's Watching Me	Rockwell	30	#bd3200	2021-11-21	Viral 50	is
5QbzvnhnS0CZMHjFGIwfHd	On the River (feat. Wiz Khalifa)	Young Dolph	31	#84bd00	2021-11-21	Viral 50	is
2Xr1dTzJee307rmrkt8c0g	love nwantiti (ah ah ah)	CKay	32	#3e3e40	2021-11-21	Viral 50	is
4mIHgQ3ofK2RK34UdbqMbe	Ambition For Cash	Key Glock	33	#4687d7	2021-11-21	Viral 50	is
6kSFqGS9FEHDFAwNpikGhO	Want me!! (OFFICIAL SONG)	Cl4pers	34	#bd3200	2021-11-21	Viral 50	is
287Fa4maOumSHlDoPiGmv9	Vogur	Birnir	35	#bd3200	2021-11-21	Viral 50	is
3lFrFQcZWPLa8WEG7xoc4b	Я буду ебать	Moreart, IHI	36	#bd3200	2021-11-21	Viral 50	is
79nEEoEPY2w8EXj9hjn5oc	Ginseng Strip 2002	Yung Lean	37	#3e3e40	2021-11-21	Viral 50	is
4yNoUQkYf1QF8iYlEzNynH	Who Want Smoke?? (feat. G Herbo, Lil Durk & 21 Savage)	Nardo Wick	38	#3e3e40	2021-11-21	Viral 50	is
35mBYyB61qTcGGj7MXIRM1	Cpr	cupcakKe	39	#3e3e40	2021-11-21	Viral 50	is
3NqBxTOMCJ3zW9CIP51td4	Jugaste y Sufrí	Eslabon Armado, DannyLux	40	#84bd00	2021-11-21	Viral 50	is
5LLrxqwqc8Q8cftLi2fJHd	Geimferðalangur (Lifandi)	Frostrósir	41	#4687d7	2021-11-21	Viral 50	is
1DNA2z7Txysjk3cNz2nDLm	WFM	RealestK	42	#84bd00	2021-11-21	Viral 50	is
4SqWKzw0CbA05TGszDgMlc	I Love You So	The Walters	43	#3e3e40	2021-11-21	Viral 50	is
3RvLAm0ESbUOUZOD7sF4xn	Case Closed	Young Dolph, Key Glock	44	#84bd00	2021-11-21	Viral 50	is
3CLSHJv5aUROAN2vfOyCOh	Close Eyes	DVRST	45	#4687d7	2021-11-21	Viral 50	is
0V5cvmTKsYmF5FmGGEAfmS	Je te laisserai des mots	Patrick Watson	46	#4687d7	2021-11-21	Viral 50	is
1raFLmjee6q0fVJ414hLO3	Augun þín blá	Katrín Halldóra	47	#bd3200	2021-11-21	Viral 50	is
339fR20opo270b57TfZ7zq	Öldurótið	Ásgeir	48	#bd3200	2021-11-21	Viral 50	is
5Uou8idst1XJc0F6MRAk5S	I Don't Live Here Anymore (feat. Lucius)	The War On Drugs	49	#bd3200	2021-11-21	Viral 50	is
7q5CeUQEkaikldYrQuct8l	Líttu sérhvert sólarlag	Sigríður Thorlacius, Valdimar Guðmundsson, Bragi Valdimar Skúlason	50	#4687d7	2021-11-21	Viral 50	is
20on25jryn53hWghthWWW3	Do It To It	ACRAZE, Cherish	1	#3e3e40	2021-11-22	Viral 50	is
4fouWK6XVHhzl78KzQ1UjL	abcdefu	GAYLE	2	#3e3e40	2021-11-22	Viral 50	is
09gysnJpfQ3ublBmJDfcEC	SAD GIRLZ LUV MONEY Remix (feat. Kali Uchis and Moliy)	Amaarae	3	#84bd00	2021-11-22	Viral 50	is
6M47gaKejso9772SKTa3yH	Face Off	Tech N9ne, Joey Cool, King Iso, Dwayne Johnson	4	#bd3200	2021-11-22	Viral 50	is
3VTNVsTTu05dmTsVFrmGpK	Fairytale of New York (feat. Kirsty MacColl)	The Pogues	5	#84bd00	2021-11-22	Viral 50	is
1r9xUipOqoNwggBpENDsvJ	Enemy (with JID) - from the series Arcane League of Legends	Imagine Dragons	6	#4687d7	2021-11-22	Viral 50	is
2IAR0DziHCjSu16gR4ihvy	Nothing	Bruno Major	7	#bd3200	2021-11-22	Viral 50	is
5rF6YUIlgiat22OT1lWspJ	Seventeen Going Under	Sam Fender	8	#bd3200	2021-11-22	Viral 50	is
1EQFOouqdKYdpbNoOHRVO2	abcdefu (angrier)	GAYLE	9	#84bd00	2021-11-22	Viral 50	is
4cHKd6qPMR1TMx55KHlida	Notion	The Rare Occasions	10	#84bd00	2021-11-22	Viral 50	is
6jHBzdq0by8m9DcQ6lL8VG	Með stjörnunum	Herbert Guðmundsson	11	#bd3200	2021-11-22	Viral 50	is
46IZ0fSY2mpAiktS3KOqds	Easy On Me	Adele	12	#bd3200	2021-11-22	Viral 50	is
3RkoMHO82pcLpCosDR7Gbj	Þegar Þú Blikkar (feat. Björgvin Halldórsson)	Herra Hnetusmjör	13	#3e3e40	2021-11-22	Viral 50	is
5reQI13tWWYDLMrGcUF4Mk	Nuestra Canción	Monsieur Periné, Vicente Garcia	14	#84bd00	2021-11-22	Viral 50	is
5gmkw2031VVIboYqPIjSWB	1 Scale (feat. G Herbo)	Young Dolph	15	#84bd00	2021-11-22	Viral 50	is
3Yt2ph8Ko0JBANpdawzSF2	Major (feat. Key Glock)	Young Dolph	16	#84bd00	2021-11-22	Viral 50	is
1xIqDFx3KdByBnKMlTECcM	Coming for You (feat. A1 x J1)	SwitchOTR	17	#4687d7	2021-11-22	Viral 50	is
2TwrUQObMK4S2cJA6Ub7FF	Aumingi með Bónuspoka	Dr. Gunni	18	#84bd00	2021-11-22	Viral 50	is
135Lf4Q0CzlMNfOxbEUsLH	GHOST TOWN	Benson Boone	19	#4687d7	2021-11-22	Viral 50	is
7rglLriMNBPAyuJOMGwi39	Cold Heart - PNAU Remix	Elton John, Dua Lipa	20	#bd3200	2021-11-22	Viral 50	is
3TXy6nchgKeYlVwOKNk9lE	100 Shots	Young Dolph	21	#84bd00	2021-11-22	Viral 50	is
2gQPv5jvVPqU2a9HhMNO1v	Toxic	BoyWithUke	22	#4687d7	2021-11-22	Viral 50	is
5cj416SY1N7Tz0PasETwv6	Grillið inn	Hjálmar, Prins Póló	23	#bd3200	2021-11-22	Viral 50	is
0RYHqnmtNRfbYxP6Dn8Vse	masquerade	siouxxie sixxsta	24	#84bd00	2021-11-22	Viral 50	is
2gpWyfu7eZ01zzncHpxOtA	Moth To A Flame (with The Weeknd)	Swedish House Mafia	25	#bd3200	2021-11-22	Viral 50	is
04S1pkp1VaIqjg8zZqknR5	Enchanted	Taylor Swift	26	#bd3200	2021-11-22	Viral 50	is
6f5ExP43esnvdKPddwKXJH	Better Days (NEIKED x Mae Muller x Polo G)	NEIKED	27	#bd3200	2021-11-22	Viral 50	is
2vXKRlJBXyOcvZYTdNeckS	Lost in the Fire (feat. The Weeknd)	Gesaffelstein	28	#bd3200	2021-11-22	Viral 50	is
4IhTXiZLKATmwhMZIb1GQN	Lights Are On	Tom Rosenthal	29	#bd3200	2021-11-22	Viral 50	is
6rpXQFICPbN0VRSD8VUIni	Haustið (feat. Friðrik Dór)	Karen Ósk	30	#bd3200	2021-11-22	Viral 50	is
3kJ6VV0223AMZZRcnJ6L94	Baugar	Birnir	31	#bd3200	2021-11-22	Viral 50	is
79nEEoEPY2w8EXj9hjn5oc	Ginseng Strip 2002	Yung Lean	32	#84bd00	2021-11-22	Viral 50	is
5QbzvnhnS0CZMHjFGIwfHd	On the River (feat. Wiz Khalifa)	Young Dolph	33	#bd3200	2021-11-22	Viral 50	is
5IjZHSeqDxHYPjf9zGSCyB	Undir Mistilteini (feat. Svala)	Egill Ploder, Ingi Bauer	34	#4687d7	2021-11-22	Viral 50	is
4SqWKzw0CbA05TGszDgMlc	I Love You So	The Walters	35	#84bd00	2021-11-22	Viral 50	is
4frx9f5aTwWVRpHKNn7Q8O	Slæmir Ávanar (feat. Krabba Mane)	Birnir	36	#bd3200	2021-11-22	Viral 50	is
4mIHgQ3ofK2RK34UdbqMbe	Ambition For Cash	Key Glock	37	#bd3200	2021-11-22	Viral 50	is
6kSFqGS9FEHDFAwNpikGhO	Want me!! (OFFICIAL SONG)	Cl4pers	38	#bd3200	2021-11-22	Viral 50	is
3CLSHJv5aUROAN2vfOyCOh	Close Eyes	DVRST	39	#84bd00	2021-11-22	Viral 50	is
5LLrxqwqc8Q8cftLi2fJHd	Geimferðalangur (Lifandi)	Frostrósir	40	#84bd00	2021-11-22	Viral 50	is
3RvLAm0ESbUOUZOD7sF4xn	Case Closed	Young Dolph, Key Glock	41	#84bd00	2021-11-22	Viral 50	is
1DNA2z7Txysjk3cNz2nDLm	WFM	RealestK	42	#3e3e40	2021-11-22	Viral 50	is
1qwno7xb5mJe71xtMS6jl2	High Enough	K.Flay	43	#4687d7	2021-11-22	Viral 50	is
1juKOsU1i61X2XbrH08Ijy	Bruh Moment	Yung Nugget	44	#4687d7	2021-11-22	Viral 50	is
62P3CMQAknHW4iftsBD41Y	Eleanor Rigby	Cody Fry	45	#4687d7	2021-11-22	Viral 50	is
49DZrH66963nmHDXi7H3qp	Tendrum Minningar	Einar Ágúst	46	#4687d7	2021-11-22	Viral 50	is
0V5cvmTKsYmF5FmGGEAfmS	Je te laisserai des mots	Patrick Watson	47	#bd3200	2021-11-22	Viral 50	is
287Fa4maOumSHlDoPiGmv9	Vogur	Birnir	48	#bd3200	2021-11-22	Viral 50	is
4yNoUQkYf1QF8iYlEzNynH	Who Want Smoke?? (feat. G Herbo, Lil Durk & 21 Savage)	Nardo Wick	49	#bd3200	2021-11-22	Viral 50	is
1raFLmjee6q0fVJ414hLO3	Augun þín blá	Katrín Halldóra	50	#bd3200	2021-11-22	Viral 50	is
20on25jryn53hWghthWWW3	Do It To It	ACRAZE, Cherish	1	#3e3e40	2021-11-23	Viral 50	is
4fouWK6XVHhzl78KzQ1UjL	abcdefu	GAYLE	2	#3e3e40	2021-11-23	Viral 50	is
09gysnJpfQ3ublBmJDfcEC	SAD GIRLZ LUV MONEY Remix (feat. Kali Uchis and Moliy)	Amaarae	3	#3e3e40	2021-11-23	Viral 50	is
3VTNVsTTu05dmTsVFrmGpK	Fairytale of New York (feat. Kirsty MacColl)	The Pogues	4	#84bd00	2021-11-23	Viral 50	is
1r9xUipOqoNwggBpENDsvJ	Enemy (with JID) - from the series Arcane League of Legends	Imagine Dragons	5	#84bd00	2021-11-23	Viral 50	is
6M47gaKejso9772SKTa3yH	Face Off	Tech N9ne, Joey Cool, King Iso, Dwayne Johnson	6	#bd3200	2021-11-23	Viral 50	is
2IAR0DziHCjSu16gR4ihvy	Nothing	Bruno Major	7	#3e3e40	2021-11-23	Viral 50	is
6jHBzdq0by8m9DcQ6lL8VG	Með stjörnunum	Herbert Guðmundsson	8	#84bd00	2021-11-23	Viral 50	is
4cHKd6qPMR1TMx55KHlida	Notion	The Rare Occasions	9	#84bd00	2021-11-23	Viral 50	is
5rF6YUIlgiat22OT1lWspJ	Seventeen Going Under	Sam Fender	10	#bd3200	2021-11-23	Viral 50	is
46IZ0fSY2mpAiktS3KOqds	Easy On Me	Adele	11	#84bd00	2021-11-23	Viral 50	is
1EQFOouqdKYdpbNoOHRVO2	abcdefu (angrier)	GAYLE	12	#bd3200	2021-11-23	Viral 50	is
5gmkw2031VVIboYqPIjSWB	1 Scale (feat. G Herbo)	Young Dolph	13	#84bd00	2021-11-23	Viral 50	is
135Lf4Q0CzlMNfOxbEUsLH	GHOST TOWN	Benson Boone	14	#84bd00	2021-11-23	Viral 50	is
2TwrUQObMK4S2cJA6Ub7FF	Aumingi með Bónuspoka	Dr. Gunni	15	#84bd00	2021-11-23	Viral 50	is
0RYHqnmtNRfbYxP6Dn8Vse	masquerade	siouxxie sixxsta	16	#84bd00	2021-11-23	Viral 50	is
3Yt2ph8Ko0JBANpdawzSF2	Major (feat. Key Glock)	Young Dolph	17	#bd3200	2021-11-23	Viral 50	is
3RkoMHO82pcLpCosDR7Gbj	Þegar Þú Blikkar (feat. Björgvin Halldórsson)	Herra Hnetusmjör	18	#bd3200	2021-11-23	Viral 50	is
5reQI13tWWYDLMrGcUF4Mk	Nuestra Canción	Monsieur Periné, Vicente Garcia	19	#bd3200	2021-11-23	Viral 50	is
7rglLriMNBPAyuJOMGwi39	Cold Heart - PNAU Remix	Elton John, Dua Lipa	20	#3e3e40	2021-11-23	Viral 50	is
3TXy6nchgKeYlVwOKNk9lE	100 Shots	Young Dolph	21	#3e3e40	2021-11-23	Viral 50	is
5cj416SY1N7Tz0PasETwv6	Grillið inn	Hjálmar, Prins Póló	22	#84bd00	2021-11-23	Viral 50	is
2gpWyfu7eZ01zzncHpxOtA	Moth To A Flame (with The Weeknd)	Swedish House Mafia	23	#84bd00	2021-11-23	Viral 50	is
2gQPv5jvVPqU2a9HhMNO1v	Toxic	BoyWithUke	24	#bd3200	2021-11-23	Viral 50	is
1xIqDFx3KdByBnKMlTECcM	Coming for You (feat. A1 x J1)	SwitchOTR	25	#bd3200	2021-11-23	Viral 50	is
2vXKRlJBXyOcvZYTdNeckS	Lost in the Fire (feat. The Weeknd)	Gesaffelstein	26	#84bd00	2021-11-23	Viral 50	is
6f5ExP43esnvdKPddwKXJH	Better Days (NEIKED x Mae Muller x Polo G)	NEIKED	27	#3e3e40	2021-11-23	Viral 50	is
79nEEoEPY2w8EXj9hjn5oc	Ginseng Strip 2002	Yung Lean	28	#84bd00	2021-11-23	Viral 50	is
5QbzvnhnS0CZMHjFGIwfHd	On the River (feat. Wiz Khalifa)	Young Dolph	29	#84bd00	2021-11-23	Viral 50	is
4IhTXiZLKATmwhMZIb1GQN	Lights Are On	Tom Rosenthal	30	#bd3200	2021-11-23	Viral 50	is
3kJ6VV0223AMZZRcnJ6L94	Baugar	Birnir	31	#3e3e40	2021-11-23	Viral 50	is
5IjZHSeqDxHYPjf9zGSCyB	Undir Mistilteini (feat. Svala)	Egill Ploder, Ingi Bauer	32	#84bd00	2021-11-23	Viral 50	is
35mBYyB61qTcGGj7MXIRM1	Cpr	cupcakKe	33	#4687d7	2021-11-23	Viral 50	is
3CLSHJv5aUROAN2vfOyCOh	Close Eyes	DVRST	34	#84bd00	2021-11-23	Viral 50	is
4frx9f5aTwWVRpHKNn7Q8O	Slæmir Ávanar (feat. Krabba Mane)	Birnir	35	#84bd00	2021-11-23	Viral 50	is
04S1pkp1VaIqjg8zZqknR5	Enchanted	Taylor Swift	36	#bd3200	2021-11-23	Viral 50	is
4mIHgQ3ofK2RK34UdbqMbe	Ambition For Cash	Key Glock	37	#3e3e40	2021-11-23	Viral 50	is
6rpXQFICPbN0VRSD8VUIni	Haustið (feat. Friðrik Dór)	Karen Ósk	38	#bd3200	2021-11-23	Viral 50	is
4SqWKzw0CbA05TGszDgMlc	I Love You So	The Walters	39	#bd3200	2021-11-23	Viral 50	is
5LLrxqwqc8Q8cftLi2fJHd	Geimferðalangur (Lifandi)	Frostrósir	40	#3e3e40	2021-11-23	Viral 50	is
3RvLAm0ESbUOUZOD7sF4xn	Case Closed	Young Dolph, Key Glock	41	#3e3e40	2021-11-23	Viral 50	is
2B4GHvToeLTOBB4QLzW3Ni	Pepas	Farruko	42	#4687d7	2021-11-23	Viral 50	is
7v4pPS4A7NgY7bxFA3Etv3	HOT DEMON B!TCHES NEAR U ! ! !	CORPSE, Night Lovell	43	#4687d7	2021-11-23	Viral 50	is
62P3CMQAknHW4iftsBD41Y	Eleanor Rigby	Cody Fry	44	#84bd00	2021-11-23	Viral 50	is
05EG9LwFCVjkoYEWzsrHHO	Legend	Tevvez	45	#4687d7	2021-11-23	Viral 50	is
5Pl2CXDkaP6WEnJ0bpKGOm	Organ Sonata No. 4, BWV 528: II. Andante [Adagio] (Transcr. by August Stradal)	Johann Sebastian Bach, Víkingur Ólafsson	46	#4687d7	2021-11-23	Viral 50	is
25ggBFrRXJ4XcBPlnOWD5w	Farinn	HÚGÓ	47	#4687d7	2021-11-23	Viral 50	is
1raFLmjee6q0fVJ414hLO3	Augun þín blá	Katrín Halldóra	48	#84bd00	2021-11-23	Viral 50	is
3uUuGVFu1V7jTQL60S1r8z	Where Are You Now	Lost Frequencies, Calum Scott	49	#4687d7	2021-11-23	Viral 50	is
1sAcYqiUbqZrV7v4n5Uple	Want me	Cl4ppers	50	#bd3200	2021-11-23	Viral 50	is
20on25jryn53hWghthWWW3	Do It To It	ACRAZE, Cherish	1	#3e3e40	2021-11-24	Viral 50	is
4fouWK6XVHhzl78KzQ1UjL	abcdefu	GAYLE	2	#3e3e40	2021-11-24	Viral 50	is
09gysnJpfQ3ublBmJDfcEC	SAD GIRLZ LUV MONEY Remix (feat. Kali Uchis and Moliy)	Amaarae	3	#3e3e40	2021-11-24	Viral 50	is
3VTNVsTTu05dmTsVFrmGpK	Fairytale of New York (feat. Kirsty MacColl)	The Pogues	4	#3e3e40	2021-11-24	Viral 50	is
1r9xUipOqoNwggBpENDsvJ	Enemy (with JID) - from the series Arcane League of Legends	Imagine Dragons	5	#3e3e40	2021-11-24	Viral 50	is
6M47gaKejso9772SKTa3yH	Face Off	Tech N9ne, Joey Cool, King Iso, Dwayne Johnson	6	#3e3e40	2021-11-24	Viral 50	is
2IAR0DziHCjSu16gR4ihvy	Nothing	Bruno Major	7	#3e3e40	2021-11-24	Viral 50	is
6jHBzdq0by8m9DcQ6lL8VG	Með stjörnunum	Herbert Guðmundsson	8	#3e3e40	2021-11-24	Viral 50	is
46IZ0fSY2mpAiktS3KOqds	Easy On Me	Adele	9	#84bd00	2021-11-24	Viral 50	is
5rF6YUIlgiat22OT1lWspJ	Seventeen Going Under	Sam Fender	10	#3e3e40	2021-11-24	Viral 50	is
1EQFOouqdKYdpbNoOHRVO2	abcdefu (angrier)	GAYLE	11	#84bd00	2021-11-24	Viral 50	is
2TwrUQObMK4S2cJA6Ub7FF	Aumingi með Bónuspoka	Dr. Gunni	12	#84bd00	2021-11-24	Viral 50	is
4cHKd6qPMR1TMx55KHlida	Notion	The Rare Occasions	13	#bd3200	2021-11-24	Viral 50	is
135Lf4Q0CzlMNfOxbEUsLH	GHOST TOWN	Benson Boone	14	#3e3e40	2021-11-24	Viral 50	is
3RkoMHO82pcLpCosDR7Gbj	Þegar Þú Blikkar (feat. Björgvin Halldórsson)	Herra Hnetusmjör	15	#84bd00	2021-11-24	Viral 50	is
0RYHqnmtNRfbYxP6Dn8Vse	masquerade	siouxxie sixxsta	16	#3e3e40	2021-11-24	Viral 50	is
5reQI13tWWYDLMrGcUF4Mk	Nuestra Canción	Monsieur Periné, Vicente Garcia	17	#84bd00	2021-11-24	Viral 50	is
2vXKRlJBXyOcvZYTdNeckS	Lost in the Fire (feat. The Weeknd)	Gesaffelstein	18	#84bd00	2021-11-24	Viral 50	is
2gpWyfu7eZ01zzncHpxOtA	Moth To A Flame (with The Weeknd)	Swedish House Mafia	19	#84bd00	2021-11-24	Viral 50	is
1xIqDFx3KdByBnKMlTECcM	Coming for You (feat. A1 x J1)	SwitchOTR	20	#84bd00	2021-11-24	Viral 50	is
3Yt2ph8Ko0JBANpdawzSF2	Major (feat. Key Glock)	Young Dolph	21	#bd3200	2021-11-24	Viral 50	is
2gQPv5jvVPqU2a9HhMNO1v	Toxic	BoyWithUke	22	#84bd00	2021-11-24	Viral 50	is
7rglLriMNBPAyuJOMGwi39	Cold Heart - PNAU Remix	Elton John, Dua Lipa	23	#bd3200	2021-11-24	Viral 50	is
6f5ExP43esnvdKPddwKXJH	Better Days (NEIKED x Mae Muller x Polo G)	NEIKED	24	#84bd00	2021-11-24	Viral 50	is
4mIHgQ3ofK2RK34UdbqMbe	Ambition For Cash	Key Glock	25	#84bd00	2021-11-24	Viral 50	is
5gmkw2031VVIboYqPIjSWB	1 Scale (feat. G Herbo)	Young Dolph	26	#bd3200	2021-11-24	Viral 50	is
6rpXQFICPbN0VRSD8VUIni	Haustið (feat. Friðrik Dór)	Karen Ósk	27	#84bd00	2021-11-24	Viral 50	is
5cj416SY1N7Tz0PasETwv6	Grillið inn	Hjálmar, Prins Póló	28	#bd3200	2021-11-24	Viral 50	is
79nEEoEPY2w8EXj9hjn5oc	Ginseng Strip 2002	Yung Lean	29	#bd3200	2021-11-24	Viral 50	is
3TXy6nchgKeYlVwOKNk9lE	100 Shots	Young Dolph	30	#bd3200	2021-11-24	Viral 50	is
4IhTXiZLKATmwhMZIb1GQN	Lights Are On	Tom Rosenthal	31	#bd3200	2021-11-24	Viral 50	is
4frx9f5aTwWVRpHKNn7Q8O	Slæmir Ávanar (feat. Krabba Mane)	Birnir	32	#84bd00	2021-11-24	Viral 50	is
5IjZHSeqDxHYPjf9zGSCyB	Undir Mistilteini (feat. Svala)	Egill Ploder, Ingi Bauer	33	#bd3200	2021-11-24	Viral 50	is
3kJ6VV0223AMZZRcnJ6L94	Baugar	Birnir	34	#bd3200	2021-11-24	Viral 50	is
3CLSHJv5aUROAN2vfOyCOh	Close Eyes	DVRST	35	#bd3200	2021-11-24	Viral 50	is
62P3CMQAknHW4iftsBD41Y	Eleanor Rigby	Cody Fry	36	#84bd00	2021-11-24	Viral 50	is
4yNoUQkYf1QF8iYlEzNynH	Who Want Smoke?? (feat. G Herbo, Lil Durk & 21 Savage)	Nardo Wick	37	#4687d7	2021-11-24	Viral 50	is
04S1pkp1VaIqjg8zZqknR5	Enchanted	Taylor Swift	38	#bd3200	2021-11-24	Viral 50	is
0V5cvmTKsYmF5FmGGEAfmS	Je te laisserai des mots	Patrick Watson	39	#4687d7	2021-11-24	Viral 50	is
5LLrxqwqc8Q8cftLi2fJHd	Geimferðalangur (Lifandi)	Frostrósir	40	#3e3e40	2021-11-24	Viral 50	is
1sAcYqiUbqZrV7v4n5Uple	Want me	Cl4ppers	41	#84bd00	2021-11-24	Viral 50	is
35mBYyB61qTcGGj7MXIRM1	Cpr	cupcakKe	42	#bd3200	2021-11-24	Viral 50	is
49DZrH66963nmHDXi7H3qp	Tendrum Minningar	Einar Ágúst	43	#4687d7	2021-11-24	Viral 50	is
2B4GHvToeLTOBB4QLzW3Ni	Pepas	Farruko	44	#bd3200	2021-11-24	Viral 50	is
5Pl2CXDkaP6WEnJ0bpKGOm	Organ Sonata No. 4, BWV 528: II. Andante [Adagio] (Transcr. by August Stradal)	Johann Sebastian Bach, Víkingur Ólafsson	45	#84bd00	2021-11-24	Viral 50	is
6GomT970rCOkKAyyrwJeZi	Move Your Body	Öwnboss, Sevek	46	#4687d7	2021-11-24	Viral 50	is
4kLLWz7srcuLKA7Et40PQR	I Gotta Feeling	Black Eyed Peas	47	#4687d7	2021-11-24	Viral 50	is
5phjnA00QqNdF7oo8a6yu0	ROLLIN N CONTROLLIN, Pt.2 (PICTURE ME)	DUSTY LOCANE	48	#4687d7	2021-11-24	Viral 50	is
25ggBFrRXJ4XcBPlnOWD5w	Farinn	HÚGÓ	49	#bd3200	2021-11-24	Viral 50	is
0zCgWGmDF0aih5qexATyBn	After Dark	Mr.Kitty	50	#4687d7	2021-11-24	Viral 50	is
20on25jryn53hWghthWWW3	Do It To It	ACRAZE, Cherish	1	#3e3e40	2021-11-25	Viral 50	is
4fouWK6XVHhzl78KzQ1UjL	abcdefu	GAYLE	2	#3e3e40	2021-11-25	Viral 50	is
09gysnJpfQ3ublBmJDfcEC	SAD GIRLZ LUV MONEY Remix (feat. Kali Uchis and Moliy)	Amaarae	3	#3e3e40	2021-11-25	Viral 50	is
3VTNVsTTu05dmTsVFrmGpK	Fairytale of New York (feat. Kirsty MacColl)	The Pogues	4	#3e3e40	2021-11-25	Viral 50	is
1r9xUipOqoNwggBpENDsvJ	Enemy (with JID) - from the series Arcane League of Legends	Imagine Dragons	5	#3e3e40	2021-11-25	Viral 50	is
6M47gaKejso9772SKTa3yH	Face Off	Tech N9ne, Joey Cool, King Iso, Dwayne Johnson	6	#3e3e40	2021-11-25	Viral 50	is
6jHBzdq0by8m9DcQ6lL8VG	Með stjörnunum	Herbert Guðmundsson	7	#84bd00	2021-11-25	Viral 50	is
46IZ0fSY2mpAiktS3KOqds	Easy On Me	Adele	8	#84bd00	2021-11-25	Viral 50	is
2TwrUQObMK4S2cJA6Ub7FF	Aumingi með Bónuspoka	Dr. Gunni	9	#84bd00	2021-11-25	Viral 50	is
2IAR0DziHCjSu16gR4ihvy	Nothing	Bruno Major	10	#bd3200	2021-11-25	Viral 50	is
5rF6YUIlgiat22OT1lWspJ	Seventeen Going Under	Sam Fender	11	#bd3200	2021-11-25	Viral 50	is
1EQFOouqdKYdpbNoOHRVO2	abcdefu (angrier)	GAYLE	12	#bd3200	2021-11-25	Viral 50	is
3RkoMHO82pcLpCosDR7Gbj	Þegar Þú Blikkar (feat. Björgvin Halldórsson)	Herra Hnetusmjör	13	#84bd00	2021-11-25	Viral 50	is
2gQPv5jvVPqU2a9HhMNO1v	Toxic	BoyWithUke	14	#84bd00	2021-11-25	Viral 50	is
135Lf4Q0CzlMNfOxbEUsLH	GHOST TOWN	Benson Boone	15	#bd3200	2021-11-25	Viral 50	is
0RYHqnmtNRfbYxP6Dn8Vse	masquerade	siouxxie sixxsta	16	#3e3e40	2021-11-25	Viral 50	is
4cHKd6qPMR1TMx55KHlida	Notion	The Rare Occasions	17	#bd3200	2021-11-25	Viral 50	is
2vXKRlJBXyOcvZYTdNeckS	Lost in the Fire (feat. The Weeknd)	Gesaffelstein	18	#3e3e40	2021-11-25	Viral 50	is
7rglLriMNBPAyuJOMGwi39	Cold Heart - PNAU Remix	Elton John, Dua Lipa	19	#84bd00	2021-11-25	Viral 50	is
2gpWyfu7eZ01zzncHpxOtA	Moth To A Flame (with The Weeknd)	Swedish House Mafia	20	#bd3200	2021-11-25	Viral 50	is
62P3CMQAknHW4iftsBD41Y	Eleanor Rigby	Cody Fry	21	#84bd00	2021-11-25	Viral 50	is
5reQI13tWWYDLMrGcUF4Mk	Nuestra Canción	Monsieur Periné, Vicente Garcia	22	#bd3200	2021-11-25	Viral 50	is
6f5ExP43esnvdKPddwKXJH	Better Days (NEIKED x Mae Muller x Polo G)	NEIKED	23	#84bd00	2021-11-25	Viral 50	is
4mIHgQ3ofK2RK34UdbqMbe	Ambition For Cash	Key Glock	24	#84bd00	2021-11-25	Viral 50	is
79nEEoEPY2w8EXj9hjn5oc	Ginseng Strip 2002	Yung Lean	25	#84bd00	2021-11-25	Viral 50	is
04S1pkp1VaIqjg8zZqknR5	Enchanted	Taylor Swift	26	#84bd00	2021-11-25	Viral 50	is
4IhTXiZLKATmwhMZIb1GQN	Lights Are On	Tom Rosenthal	27	#84bd00	2021-11-25	Viral 50	is
5IjZHSeqDxHYPjf9zGSCyB	Undir Mistilteini (feat. Svala)	Egill Ploder, Ingi Bauer	28	#84bd00	2021-11-25	Viral 50	is
5cj416SY1N7Tz0PasETwv6	Grillið inn	Hjálmar, Prins Póló	29	#bd3200	2021-11-25	Viral 50	is
6rpXQFICPbN0VRSD8VUIni	Haustið (feat. Friðrik Dór)	Karen Ósk	30	#bd3200	2021-11-25	Viral 50	is
3CLSHJv5aUROAN2vfOyCOh	Close Eyes	DVRST	31	#84bd00	2021-11-25	Viral 50	is
4frx9f5aTwWVRpHKNn7Q8O	Slæmir Ávanar (feat. Krabba Mane)	Birnir	32	#3e3e40	2021-11-25	Viral 50	is
35mBYyB61qTcGGj7MXIRM1	Cpr	cupcakKe	33	#84bd00	2021-11-25	Viral 50	is
4yNoUQkYf1QF8iYlEzNynH	Who Want Smoke?? (feat. G Herbo, Lil Durk & 21 Savage)	Nardo Wick	34	#84bd00	2021-11-25	Viral 50	is
5LLrxqwqc8Q8cftLi2fJHd	Geimferðalangur (Lifandi)	Frostrósir	35	#84bd00	2021-11-25	Viral 50	is
0V5cvmTKsYmF5FmGGEAfmS	Je te laisserai des mots	Patrick Watson	36	#84bd00	2021-11-25	Viral 50	is
1sAcYqiUbqZrV7v4n5Uple	Want me	Cl4ppers	37	#84bd00	2021-11-25	Viral 50	is
4SqWKzw0CbA05TGszDgMlc	I Love You So	The Walters	38	#4687d7	2021-11-25	Viral 50	is
49DZrH66963nmHDXi7H3qp	Tendrum Minningar	Einar Ágúst	39	#84bd00	2021-11-25	Viral 50	is
5phjnA00QqNdF7oo8a6yu0	ROLLIN N CONTROLLIN, Pt.2 (PICTURE ME)	DUSTY LOCANE	40	#84bd00	2021-11-25	Viral 50	is
5gmkw2031VVIboYqPIjSWB	1 Scale (feat. G Herbo)	Young Dolph	41	#bd3200	2021-11-25	Viral 50	is
3kJ6VV0223AMZZRcnJ6L94	Baugar	Birnir	42	#bd3200	2021-11-25	Viral 50	is
27XMmSWSOXJ7eVb40tH93T	MEMORIES!	347aidan	43	#4687d7	2021-11-25	Viral 50	is
5Pl2CXDkaP6WEnJ0bpKGOm	Organ Sonata No. 4, BWV 528: II. Andante [Adagio] (Transcr. by August Stradal)	Johann Sebastian Bach, Víkingur Ólafsson	44	#84bd00	2021-11-25	Viral 50	is
4kLLWz7srcuLKA7Et40PQR	I Gotta Feeling	Black Eyed Peas	45	#84bd00	2021-11-25	Viral 50	is
6GomT970rCOkKAyyrwJeZi	Move Your Body	Öwnboss, Sevek	46	#3e3e40	2021-11-25	Viral 50	is
2B4GHvToeLTOBB4QLzW3Ni	Pepas	Farruko	47	#bd3200	2021-11-25	Viral 50	is
7v4pPS4A7NgY7bxFA3Etv3	HOT DEMON B!TCHES NEAR U ! ! !	CORPSE, Night Lovell	48	#4687d7	2021-11-25	Viral 50	is
3BrWLBC4WYx393yRUOlTih	Meet Me At Our Spot - Live	THE ANXIETY, WILLOW, Tyler Cole	49	#4687d7	2021-11-25	Viral 50	is
07MDkzWARZaLEdKxo6yArG	Meet Me At Our Spot	THE ANXIETY, WILLOW, Tyler Cole	50	#4687d7	2021-11-25	Viral 50	is
20on25jryn53hWghthWWW3	Do It To It	ACRAZE, Cherish	1	#3e3e40	2021-11-26	Viral 50	is
4fouWK6XVHhzl78KzQ1UjL	abcdefu	GAYLE	2	#3e3e40	2021-11-26	Viral 50	is
3VTNVsTTu05dmTsVFrmGpK	Fairytale of New York (feat. Kirsty MacColl)	The Pogues	3	#84bd00	2021-11-26	Viral 50	is
09gysnJpfQ3ublBmJDfcEC	SAD GIRLZ LUV MONEY Remix (feat. Kali Uchis and Moliy)	Amaarae	4	#bd3200	2021-11-26	Viral 50	is
1r9xUipOqoNwggBpENDsvJ	Enemy (with JID) - from the series Arcane League of Legends	Imagine Dragons	5	#3e3e40	2021-11-26	Viral 50	is
1EQFOouqdKYdpbNoOHRVO2	abcdefu (angrier)	GAYLE	6	#84bd00	2021-11-26	Viral 50	is
6jHBzdq0by8m9DcQ6lL8VG	Með stjörnunum	Herbert Guðmundsson	7	#3e3e40	2021-11-26	Viral 50	is
6M47gaKejso9772SKTa3yH	Face Off	Tech N9ne, Joey Cool, King Iso, Dwayne Johnson	8	#bd3200	2021-11-26	Viral 50	is
2IAR0DziHCjSu16gR4ihvy	Nothing	Bruno Major	9	#84bd00	2021-11-26	Viral 50	is
46IZ0fSY2mpAiktS3KOqds	Easy On Me	Adele	10	#bd3200	2021-11-26	Viral 50	is
2gQPv5jvVPqU2a9HhMNO1v	Toxic	BoyWithUke	11	#84bd00	2021-11-26	Viral 50	is
2TwrUQObMK4S2cJA6Ub7FF	Aumingi með Bónuspoka	Dr. Gunni	12	#bd3200	2021-11-26	Viral 50	is
5rF6YUIlgiat22OT1lWspJ	Seventeen Going Under	Sam Fender	13	#bd3200	2021-11-26	Viral 50	is
4gZxxKhNOiCQ3aaMhzsJXD	Litla Ljót	Megasukk	14	#4687d7	2021-11-26	Viral 50	is
135Lf4Q0CzlMNfOxbEUsLH	GHOST TOWN	Benson Boone	15	#3e3e40	2021-11-26	Viral 50	is
3RkoMHO82pcLpCosDR7Gbj	Þegar Þú Blikkar (feat. Björgvin Halldórsson)	Herra Hnetusmjör	16	#bd3200	2021-11-26	Viral 50	is
2vXKRlJBXyOcvZYTdNeckS	Lost in the Fire (feat. The Weeknd)	Gesaffelstein	17	#84bd00	2021-11-26	Viral 50	is
0RYHqnmtNRfbYxP6Dn8Vse	masquerade	siouxxie sixxsta	18	#bd3200	2021-11-26	Viral 50	is
4cHKd6qPMR1TMx55KHlida	Notion	The Rare Occasions	19	#bd3200	2021-11-26	Viral 50	is
62P3CMQAknHW4iftsBD41Y	Eleanor Rigby	Cody Fry	20	#84bd00	2021-11-26	Viral 50	is
7rglLriMNBPAyuJOMGwi39	Cold Heart - PNAU Remix	Elton John, Dua Lipa	21	#bd3200	2021-11-26	Viral 50	is
6f5ExP43esnvdKPddwKXJH	Better Days (NEIKED x Mae Muller x Polo G)	NEIKED	22	#84bd00	2021-11-26	Viral 50	is
79nEEoEPY2w8EXj9hjn5oc	Ginseng Strip 2002	Yung Lean	23	#84bd00	2021-11-26	Viral 50	is
5IjZHSeqDxHYPjf9zGSCyB	Undir Mistilteini (feat. Svala)	Egill Ploder, Ingi Bauer	24	#84bd00	2021-11-26	Viral 50	is
04S1pkp1VaIqjg8zZqknR5	Enchanted	Taylor Swift	25	#84bd00	2021-11-26	Viral 50	is
4IhTXiZLKATmwhMZIb1GQN	Lights Are On	Tom Rosenthal	26	#84bd00	2021-11-26	Viral 50	is
2gpWyfu7eZ01zzncHpxOtA	Moth To A Flame (with The Weeknd)	Swedish House Mafia	27	#bd3200	2021-11-26	Viral 50	is
5LLrxqwqc8Q8cftLi2fJHd	Geimferðalangur (Lifandi)	Frostrósir	28	#84bd00	2021-11-26	Viral 50	is
35mBYyB61qTcGGj7MXIRM1	Cpr	cupcakKe	29	#84bd00	2021-11-26	Viral 50	is
4yNoUQkYf1QF8iYlEzNynH	Who Want Smoke?? (feat. G Herbo, Lil Durk & 21 Savage)	Nardo Wick	30	#84bd00	2021-11-26	Viral 50	is
5cj416SY1N7Tz0PasETwv6	Grillið inn	Hjálmar, Prins Póló	31	#bd3200	2021-11-26	Viral 50	is
4mIHgQ3ofK2RK34UdbqMbe	Ambition For Cash	Key Glock	32	#bd3200	2021-11-26	Viral 50	is
49DZrH66963nmHDXi7H3qp	Tendrum Minningar	Einar Ágúst	33	#84bd00	2021-11-26	Viral 50	is
5VVznM65c8WDK4MQrubfO2	Drink Beer	Bassbrain, Dirty Workz	34	#4687d7	2021-11-26	Viral 50	is
4SqWKzw0CbA05TGszDgMlc	I Love You So	The Walters	35	#84bd00	2021-11-26	Viral 50	is
0V5cvmTKsYmF5FmGGEAfmS	Je te laisserai des mots	Patrick Watson	36	#3e3e40	2021-11-26	Viral 50	is
07MDkzWARZaLEdKxo6yArG	Meet Me At Our Spot	THE ANXIETY, WILLOW, Tyler Cole	37	#84bd00	2021-11-26	Viral 50	is
5reQI13tWWYDLMrGcUF4Mk	Nuestra Canción	Monsieur Periné, Vicente Garcia	38	#bd3200	2021-11-26	Viral 50	is
4frx9f5aTwWVRpHKNn7Q8O	Slæmir Ávanar (feat. Krabba Mane)	Birnir	39	#bd3200	2021-11-26	Viral 50	is
6rpXQFICPbN0VRSD8VUIni	Haustið (feat. Friðrik Dór)	Karen Ósk	40	#bd3200	2021-11-26	Viral 50	is
27XMmSWSOXJ7eVb40tH93T	MEMORIES!	347aidan	41	#84bd00	2021-11-26	Viral 50	is
1sAcYqiUbqZrV7v4n5Uple	Want me	Cl4ppers	42	#bd3200	2021-11-26	Viral 50	is
5Pl2CXDkaP6WEnJ0bpKGOm	Organ Sonata No. 4, BWV 528: II. Andante [Adagio] (Transcr. by August Stradal)	Johann Sebastian Bach, Víkingur Ólafsson	43	#84bd00	2021-11-26	Viral 50	is
5phjnA00QqNdF7oo8a6yu0	ROLLIN N CONTROLLIN, Pt.2 (PICTURE ME)	DUSTY LOCANE	44	#bd3200	2021-11-26	Viral 50	is
4kLLWz7srcuLKA7Et40PQR	I Gotta Feeling	Black Eyed Peas	45	#3e3e40	2021-11-26	Viral 50	is
2Xr1dTzJee307rmrkt8c0g	love nwantiti (ah ah ah)	CKay	46	#4687d7	2021-11-26	Viral 50	is
5WH6soOfEZ3x8Fs87zrlQi	Stjarnan mín	Íslensku dívurnar	47	#4687d7	2021-11-26	Viral 50	is
5gmkw2031VVIboYqPIjSWB	1 Scale (feat. G Herbo)	Young Dolph	48	#bd3200	2021-11-26	Viral 50	is
3CLSHJv5aUROAN2vfOyCOh	Close Eyes	DVRST	49	#bd3200	2021-11-26	Viral 50	is
7v4pPS4A7NgY7bxFA3Etv3	HOT DEMON B!TCHES NEAR U ! ! !	CORPSE, Night Lovell	50	#bd3200	2021-11-26	Viral 50	is
20on25jryn53hWghthWWW3	Do It To It	ACRAZE, Cherish	1	#3e3e40	2021-11-27	Viral 50	is
4fouWK6XVHhzl78KzQ1UjL	abcdefu	GAYLE	2	#3e3e40	2021-11-27	Viral 50	is
3VTNVsTTu05dmTsVFrmGpK	Fairytale of New York (feat. Kirsty MacColl)	The Pogues	3	#3e3e40	2021-11-27	Viral 50	is
4gZxxKhNOiCQ3aaMhzsJXD	Litla Ljót	Megasukk	4	#84bd00	2021-11-27	Viral 50	is
09gysnJpfQ3ublBmJDfcEC	SAD GIRLZ LUV MONEY Remix (feat. Kali Uchis and Moliy)	Amaarae	5	#bd3200	2021-11-27	Viral 50	is
2gQPv5jvVPqU2a9HhMNO1v	Toxic	BoyWithUke	6	#84bd00	2021-11-27	Viral 50	is
46IZ0fSY2mpAiktS3KOqds	Easy On Me	Adele	7	#84bd00	2021-11-27	Viral 50	is
1r9xUipOqoNwggBpENDsvJ	Enemy (with JID) - from the series Arcane League of Legends	Imagine Dragons	8	#bd3200	2021-11-27	Viral 50	is
1EQFOouqdKYdpbNoOHRVO2	abcdefu (angrier)	GAYLE	9	#bd3200	2021-11-27	Viral 50	is
2IAR0DziHCjSu16gR4ihvy	Nothing	Bruno Major	10	#bd3200	2021-11-27	Viral 50	is
5rF6YUIlgiat22OT1lWspJ	Seventeen Going Under	Sam Fender	11	#84bd00	2021-11-27	Viral 50	is
3RkoMHO82pcLpCosDR7Gbj	Þegar Þú Blikkar (feat. Björgvin Halldórsson)	Herra Hnetusmjör	12	#84bd00	2021-11-27	Viral 50	is
6jHBzdq0by8m9DcQ6lL8VG	Með stjörnunum	Herbert Guðmundsson	13	#bd3200	2021-11-27	Viral 50	is
4cHKd6qPMR1TMx55KHlida	Notion	The Rare Occasions	14	#84bd00	2021-11-27	Viral 50	is
6M47gaKejso9772SKTa3yH	Face Off	Tech N9ne, Joey Cool, King Iso, Dwayne Johnson	15	#bd3200	2021-11-27	Viral 50	is
135Lf4Q0CzlMNfOxbEUsLH	GHOST TOWN	Benson Boone	16	#bd3200	2021-11-27	Viral 50	is
2TwrUQObMK4S2cJA6Ub7FF	Aumingi með Bónuspoka	Dr. Gunni	17	#bd3200	2021-11-27	Viral 50	is
2vXKRlJBXyOcvZYTdNeckS	Lost in the Fire (feat. The Weeknd)	Gesaffelstein	18	#bd3200	2021-11-27	Viral 50	is
0RYHqnmtNRfbYxP6Dn8Vse	masquerade	siouxxie sixxsta	19	#bd3200	2021-11-27	Viral 50	is
62P3CMQAknHW4iftsBD41Y	Eleanor Rigby	Cody Fry	20	#3e3e40	2021-11-27	Viral 50	is
5IjZHSeqDxHYPjf9zGSCyB	Undir Mistilteini (feat. Svala)	Egill Ploder, Ingi Bauer	21	#84bd00	2021-11-27	Viral 50	is
4yNoUQkYf1QF8iYlEzNynH	Who Want Smoke?? (feat. G Herbo, Lil Durk & 21 Savage)	Nardo Wick	22	#84bd00	2021-11-27	Viral 50	is
6f5ExP43esnvdKPddwKXJH	Better Days (NEIKED x Mae Muller x Polo G)	NEIKED	23	#bd3200	2021-11-27	Viral 50	is
35mBYyB61qTcGGj7MXIRM1	Cpr	cupcakKe	24	#84bd00	2021-11-27	Viral 50	is
5cj416SY1N7Tz0PasETwv6	Grillið inn	Hjálmar, Prins Póló	25	#84bd00	2021-11-27	Viral 50	is
5LLrxqwqc8Q8cftLi2fJHd	Geimferðalangur (Lifandi)	Frostrósir	26	#84bd00	2021-11-27	Viral 50	is
4IhTXiZLKATmwhMZIb1GQN	Lights Are On	Tom Rosenthal	27	#bd3200	2021-11-27	Viral 50	is
49DZrH66963nmHDXi7H3qp	Tendrum Minningar	Einar Ágúst	28	#84bd00	2021-11-27	Viral 50	is
5reQI13tWWYDLMrGcUF4Mk	Nuestra Canción	Monsieur Periné, Vicente Garcia	29	#84bd00	2021-11-27	Viral 50	is
2gpWyfu7eZ01zzncHpxOtA	Moth To A Flame (with The Weeknd)	Swedish House Mafia	30	#bd3200	2021-11-27	Viral 50	is
79nEEoEPY2w8EXj9hjn5oc	Ginseng Strip 2002	Yung Lean	31	#bd3200	2021-11-27	Viral 50	is
7rglLriMNBPAyuJOMGwi39	Cold Heart - PNAU Remix	Elton John, Dua Lipa	32	#bd3200	2021-11-27	Viral 50	is
5VVznM65c8WDK4MQrubfO2	Drink Beer	Bassbrain, Dirty Workz	33	#84bd00	2021-11-27	Viral 50	is
4mIHgQ3ofK2RK34UdbqMbe	Ambition For Cash	Key Glock	34	#bd3200	2021-11-27	Viral 50	is
04S1pkp1VaIqjg8zZqknR5	Enchanted	Taylor Swift	35	#bd3200	2021-11-27	Viral 50	is
4SqWKzw0CbA05TGszDgMlc	I Love You So	The Walters	36	#bd3200	2021-11-27	Viral 50	is
5phjnA00QqNdF7oo8a6yu0	ROLLIN N CONTROLLIN, Pt.2 (PICTURE ME)	DUSTY LOCANE	37	#84bd00	2021-11-27	Viral 50	is
0V5cvmTKsYmF5FmGGEAfmS	Je te laisserai des mots	Patrick Watson	38	#bd3200	2021-11-27	Viral 50	is
27XMmSWSOXJ7eVb40tH93T	MEMORIES!	347aidan	39	#84bd00	2021-11-27	Viral 50	is
5WH6soOfEZ3x8Fs87zrlQi	Stjarnan mín	Íslensku dívurnar	40	#84bd00	2021-11-27	Viral 50	is
1sAcYqiUbqZrV7v4n5Uple	Want me	Cl4ppers	41	#84bd00	2021-11-27	Viral 50	is
6rpXQFICPbN0VRSD8VUIni	Haustið (feat. Friðrik Dór)	Karen Ósk	42	#bd3200	2021-11-27	Viral 50	is
07MDkzWARZaLEdKxo6yArG	Meet Me At Our Spot	THE ANXIETY, WILLOW, Tyler Cole	43	#bd3200	2021-11-27	Viral 50	is
4frx9f5aTwWVRpHKNn7Q8O	Slæmir Ávanar (feat. Krabba Mane)	Birnir	44	#bd3200	2021-11-27	Viral 50	is
2Xr1dTzJee307rmrkt8c0g	love nwantiti (ah ah ah)	CKay	45	#84bd00	2021-11-27	Viral 50	is
3CLSHJv5aUROAN2vfOyCOh	Close Eyes	DVRST	46	#84bd00	2021-11-27	Viral 50	is
4btFHqumCO31GksfuBLLv3	Overpass Graffiti	Ed Sheeran	47	#4687d7	2021-11-27	Viral 50	is
2B4GHvToeLTOBB4QLzW3Ni	Pepas	Farruko	48	#4687d7	2021-11-27	Viral 50	is
5gmkw2031VVIboYqPIjSWB	1 Scale (feat. G Herbo)	Young Dolph	49	#bd3200	2021-11-27	Viral 50	is
6GomT970rCOkKAyyrwJeZi	Move Your Body	Öwnboss, Sevek	50	#4687d7	2021-11-27	Viral 50	is
4fouWK6XVHhzl78KzQ1UjL	abcdefu	GAYLE	1	#84bd00	2021-11-28	Viral 50	is
20on25jryn53hWghthWWW3	Do It To It	ACRAZE, Cherish	2	#bd3200	2021-11-28	Viral 50	is
4gZxxKhNOiCQ3aaMhzsJXD	Litla Ljót	Megasukk	3	#84bd00	2021-11-28	Viral 50	is
3VTNVsTTu05dmTsVFrmGpK	Fairytale of New York (feat. Kirsty MacColl)	The Pogues	4	#bd3200	2021-11-28	Viral 50	is
2gQPv5jvVPqU2a9HhMNO1v	Toxic	BoyWithUke	5	#84bd00	2021-11-28	Viral 50	is
09gysnJpfQ3ublBmJDfcEC	SAD GIRLZ LUV MONEY Remix (feat. Kali Uchis and Moliy)	Amaarae	6	#bd3200	2021-11-28	Viral 50	is
46IZ0fSY2mpAiktS3KOqds	Easy On Me	Adele	7	#3e3e40	2021-11-28	Viral 50	is
1EQFOouqdKYdpbNoOHRVO2	abcdefu (angrier)	GAYLE	8	#84bd00	2021-11-28	Viral 50	is
1r9xUipOqoNwggBpENDsvJ	Enemy (with JID) - from the series Arcane League of Legends	Imagine Dragons	9	#bd3200	2021-11-28	Viral 50	is
135Lf4Q0CzlMNfOxbEUsLH	GHOST TOWN	Benson Boone	10	#84bd00	2021-11-28	Viral 50	is
3RkoMHO82pcLpCosDR7Gbj	Þegar Þú Blikkar (feat. Björgvin Halldórsson)	Herra Hnetusmjör	11	#84bd00	2021-11-28	Viral 50	is
5rF6YUIlgiat22OT1lWspJ	Seventeen Going Under	Sam Fender	12	#bd3200	2021-11-28	Viral 50	is
4cHKd6qPMR1TMx55KHlida	Notion	The Rare Occasions	13	#84bd00	2021-11-28	Viral 50	is
6jHBzdq0by8m9DcQ6lL8VG	Með stjörnunum	Herbert Guðmundsson	14	#bd3200	2021-11-28	Viral 50	is
2IAR0DziHCjSu16gR4ihvy	Nothing	Bruno Major	15	#bd3200	2021-11-28	Viral 50	is
0RYHqnmtNRfbYxP6Dn8Vse	masquerade	siouxxie sixxsta	16	#84bd00	2021-11-28	Viral 50	is
2TwrUQObMK4S2cJA6Ub7FF	Aumingi með Bónuspoka	Dr. Gunni	17	#3e3e40	2021-11-28	Viral 50	is
6M47gaKejso9772SKTa3yH	Face Off	Tech N9ne, Joey Cool, King Iso, Dwayne Johnson	18	#bd3200	2021-11-28	Viral 50	is
62P3CMQAknHW4iftsBD41Y	Eleanor Rigby	Cody Fry	19	#84bd00	2021-11-28	Viral 50	is
5IjZHSeqDxHYPjf9zGSCyB	Undir Mistilteini (feat. Svala)	Egill Ploder, Ingi Bauer	20	#84bd00	2021-11-28	Viral 50	is
2vXKRlJBXyOcvZYTdNeckS	Lost in the Fire (feat. The Weeknd)	Gesaffelstein	21	#bd3200	2021-11-28	Viral 50	is
35mBYyB61qTcGGj7MXIRM1	Cpr	cupcakKe	22	#84bd00	2021-11-28	Viral 50	is
5reQI13tWWYDLMrGcUF4Mk	Nuestra Canción	Monsieur Periné, Vicente Garcia	23	#84bd00	2021-11-28	Viral 50	is
5cj416SY1N7Tz0PasETwv6	Grillið inn	Hjálmar, Prins Póló	24	#84bd00	2021-11-28	Viral 50	is
4yNoUQkYf1QF8iYlEzNynH	Who Want Smoke?? (feat. G Herbo, Lil Durk & 21 Savage)	Nardo Wick	25	#bd3200	2021-11-28	Viral 50	is
5WH6soOfEZ3x8Fs87zrlQi	Stjarnan mín	Íslensku dívurnar	26	#84bd00	2021-11-28	Viral 50	is
49DZrH66963nmHDXi7H3qp	Tendrum Minningar	Einar Ágúst	27	#84bd00	2021-11-28	Viral 50	is
79nEEoEPY2w8EXj9hjn5oc	Ginseng Strip 2002	Yung Lean	28	#84bd00	2021-11-28	Viral 50	is
4IhTXiZLKATmwhMZIb1GQN	Lights Are On	Tom Rosenthal	29	#bd3200	2021-11-28	Viral 50	is
7rglLriMNBPAyuJOMGwi39	Cold Heart - PNAU Remix	Elton John, Dua Lipa	30	#84bd00	2021-11-28	Viral 50	is
2gpWyfu7eZ01zzncHpxOtA	Moth To A Flame (with The Weeknd)	Swedish House Mafia	31	#bd3200	2021-11-28	Viral 50	is
4mIHgQ3ofK2RK34UdbqMbe	Ambition For Cash	Key Glock	32	#84bd00	2021-11-28	Viral 50	is
5VVznM65c8WDK4MQrubfO2	Drink Beer	Bassbrain, Dirty Workz	33	#3e3e40	2021-11-28	Viral 50	is
1xIqDFx3KdByBnKMlTECcM	Coming for You (feat. A1 x J1)	SwitchOTR	34	#4687d7	2021-11-28	Viral 50	is
27XMmSWSOXJ7eVb40tH93T	MEMORIES!	347aidan	35	#84bd00	2021-11-28	Viral 50	is
4SqWKzw0CbA05TGszDgMlc	I Love You So	The Walters	36	#3e3e40	2021-11-28	Viral 50	is
04S1pkp1VaIqjg8zZqknR5	Enchanted	Taylor Swift	37	#bd3200	2021-11-28	Viral 50	is
1sAcYqiUbqZrV7v4n5Uple	Want me	Cl4ppers	38	#84bd00	2021-11-28	Viral 50	is
3CLSHJv5aUROAN2vfOyCOh	Close Eyes	DVRST	39	#84bd00	2021-11-28	Viral 50	is
5phjnA00QqNdF7oo8a6yu0	ROLLIN N CONTROLLIN, Pt.2 (PICTURE ME)	DUSTY LOCANE	40	#bd3200	2021-11-28	Viral 50	is
07MDkzWARZaLEdKxo6yArG	Meet Me At Our Spot	THE ANXIETY, WILLOW, Tyler Cole	41	#84bd00	2021-11-28	Viral 50	is
4btFHqumCO31GksfuBLLv3	Overpass Graffiti	Ed Sheeran	42	#84bd00	2021-11-28	Viral 50	is
05EG9LwFCVjkoYEWzsrHHO	Legend	Tevvez	43	#4687d7	2021-11-28	Viral 50	is
4frx9f5aTwWVRpHKNn7Q8O	Slæmir Ávanar (feat. Krabba Mane)	Birnir	44	#3e3e40	2021-11-28	Viral 50	is
6rpXQFICPbN0VRSD8VUIni	Haustið (feat. Friðrik Dór)	Karen Ósk	45	#bd3200	2021-11-28	Viral 50	is
46nvQpUDsxpS08UTFOeKTA	Tell It To My Heart	MEDUZA, Hozier	46	#4687d7	2021-11-28	Viral 50	is
2Xr1dTzJee307rmrkt8c0g	love nwantiti (ah ah ah)	CKay	47	#bd3200	2021-11-28	Viral 50	is
0V5cvmTKsYmF5FmGGEAfmS	Je te laisserai des mots	Patrick Watson	48	#bd3200	2021-11-28	Viral 50	is
2B4GHvToeLTOBB4QLzW3Ni	Pepas	Farruko	49	#bd3200	2021-11-28	Viral 50	is
3L545updZMVxAsaYV6K8Z9	Pretty	Coco & Clair Clair, Okthxbb	50	#4687d7	2021-11-28	Viral 50	is
4fouWK6XVHhzl78KzQ1UjL	abcdefu	GAYLE	1	#3e3e40	2021-11-29	Viral 50	is
4gZxxKhNOiCQ3aaMhzsJXD	Litla Ljót	Megasukk	2	#84bd00	2021-11-29	Viral 50	is
20on25jryn53hWghthWWW3	Do It To It	ACRAZE, Cherish	3	#bd3200	2021-11-29	Viral 50	is
3VTNVsTTu05dmTsVFrmGpK	Fairytale of New York (feat. Kirsty MacColl)	The Pogues	4	#3e3e40	2021-11-29	Viral 50	is
1r9xUipOqoNwggBpENDsvJ	Enemy (with JID) - from the series Arcane League of Legends	Imagine Dragons	5	#84bd00	2021-11-29	Viral 50	is
09gysnJpfQ3ublBmJDfcEC	SAD GIRLZ LUV MONEY Remix (feat. Kali Uchis and Moliy)	Amaarae	6	#3e3e40	2021-11-29	Viral 50	is
2gQPv5jvVPqU2a9HhMNO1v	Toxic	BoyWithUke	7	#bd3200	2021-11-29	Viral 50	is
3RkoMHO82pcLpCosDR7Gbj	Þegar Þú Blikkar (feat. Björgvin Halldórsson)	Herra Hnetusmjör	8	#84bd00	2021-11-29	Viral 50	is
46IZ0fSY2mpAiktS3KOqds	Easy On Me	Adele	9	#bd3200	2021-11-29	Viral 50	is
5rF6YUIlgiat22OT1lWspJ	Seventeen Going Under	Sam Fender	10	#84bd00	2021-11-29	Viral 50	is
6jHBzdq0by8m9DcQ6lL8VG	Með stjörnunum	Herbert Guðmundsson	11	#84bd00	2021-11-29	Viral 50	is
1EQFOouqdKYdpbNoOHRVO2	abcdefu (angrier)	GAYLE	12	#bd3200	2021-11-29	Viral 50	is
4cHKd6qPMR1TMx55KHlida	Notion	The Rare Occasions	13	#3e3e40	2021-11-29	Viral 50	is
6Jzdxguk63s6CVVXHIrQ0x	Own Brand Freestyle	FelixThe1st, Dréya Mac, Finch Fetti	14	#4687d7	2021-11-29	Viral 50	is
0RYHqnmtNRfbYxP6Dn8Vse	masquerade	siouxxie sixxsta	15	#84bd00	2021-11-29	Viral 50	is
2IAR0DziHCjSu16gR4ihvy	Nothing	Bruno Major	16	#bd3200	2021-11-29	Viral 50	is
2BzAGK3lEZAQz5cU0Ae1wd	Flowers (Say My Name)	ArrDee	17	#4687d7	2021-11-29	Viral 50	is
35mBYyB61qTcGGj7MXIRM1	Cpr	cupcakKe	18	#84bd00	2021-11-29	Viral 50	is
0kKVxEL8ia1F3vKQj6GVeL	Ætla ekki að eyða þeim ein	Jóhanna Guðrún	19	#4687d7	2021-11-29	Viral 50	is
00Blm7zeNqgYLPtW6zg8cj	One Right Now (with The Weeknd)	Post Malone	20	#4687d7	2021-11-29	Viral 50	is
2TwrUQObMK4S2cJA6Ub7FF	Aumingi með Bónuspoka	Dr. Gunni	21	#bd3200	2021-11-29	Viral 50	is
62P3CMQAknHW4iftsBD41Y	Eleanor Rigby	Cody Fry	22	#bd3200	2021-11-29	Viral 50	is
5WH6soOfEZ3x8Fs87zrlQi	Stjarnan mín	Íslensku dívurnar	23	#84bd00	2021-11-29	Viral 50	is
49DZrH66963nmHDXi7H3qp	Tendrum Minningar	Einar Ágúst	24	#84bd00	2021-11-29	Viral 50	is
6b31SENcbKaLL0ujHR6rbv	BOOM	DJ Muscleboy, Yohanna	25	#4687d7	2021-11-29	Viral 50	is
7sMBvZCSUl99bJLXZaLa0b	Smokin Out The Window	Bruno Mars, Anderson .Paak, Silk Sonic	26	#4687d7	2021-11-29	Viral 50	is
135Lf4Q0CzlMNfOxbEUsLH	GHOST TOWN	Benson Boone	27	#bd3200	2021-11-29	Viral 50	is
5cj416SY1N7Tz0PasETwv6	Grillið inn	Hjálmar, Prins Póló	28	#bd3200	2021-11-29	Viral 50	is
18asYwWugKjjsihZ0YvRxO	The Motto	Tiësto, Ava Max	29	#4687d7	2021-11-29	Viral 50	is
6M47gaKejso9772SKTa3yH	Face Off	Tech N9ne, Joey Cool, King Iso, Dwayne Johnson	30	#bd3200	2021-11-29	Viral 50	is
7rglLriMNBPAyuJOMGwi39	Cold Heart - PNAU Remix	Elton John, Dua Lipa	31	#bd3200	2021-11-29	Viral 50	is
5reQI13tWWYDLMrGcUF4Mk	Nuestra Canción	Monsieur Periné, Vicente Garcia	32	#bd3200	2021-11-29	Viral 50	is
4yNoUQkYf1QF8iYlEzNynH	Who Want Smoke?? (feat. G Herbo, Lil Durk & 21 Savage)	Nardo Wick	33	#bd3200	2021-11-29	Viral 50	is
2vXKRlJBXyOcvZYTdNeckS	Lost in the Fire (feat. The Weeknd)	Gesaffelstein	34	#bd3200	2021-11-29	Viral 50	is
79nEEoEPY2w8EXj9hjn5oc	Ginseng Strip 2002	Yung Lean	35	#bd3200	2021-11-29	Viral 50	is
1xIqDFx3KdByBnKMlTECcM	Coming for You (feat. A1 x J1)	SwitchOTR	36	#bd3200	2021-11-29	Viral 50	is
2gpWyfu7eZ01zzncHpxOtA	Moth To A Flame (with The Weeknd)	Swedish House Mafia	37	#bd3200	2021-11-29	Viral 50	is
5VVznM65c8WDK4MQrubfO2	Drink Beer	Bassbrain, Dirty Workz	38	#bd3200	2021-11-29	Viral 50	is
27XMmSWSOXJ7eVb40tH93T	MEMORIES!	347aidan	39	#bd3200	2021-11-29	Viral 50	is
4mIHgQ3ofK2RK34UdbqMbe	Ambition For Cash	Key Glock	40	#bd3200	2021-11-29	Viral 50	is
58mwfsOQFW88CWo7mIBHS1	Want me (OFFICIAL SONG)	Cl4pers	41	#bd3200	2021-11-29	Viral 50	is
6rpXQFICPbN0VRSD8VUIni	Haustið (feat. Friðrik Dór)	Karen Ósk	42	#84bd00	2021-11-29	Viral 50	is
05EG9LwFCVjkoYEWzsrHHO	Legend	Tevvez	43	#3e3e40	2021-11-29	Viral 50	is
07MDkzWARZaLEdKxo6yArG	Meet Me At Our Spot	THE ANXIETY, WILLOW, Tyler Cole	44	#bd3200	2021-11-29	Viral 50	is
04S1pkp1VaIqjg8zZqknR5	Enchanted	Taylor Swift	45	#bd3200	2021-11-29	Viral 50	is
5phjnA00QqNdF7oo8a6yu0	ROLLIN N CONTROLLIN, Pt.2 (PICTURE ME)	DUSTY LOCANE	46	#bd3200	2021-11-29	Viral 50	is
46nvQpUDsxpS08UTFOeKTA	Tell It To My Heart	MEDUZA, Hozier	47	#bd3200	2021-11-29	Viral 50	is
0V5cvmTKsYmF5FmGGEAfmS	Je te laisserai des mots	Patrick Watson	48	#3e3e40	2021-11-29	Viral 50	is
3L545updZMVxAsaYV6K8Z9	Pretty	Coco & Clair Clair, Okthxbb	49	#84bd00	2021-11-29	Viral 50	is
2Xr1dTzJee307rmrkt8c0g	love nwantiti (ah ah ah)	CKay	50	#bd3200	2021-11-29	Viral 50	is
4fouWK6XVHhzl78KzQ1UjL	abcdefu	GAYLE	1	#3e3e40	2021-11-30	Viral 50	is
20on25jryn53hWghthWWW3	Do It To It	ACRAZE, Cherish	2	#84bd00	2021-11-30	Viral 50	is
4gZxxKhNOiCQ3aaMhzsJXD	Litla Ljót	Megasukk	3	#bd3200	2021-11-30	Viral 50	is
3VTNVsTTu05dmTsVFrmGpK	Fairytale of New York (feat. Kirsty MacColl)	The Pogues	4	#3e3e40	2021-11-30	Viral 50	is
2gQPv5jvVPqU2a9HhMNO1v	Toxic	BoyWithUke	5	#84bd00	2021-11-30	Viral 50	is
1EQFOouqdKYdpbNoOHRVO2	abcdefu (angrier)	GAYLE	6	#84bd00	2021-11-30	Viral 50	is
1r9xUipOqoNwggBpENDsvJ	Enemy (with JID) - from the series Arcane League of Legends	Imagine Dragons	7	#bd3200	2021-11-30	Viral 50	is
3RkoMHO82pcLpCosDR7Gbj	Þegar Þú Blikkar (feat. Björgvin Halldórsson)	Herra Hnetusmjör	8	#3e3e40	2021-11-30	Viral 50	is
1ko2lVN0vKGUl9zrU0qSlT	Just the Two of Us (feat. Bill Withers)	Grover Washington, Jr.	9	#4687d7	2021-11-30	Viral 50	is
09gysnJpfQ3ublBmJDfcEC	SAD GIRLZ LUV MONEY Remix (feat. Kali Uchis and Moliy)	Amaarae	10	#bd3200	2021-11-30	Viral 50	is
46IZ0fSY2mpAiktS3KOqds	Easy On Me	Adele	11	#bd3200	2021-11-30	Viral 50	is
5rF6YUIlgiat22OT1lWspJ	Seventeen Going Under	Sam Fender	12	#bd3200	2021-11-30	Viral 50	is
6jHBzdq0by8m9DcQ6lL8VG	Með stjörnunum	Herbert Guðmundsson	13	#bd3200	2021-11-30	Viral 50	is
4cHKd6qPMR1TMx55KHlida	Notion	The Rare Occasions	14	#bd3200	2021-11-30	Viral 50	is
6Jzdxguk63s6CVVXHIrQ0x	Own Brand Freestyle	FelixThe1st, Dréya Mac, Finch Fetti	15	#bd3200	2021-11-30	Viral 50	is
2IAR0DziHCjSu16gR4ihvy	Nothing	Bruno Major	16	#3e3e40	2021-11-30	Viral 50	is
0kKVxEL8ia1F3vKQj6GVeL	Ætla ekki að eyða þeim ein	Jóhanna Guðrún	17	#84bd00	2021-11-30	Viral 50	is
6b31SENcbKaLL0ujHR6rbv	BOOM	DJ Muscleboy, Yohanna	18	#84bd00	2021-11-30	Viral 50	is
0RYHqnmtNRfbYxP6Dn8Vse	masquerade	siouxxie sixxsta	19	#bd3200	2021-11-30	Viral 50	is
2BzAGK3lEZAQz5cU0Ae1wd	Flowers (Say My Name)	ArrDee	20	#bd3200	2021-11-30	Viral 50	is
35mBYyB61qTcGGj7MXIRM1	Cpr	cupcakKe	21	#bd3200	2021-11-30	Viral 50	is
2TwrUQObMK4S2cJA6Ub7FF	Aumingi með Bónuspoka	Dr. Gunni	22	#bd3200	2021-11-30	Viral 50	is
18asYwWugKjjsihZ0YvRxO	The Motto	Tiësto, Ava Max	23	#84bd00	2021-11-30	Viral 50	is
5WH6soOfEZ3x8Fs87zrlQi	Stjarnan mín	Íslensku dívurnar	24	#bd3200	2021-11-30	Viral 50	is
00Blm7zeNqgYLPtW6zg8cj	One Right Now (with The Weeknd)	Post Malone	25	#bd3200	2021-11-30	Viral 50	is
5LLrxqwqc8Q8cftLi2fJHd	Geimferðalangur (Lifandi)	Frostrósir	26	#4687d7	2021-11-30	Viral 50	is
49DZrH66963nmHDXi7H3qp	Tendrum Minningar	Einar Ágúst	27	#bd3200	2021-11-30	Viral 50	is
62P3CMQAknHW4iftsBD41Y	Eleanor Rigby	Cody Fry	28	#bd3200	2021-11-30	Viral 50	is
1xIqDFx3KdByBnKMlTECcM	Coming for You (feat. A1 x J1)	SwitchOTR	29	#84bd00	2021-11-30	Viral 50	is
7sMBvZCSUl99bJLXZaLa0b	Smokin Out The Window	Bruno Mars, Anderson .Paak, Silk Sonic	30	#bd3200	2021-11-30	Viral 50	is
135Lf4Q0CzlMNfOxbEUsLH	GHOST TOWN	Benson Boone	31	#bd3200	2021-11-30	Viral 50	is
4yNoUQkYf1QF8iYlEzNynH	Who Want Smoke?? (feat. G Herbo, Lil Durk & 21 Savage)	Nardo Wick	32	#84bd00	2021-11-30	Viral 50	is
5cj416SY1N7Tz0PasETwv6	Grillið inn	Hjálmar, Prins Póló	33	#bd3200	2021-11-30	Viral 50	is
5reQI13tWWYDLMrGcUF4Mk	Nuestra Canción	Monsieur Periné, Vicente Garcia	34	#bd3200	2021-11-30	Viral 50	is
79nEEoEPY2w8EXj9hjn5oc	Ginseng Strip 2002	Yung Lean	35	#3e3e40	2021-11-30	Viral 50	is
2gpWyfu7eZ01zzncHpxOtA	Moth To A Flame (with The Weeknd)	Swedish House Mafia	36	#84bd00	2021-11-30	Viral 50	is
6M47gaKejso9772SKTa3yH	Face Off	Tech N9ne, Joey Cool, King Iso, Dwayne Johnson	37	#bd3200	2021-11-30	Viral 50	is
6rpXQFICPbN0VRSD8VUIni	Haustið (feat. Friðrik Dór)	Karen Ósk	38	#84bd00	2021-11-30	Viral 50	is
7rglLriMNBPAyuJOMGwi39	Cold Heart - PNAU Remix	Elton John, Dua Lipa	39	#bd3200	2021-11-30	Viral 50	is
5VVznM65c8WDK4MQrubfO2	Drink Beer	Bassbrain, Dirty Workz	40	#bd3200	2021-11-30	Viral 50	is
4mIHgQ3ofK2RK34UdbqMbe	Ambition For Cash	Key Glock	41	#bd3200	2021-11-30	Viral 50	is
0V5cvmTKsYmF5FmGGEAfmS	Je te laisserai des mots	Patrick Watson	42	#84bd00	2021-11-30	Viral 50	is
6bW5PmDmhigjdOBgXsyn8f	Desember	Friðrik Ómar	43	#4687d7	2021-11-30	Viral 50	is
27XMmSWSOXJ7eVb40tH93T	MEMORIES!	347aidan	44	#bd3200	2021-11-30	Viral 50	is
3xGOOOPD2HjErQLyRFk5Wf	Helikopter	Fazlija	45	#4687d7	2021-11-30	Viral 50	is
6UjeFOCGYgMpBUtqKg1Je3	Alien Blues	Vundabar	46	#4687d7	2021-11-30	Viral 50	is
46nvQpUDsxpS08UTFOeKTA	Tell It To My Heart	MEDUZA, Hozier	47	#3e3e40	2021-11-30	Viral 50	is
04S1pkp1VaIqjg8zZqknR5	Enchanted	Taylor Swift	48	#bd3200	2021-11-30	Viral 50	is
2vXKRlJBXyOcvZYTdNeckS	Lost in the Fire (feat. The Weeknd)	Gesaffelstein	49	#bd3200	2021-11-30	Viral 50	is
07MDkzWARZaLEdKxo6yArG	Meet Me At Our Spot	THE ANXIETY, WILLOW, Tyler Cole	50	#bd3200	2021-11-30	Viral 50	is
4fouWK6XVHhzl78KzQ1UjL	abcdefu	GAYLE	1	#3e3e40	2021-12-01	Viral 50	is
20on25jryn53hWghthWWW3	Do It To It	ACRAZE, Cherish	2	#3e3e40	2021-12-01	Viral 50	is
4gZxxKhNOiCQ3aaMhzsJXD	Litla Ljót	Megasukk	3	#3e3e40	2021-12-01	Viral 50	is
3VTNVsTTu05dmTsVFrmGpK	Fairytale of New York (feat. Kirsty MacColl)	The Pogues	4	#3e3e40	2021-12-01	Viral 50	is
2gQPv5jvVPqU2a9HhMNO1v	Toxic	BoyWithUke	5	#3e3e40	2021-12-01	Viral 50	is
1EQFOouqdKYdpbNoOHRVO2	abcdefu (angrier)	GAYLE	6	#3e3e40	2021-12-01	Viral 50	is
1r9xUipOqoNwggBpENDsvJ	Enemy (with JID) - from the series Arcane League of Legends	Imagine Dragons	7	#3e3e40	2021-12-01	Viral 50	is
3RkoMHO82pcLpCosDR7Gbj	Þegar Þú Blikkar (feat. Björgvin Halldórsson)	Herra Hnetusmjör	8	#3e3e40	2021-12-01	Viral 50	is
46IZ0fSY2mpAiktS3KOqds	Easy On Me	Adele	9	#84bd00	2021-12-01	Viral 50	is
0kKVxEL8ia1F3vKQj6GVeL	Ætla ekki að eyða þeim ein	Jóhanna Guðrún	10	#84bd00	2021-12-01	Viral 50	is
2IAR0DziHCjSu16gR4ihvy	Nothing	Bruno Major	11	#84bd00	2021-12-01	Viral 50	is
09gysnJpfQ3ublBmJDfcEC	SAD GIRLZ LUV MONEY Remix (feat. Kali Uchis and Moliy)	Amaarae	12	#bd3200	2021-12-01	Viral 50	is
5LLrxqwqc8Q8cftLi2fJHd	Geimferðalangur (Lifandi)	Frostrósir	13	#84bd00	2021-12-01	Viral 50	is
6jHBzdq0by8m9DcQ6lL8VG	Með stjörnunum	Herbert Guðmundsson	14	#bd3200	2021-12-01	Viral 50	is
4cHKd6qPMR1TMx55KHlida	Notion	The Rare Occasions	15	#bd3200	2021-12-01	Viral 50	is
6Jzdxguk63s6CVVXHIrQ0x	Own Brand Freestyle	FelixThe1st, Dréya Mac, Finch Fetti	16	#bd3200	2021-12-01	Viral 50	is
135Lf4Q0CzlMNfOxbEUsLH	GHOST TOWN	Benson Boone	17	#84bd00	2021-12-01	Viral 50	is
6b31SENcbKaLL0ujHR6rbv	BOOM	DJ Muscleboy, Yohanna	18	#3e3e40	2021-12-01	Viral 50	is
00Blm7zeNqgYLPtW6zg8cj	One Right Now (with The Weeknd)	Post Malone	19	#84bd00	2021-12-01	Viral 50	is
5rF6YUIlgiat22OT1lWspJ	Seventeen Going Under	Sam Fender	20	#bd3200	2021-12-01	Viral 50	is
0RYHqnmtNRfbYxP6Dn8Vse	masquerade	siouxxie sixxsta	21	#bd3200	2021-12-01	Viral 50	is
2BzAGK3lEZAQz5cU0Ae1wd	Flowers (Say My Name)	ArrDee	22	#bd3200	2021-12-01	Viral 50	is
5WH6soOfEZ3x8Fs87zrlQi	Stjarnan mín	Íslensku dívurnar	23	#84bd00	2021-12-01	Viral 50	is
35mBYyB61qTcGGj7MXIRM1	Cpr	cupcakKe	24	#bd3200	2021-12-01	Viral 50	is
7sMBvZCSUl99bJLXZaLa0b	Smokin Out The Window	Bruno Mars, Anderson .Paak, Silk Sonic	25	#84bd00	2021-12-01	Viral 50	is
1xIqDFx3KdByBnKMlTECcM	Coming for You (feat. A1 x J1)	SwitchOTR	26	#84bd00	2021-12-01	Viral 50	is
6M47gaKejso9772SKTa3yH	Face Off	Tech N9ne, Joey Cool, King Iso, Dwayne Johnson	27	#84bd00	2021-12-01	Viral 50	is
2TwrUQObMK4S2cJA6Ub7FF	Aumingi með Bónuspoka	Dr. Gunni	28	#bd3200	2021-12-01	Viral 50	is
5cj416SY1N7Tz0PasETwv6	Grillið inn	Hjálmar, Prins Póló	29	#84bd00	2021-12-01	Viral 50	is
18asYwWugKjjsihZ0YvRxO	The Motto	Tiësto, Ava Max	30	#bd3200	2021-12-01	Viral 50	is
5reQI13tWWYDLMrGcUF4Mk	Nuestra Canción	Monsieur Periné, Vicente Garcia	31	#84bd00	2021-12-01	Viral 50	is
7rglLriMNBPAyuJOMGwi39	Cold Heart - PNAU Remix	Elton John, Dua Lipa	32	#84bd00	2021-12-01	Viral 50	is
79nEEoEPY2w8EXj9hjn5oc	Ginseng Strip 2002	Yung Lean	33	#84bd00	2021-12-01	Viral 50	is
62P3CMQAknHW4iftsBD41Y	Eleanor Rigby	Cody Fry	34	#bd3200	2021-12-01	Viral 50	is
4yNoUQkYf1QF8iYlEzNynH	Who Want Smoke?? (feat. G Herbo, Lil Durk & 21 Savage)	Nardo Wick	35	#bd3200	2021-12-01	Viral 50	is
6rpXQFICPbN0VRSD8VUIni	Haustið (feat. Friðrik Dór)	Karen Ósk	36	#84bd00	2021-12-01	Viral 50	is
04S1pkp1VaIqjg8zZqknR5	Enchanted	Taylor Swift	37	#84bd00	2021-12-01	Viral 50	is
46nvQpUDsxpS08UTFOeKTA	Tell It To My Heart	MEDUZA, Hozier	38	#84bd00	2021-12-01	Viral 50	is
3xGOOOPD2HjErQLyRFk5Wf	Helikopter	Fazlija	39	#84bd00	2021-12-01	Viral 50	is
2gpWyfu7eZ01zzncHpxOtA	Moth To A Flame (with The Weeknd)	Swedish House Mafia	40	#bd3200	2021-12-01	Viral 50	is
4PDJDIdWxNN1AlnbrKkoPf	Come Over (Again)	Crawlers	41	#4687d7	2021-12-01	Viral 50	is
6bW5PmDmhigjdOBgXsyn8f	Desember	Friðrik Ómar	42	#84bd00	2021-12-01	Viral 50	is
08SB2OtZkaliju77WYEKxk	No Love (with SZA)	Summer Walker	43	#4687d7	2021-12-01	Viral 50	is
02MWAaffLxlfxAUY7c5dvx	Heat Waves	Glass Animals	44	#4687d7	2021-12-01	Viral 50	is
29TPjc8wxfz4XMn21O7VsZ	Sky	Playboi Carti	45	#4687d7	2021-12-01	Viral 50	is
5VVznM65c8WDK4MQrubfO2	Drink Beer	Bassbrain, Dirty Workz	46	#bd3200	2021-12-01	Viral 50	is
7LFys6idnSEGXg7aPyZuoi	Ég þarf ekki margt um jólin	Birgir, Stefán Hilmarsson	47	#4687d7	2021-12-01	Viral 50	is
0zCgWGmDF0aih5qexATyBn	After Dark	Mr.Kitty	48	#4687d7	2021-12-01	Viral 50	is
4btFHqumCO31GksfuBLLv3	Overpass Graffiti	Ed Sheeran	49	#4687d7	2021-12-01	Viral 50	is
6UjeFOCGYgMpBUtqKg1Je3	Alien Blues	Vundabar	50	#bd3200	2021-12-01	Viral 50	is
4gZxxKhNOiCQ3aaMhzsJXD	Litla Ljót	Megasukk	1	#84bd00	2021-12-02	Viral 50	is
4fouWK6XVHhzl78KzQ1UjL	abcdefu	GAYLE	2	#bd3200	2021-12-02	Viral 50	is
3VTNVsTTu05dmTsVFrmGpK	Fairytale of New York (feat. Kirsty MacColl)	The Pogues	3	#84bd00	2021-12-02	Viral 50	is
20on25jryn53hWghthWWW3	Do It To It	ACRAZE, Cherish	4	#bd3200	2021-12-02	Viral 50	is
1EQFOouqdKYdpbNoOHRVO2	abcdefu (angrier)	GAYLE	5	#84bd00	2021-12-02	Viral 50	is
2gQPv5jvVPqU2a9HhMNO1v	Toxic	BoyWithUke	6	#bd3200	2021-12-02	Viral 50	is
1r9xUipOqoNwggBpENDsvJ	Enemy (with JID) - from the series Arcane League of Legends	Imagine Dragons	7	#3e3e40	2021-12-02	Viral 50	is
3RkoMHO82pcLpCosDR7Gbj	Þegar Þú Blikkar (feat. Björgvin Halldórsson)	Herra Hnetusmjör	8	#3e3e40	2021-12-02	Viral 50	is
0kKVxEL8ia1F3vKQj6GVeL	Ætla ekki að eyða þeim ein	Jóhanna Guðrún	9	#84bd00	2021-12-02	Viral 50	is
1ko2lVN0vKGUl9zrU0qSlT	Just the Two of Us (feat. Bill Withers)	Grover Washington, Jr.	10	#4687d7	2021-12-02	Viral 50	is
2IAR0DziHCjSu16gR4ihvy	Nothing	Bruno Major	11	#3e3e40	2021-12-02	Viral 50	is
6Jzdxguk63s6CVVXHIrQ0x	Own Brand Freestyle	FelixThe1st, Dréya Mac, Finch Fetti	12	#84bd00	2021-12-02	Viral 50	is
6jHBzdq0by8m9DcQ6lL8VG	Með stjörnunum	Herbert Guðmundsson	13	#84bd00	2021-12-02	Viral 50	is
5LLrxqwqc8Q8cftLi2fJHd	Geimferðalangur (Lifandi)	Frostrósir	14	#bd3200	2021-12-02	Viral 50	is
46IZ0fSY2mpAiktS3KOqds	Easy On Me	Adele	15	#bd3200	2021-12-02	Viral 50	is
0RYHqnmtNRfbYxP6Dn8Vse	masquerade	siouxxie sixxsta	16	#84bd00	2021-12-02	Viral 50	is
0sTlGEld0h8kIPZaKDYUf4	Notion	The Rare Occasions	17	#bd3200	2021-12-02	Viral 50	is
135Lf4Q0CzlMNfOxbEUsLH	GHOST TOWN	Benson Boone	18	#bd3200	2021-12-02	Viral 50	is
6b31SENcbKaLL0ujHR6rbv	BOOM	DJ Muscleboy, Yohanna	19	#bd3200	2021-12-02	Viral 50	is
09gysnJpfQ3ublBmJDfcEC	SAD GIRLZ LUV MONEY Remix (feat. Kali Uchis and Moliy)	Amaarae	20	#bd3200	2021-12-02	Viral 50	is
00Blm7zeNqgYLPtW6zg8cj	One Right Now (with The Weeknd)	Post Malone	21	#bd3200	2021-12-02	Viral 50	is
6M47gaKejso9772SKTa3yH	Face Off	Tech N9ne, Joey Cool, King Iso, Dwayne Johnson	22	#84bd00	2021-12-02	Viral 50	is
7sMBvZCSUl99bJLXZaLa0b	Smokin Out The Window	Bruno Mars, Anderson .Paak, Silk Sonic	23	#84bd00	2021-12-02	Viral 50	is
2BzAGK3lEZAQz5cU0Ae1wd	Flowers (Say My Name)	ArrDee	24	#bd3200	2021-12-02	Viral 50	is
1xIqDFx3KdByBnKMlTECcM	Coming for You (feat. A1 x J1)	SwitchOTR	25	#84bd00	2021-12-02	Viral 50	is
5rF6YUIlgiat22OT1lWspJ	Seventeen Going Under	Sam Fender	26	#bd3200	2021-12-02	Viral 50	is
35mBYyB61qTcGGj7MXIRM1	Cpr	cupcakKe	27	#bd3200	2021-12-02	Viral 50	is
5cj416SY1N7Tz0PasETwv6	Grillið inn	Hjálmar, Prins Póló	28	#84bd00	2021-12-02	Viral 50	is
4yNoUQkYf1QF8iYlEzNynH	Who Want Smoke?? (feat. G Herbo, Lil Durk & 21 Savage)	Nardo Wick	29	#84bd00	2021-12-02	Viral 50	is
5WH6soOfEZ3x8Fs87zrlQi	Stjarnan mín	Íslensku dívurnar	30	#bd3200	2021-12-02	Viral 50	is
18asYwWugKjjsihZ0YvRxO	The Motto	Tiësto, Ava Max	31	#bd3200	2021-12-02	Viral 50	is
2TwrUQObMK4S2cJA6Ub7FF	Aumingi með Bónuspoka	Dr. Gunni	32	#bd3200	2021-12-02	Viral 50	is
3xGOOOPD2HjErQLyRFk5Wf	Helikopter	Fazlija	33	#84bd00	2021-12-02	Viral 50	is
7rglLriMNBPAyuJOMGwi39	Cold Heart - PNAU Remix	Elton John, Dua Lipa	34	#bd3200	2021-12-02	Viral 50	is
6UjeFOCGYgMpBUtqKg1Je3	Alien Blues	Vundabar	35	#84bd00	2021-12-02	Viral 50	is
5reQI13tWWYDLMrGcUF4Mk	Nuestra Canción	Monsieur Periné, Vicente Garcia	36	#bd3200	2021-12-02	Viral 50	is
6rpXQFICPbN0VRSD8VUIni	Haustið (feat. Friðrik Dór)	Karen Ósk	37	#bd3200	2021-12-02	Viral 50	is
46nvQpUDsxpS08UTFOeKTA	Tell It To My Heart	MEDUZA, Hozier	38	#3e3e40	2021-12-02	Viral 50	is
6bW5PmDmhigjdOBgXsyn8f	Desember	Friðrik Ómar	39	#84bd00	2021-12-02	Viral 50	is
22IiXEeYRhD2O5Gez6AKZV	Musclebells	DJ Muscleboy	40	#4687d7	2021-12-02	Viral 50	is
0V5cvmTKsYmF5FmGGEAfmS	Je te laisserai des mots	Patrick Watson	41	#4687d7	2021-12-02	Viral 50	is
79nEEoEPY2w8EXj9hjn5oc	Ginseng Strip 2002	Yung Lean	42	#bd3200	2021-12-02	Viral 50	is
4PDJDIdWxNN1AlnbrKkoPf	Come Over (Again)	Crawlers	43	#bd3200	2021-12-02	Viral 50	is
0zCgWGmDF0aih5qexATyBn	After Dark	Mr.Kitty	44	#84bd00	2021-12-02	Viral 50	is
02MWAaffLxlfxAUY7c5dvx	Heat Waves	Glass Animals	45	#bd3200	2021-12-02	Viral 50	is
29TPjc8wxfz4XMn21O7VsZ	Sky	Playboi Carti	46	#bd3200	2021-12-02	Viral 50	is
7LFys6idnSEGXg7aPyZuoi	Ég þarf ekki margt um jólin	Birgir, Stefán Hilmarsson	47	#3e3e40	2021-12-02	Viral 50	is
5VVznM65c8WDK4MQrubfO2	Drink Beer	Bassbrain, Dirty Workz	48	#bd3200	2021-12-02	Viral 50	is
25ggBFrRXJ4XcBPlnOWD5w	Farinn	HÚGÓ	49	#4687d7	2021-12-02	Viral 50	is
5IjZHSeqDxHYPjf9zGSCyB	Undir Mistilteini (feat. Svala)	Egill Ploder, Ingi Bauer	50	#4687d7	2021-12-02	Viral 50	is
3VTNVsTTu05dmTsVFrmGpK	Fairytale of New York (feat. Kirsty MacColl)	The Pogues	1	#84bd00	2021-12-03	Viral 50	is
20on25jryn53hWghthWWW3	Do It To It	ACRAZE, Cherish	2	#84bd00	2021-12-03	Viral 50	is
4fouWK6XVHhzl78KzQ1UjL	abcdefu	GAYLE	3	#bd3200	2021-12-03	Viral 50	is
4gZxxKhNOiCQ3aaMhzsJXD	Litla Ljót	Megasukk	4	#bd3200	2021-12-03	Viral 50	is
2gQPv5jvVPqU2a9HhMNO1v	Toxic	BoyWithUke	5	#84bd00	2021-12-03	Viral 50	is
3RkoMHO82pcLpCosDR7Gbj	Þegar Þú Blikkar (feat. Björgvin Halldórsson)	Herra Hnetusmjör	6	#84bd00	2021-12-03	Viral 50	is
1EQFOouqdKYdpbNoOHRVO2	abcdefu (angrier)	GAYLE	7	#bd3200	2021-12-03	Viral 50	is
1r9xUipOqoNwggBpENDsvJ	Enemy (with JID) - from the series Arcane League of Legends	Imagine Dragons	8	#bd3200	2021-12-03	Viral 50	is
0kKVxEL8ia1F3vKQj6GVeL	Ætla ekki að eyða þeim ein	Jóhanna Guðrún	9	#3e3e40	2021-12-03	Viral 50	is
2IAR0DziHCjSu16gR4ihvy	Nothing	Bruno Major	10	#84bd00	2021-12-03	Viral 50	is
5LLrxqwqc8Q8cftLi2fJHd	Geimferðalangur (Lifandi)	Frostrósir	11	#84bd00	2021-12-03	Viral 50	is
1ko2lVN0vKGUl9zrU0qSlT	Just the Two of Us (feat. Bill Withers)	Grover Washington, Jr.	12	#bd3200	2021-12-03	Viral 50	is
0RYHqnmtNRfbYxP6Dn8Vse	masquerade	siouxxie sixxsta	13	#84bd00	2021-12-03	Viral 50	is
0sTlGEld0h8kIPZaKDYUf4	Notion	The Rare Occasions	14	#84bd00	2021-12-03	Viral 50	is
6b31SENcbKaLL0ujHR6rbv	BOOM	DJ Muscleboy, Yohanna	15	#84bd00	2021-12-03	Viral 50	is
135Lf4Q0CzlMNfOxbEUsLH	GHOST TOWN	Benson Boone	16	#84bd00	2021-12-03	Viral 50	is
6jHBzdq0by8m9DcQ6lL8VG	Með stjörnunum	Herbert Guðmundsson	17	#bd3200	2021-12-03	Viral 50	is
6Jzdxguk63s6CVVXHIrQ0x	Own Brand Freestyle	FelixThe1st, Dréya Mac, Finch Fetti	18	#bd3200	2021-12-03	Viral 50	is
46IZ0fSY2mpAiktS3KOqds	Easy On Me	Adele	19	#bd3200	2021-12-03	Viral 50	is
09gysnJpfQ3ublBmJDfcEC	SAD GIRLZ LUV MONEY Remix (feat. Kali Uchis and Moliy)	Amaarae	20	#3e3e40	2021-12-03	Viral 50	is
6M47gaKejso9772SKTa3yH	Face Off	Tech N9ne, Joey Cool, King Iso, Dwayne Johnson	21	#84bd00	2021-12-03	Viral 50	is
7sMBvZCSUl99bJLXZaLa0b	Smokin Out The Window	Bruno Mars, Anderson .Paak, Silk Sonic	22	#84bd00	2021-12-03	Viral 50	is
1xIqDFx3KdByBnKMlTECcM	Coming for You (feat. A1 x J1)	SwitchOTR	23	#84bd00	2021-12-03	Viral 50	is
5rF6YUIlgiat22OT1lWspJ	Seventeen Going Under	Sam Fender	24	#84bd00	2021-12-03	Viral 50	is
6UjeFOCGYgMpBUtqKg1Je3	Alien Blues	Vundabar	25	#84bd00	2021-12-03	Viral 50	is
5WH6soOfEZ3x8Fs87zrlQi	Stjarnan mín	Íslensku dívurnar	26	#84bd00	2021-12-03	Viral 50	is
35mBYyB61qTcGGj7MXIRM1	Cpr	cupcakKe	27	#3e3e40	2021-12-03	Viral 50	is
3xGOOOPD2HjErQLyRFk5Wf	Helikopter	Fazlija	28	#84bd00	2021-12-03	Viral 50	is
7ACW7VpgoKmfM1sKo15UhX	Who Want Smoke?? (feat. G Herbo, Lil Durk & 21 Savage)	Nardo Wick	29	#3e3e40	2021-12-03	Viral 50	is
2BzAGK3lEZAQz5cU0Ae1wd	Flowers (Say My Name)	ArrDee	30	#bd3200	2021-12-03	Viral 50	is
6bW5PmDmhigjdOBgXsyn8f	Desember	Friðrik Ómar	31	#84bd00	2021-12-03	Viral 50	is
5cj416SY1N7Tz0PasETwv6	Grillið inn	Hjálmar, Prins Póló	32	#bd3200	2021-12-03	Viral 50	is
7rglLriMNBPAyuJOMGwi39	Cold Heart - PNAU Remix	Elton John, Dua Lipa	33	#84bd00	2021-12-03	Viral 50	is
00Blm7zeNqgYLPtW6zg8cj	One Right Now (with The Weeknd)	Post Malone	34	#bd3200	2021-12-03	Viral 50	is
2TwrUQObMK4S2cJA6Ub7FF	Aumingi með Bónuspoka	Dr. Gunni	35	#bd3200	2021-12-03	Viral 50	is
18asYwWugKjjsihZ0YvRxO	The Motto	Tiësto, Ava Max	36	#bd3200	2021-12-03	Viral 50	is
5reQI13tWWYDLMrGcUF4Mk	Nuestra Canción	Monsieur Periné, Vicente Garcia	37	#bd3200	2021-12-03	Viral 50	is
22IiXEeYRhD2O5Gez6AKZV	Musclebells	DJ Muscleboy	38	#84bd00	2021-12-03	Viral 50	is
4xqrdfXkTW4T0RauPLv3WA	Heather	Conan Gray	39	#4687d7	2021-12-03	Viral 50	is
0V5cvmTKsYmF5FmGGEAfmS	Je te laisserai des mots	Patrick Watson	40	#84bd00	2021-12-03	Viral 50	is
0zCgWGmDF0aih5qexATyBn	After Dark	Mr.Kitty	41	#84bd00	2021-12-03	Viral 50	is
46nvQpUDsxpS08UTFOeKTA	Tell It To My Heart	MEDUZA, Hozier	42	#bd3200	2021-12-03	Viral 50	is
7kLIq15yMOSQ3S5x3aopKy	Keyra	ISSI	43	#4687d7	2021-12-03	Viral 50	is
7LFys6idnSEGXg7aPyZuoi	Ég þarf ekki margt um jólin	Birgir, Stefán Hilmarsson	44	#84bd00	2021-12-03	Viral 50	is
4PDJDIdWxNN1AlnbrKkoPf	Come Over (Again)	Crawlers	45	#bd3200	2021-12-03	Viral 50	is
6rpXQFICPbN0VRSD8VUIni	Haustið (feat. Friðrik Dór)	Karen Ósk	46	#bd3200	2021-12-03	Viral 50	is
2CXirUWkC1zT95aUpt5GWL	Nýtt líf	Friðrik Karlsson	47	#4687d7	2021-12-03	Viral 50	is
1KjQPDJQCUuqDj3AmfSBCa	CAPO	NLE Choppa	48	#4687d7	2021-12-03	Viral 50	is
5t07RuwZAUBBnF2tWKwgmP	Super Idol - Remix	Samstring	49	#4687d7	2021-12-03	Viral 50	is
0IIZah55ZZY6VEAFN9GI4z	Want me (OFFCIAL) - 2021 TikTok version	Cl4pers, KingMichealbeats	50	#4687d7	2021-12-03	Viral 50	is
3VTNVsTTu05dmTsVFrmGpK	Fairytale of New York (feat. Kirsty MacColl)	The Pogues	1	#3e3e40	2021-12-04	Viral 50	is
4fouWK6XVHhzl78KzQ1UjL	abcdefu	GAYLE	2	#84bd00	2021-12-04	Viral 50	is
20on25jryn53hWghthWWW3	Do It To It	ACRAZE, Cherish	3	#bd3200	2021-12-04	Viral 50	is
3RkoMHO82pcLpCosDR7Gbj	Þegar Þú Blikkar (feat. Björgvin Halldórsson)	Herra Hnetusmjör	4	#84bd00	2021-12-04	Viral 50	is
1EQFOouqdKYdpbNoOHRVO2	abcdefu (angrier)	GAYLE	5	#84bd00	2021-12-04	Viral 50	is
1r9xUipOqoNwggBpENDsvJ	Enemy (with JID) - from the series Arcane League of Legends	Imagine Dragons	6	#84bd00	2021-12-04	Viral 50	is
0kKVxEL8ia1F3vKQj6GVeL	Ætla ekki að eyða þeim ein	Jóhanna Guðrún	7	#84bd00	2021-12-04	Viral 50	is
2gQPv5jvVPqU2a9HhMNO1v	Toxic	BoyWithUke	8	#bd3200	2021-12-04	Viral 50	is
2IAR0DziHCjSu16gR4ihvy	Nothing	Bruno Major	9	#84bd00	2021-12-04	Viral 50	is
0RYHqnmtNRfbYxP6Dn8Vse	masquerade	siouxxie sixxsta	10	#84bd00	2021-12-04	Viral 50	is
5LLrxqwqc8Q8cftLi2fJHd	Geimferðalangur (Lifandi)	Frostrósir	11	#3e3e40	2021-12-04	Viral 50	is
1ko2lVN0vKGUl9zrU0qSlT	Just the Two of Us (feat. Bill Withers)	Grover Washington, Jr.	12	#3e3e40	2021-12-04	Viral 50	is
6jHBzdq0by8m9DcQ6lL8VG	Með stjörnunum	Herbert Guðmundsson	13	#84bd00	2021-12-04	Viral 50	is
6b31SENcbKaLL0ujHR6rbv	BOOM	DJ Muscleboy, Yohanna	14	#84bd00	2021-12-04	Viral 50	is
4gZxxKhNOiCQ3aaMhzsJXD	Litla Ljót	Megasukk	15	#bd3200	2021-12-04	Viral 50	is
135Lf4Q0CzlMNfOxbEUsLH	GHOST TOWN	Benson Boone	16	#3e3e40	2021-12-04	Viral 50	is
1xIqDFx3KdByBnKMlTECcM	Coming for You (feat. A1 x J1)	SwitchOTR	17	#84bd00	2021-12-04	Viral 50	is
0sTlGEld0h8kIPZaKDYUf4	Notion	The Rare Occasions	18	#bd3200	2021-12-04	Viral 50	is
6Jzdxguk63s6CVVXHIrQ0x	Own Brand Freestyle	FelixThe1st, Dréya Mac, Finch Fetti	19	#bd3200	2021-12-04	Viral 50	is
6M47gaKejso9772SKTa3yH	Face Off	Tech N9ne, Joey Cool, King Iso, Dwayne Johnson	20	#84bd00	2021-12-04	Viral 50	is
6UjeFOCGYgMpBUtqKg1Je3	Alien Blues	Vundabar	21	#84bd00	2021-12-04	Viral 50	is
3xGOOOPD2HjErQLyRFk5Wf	Helikopter	Fazlija	22	#84bd00	2021-12-04	Viral 50	is
5WH6soOfEZ3x8Fs87zrlQi	Stjarnan mín	Íslensku dívurnar	23	#84bd00	2021-12-04	Viral 50	is
46IZ0fSY2mpAiktS3KOqds	Easy On Me	Adele	24	#bd3200	2021-12-04	Viral 50	is
35mBYyB61qTcGGj7MXIRM1	Cpr	cupcakKe	25	#84bd00	2021-12-04	Viral 50	is
7rglLriMNBPAyuJOMGwi39	Cold Heart - PNAU Remix	Elton John, Dua Lipa	26	#84bd00	2021-12-04	Viral 50	is
2TwrUQObMK4S2cJA6Ub7FF	Aumingi með Bónuspoka	Dr. Gunni	27	#84bd00	2021-12-04	Viral 50	is
7sMBvZCSUl99bJLXZaLa0b	Smokin Out The Window	Bruno Mars, Anderson .Paak, Silk Sonic	28	#bd3200	2021-12-04	Viral 50	is
4xqrdfXkTW4T0RauPLv3WA	Heather	Conan Gray	29	#84bd00	2021-12-04	Viral 50	is
6bW5PmDmhigjdOBgXsyn8f	Desember	Friðrik Ómar	30	#84bd00	2021-12-04	Viral 50	is
22IiXEeYRhD2O5Gez6AKZV	Musclebells	DJ Muscleboy	31	#84bd00	2021-12-04	Viral 50	is
6rpXQFICPbN0VRSD8VUIni	Haustið (feat. Friðrik Dór)	Karen Ósk	32	#84bd00	2021-12-04	Viral 50	is
0zCgWGmDF0aih5qexATyBn	After Dark	Mr.Kitty	33	#84bd00	2021-12-04	Viral 50	is
7ACW7VpgoKmfM1sKo15UhX	Who Want Smoke?? (feat. G Herbo, Lil Durk & 21 Savage)	Nardo Wick	34	#bd3200	2021-12-04	Viral 50	is
18asYwWugKjjsihZ0YvRxO	The Motto	Tiësto, Ava Max	35	#84bd00	2021-12-04	Viral 50	is
7kLIq15yMOSQ3S5x3aopKy	Keyra	ISSI	36	#84bd00	2021-12-04	Viral 50	is
0V5cvmTKsYmF5FmGGEAfmS	Je te laisserai des mots	Patrick Watson	37	#84bd00	2021-12-04	Viral 50	is
3CLSHJv5aUROAN2vfOyCOh	Close Eyes	DVRST	38	#4687d7	2021-12-04	Viral 50	is
62P3CMQAknHW4iftsBD41Y	Eleanor Rigby	Cody Fry	39	#4687d7	2021-12-04	Viral 50	is
5cj416SY1N7Tz0PasETwv6	Grillið inn	Hjálmar, Prins Póló	40	#bd3200	2021-12-04	Viral 50	is
79nEEoEPY2w8EXj9hjn5oc	Ginseng Strip 2002	Yung Lean	41	#4687d7	2021-12-04	Viral 50	is
7LFys6idnSEGXg7aPyZuoi	Ég þarf ekki margt um jólin	Birgir, Stefán Hilmarsson	42	#84bd00	2021-12-04	Viral 50	is
4PDJDIdWxNN1AlnbrKkoPf	Come Over (Again)	Crawlers	43	#84bd00	2021-12-04	Viral 50	is
46nvQpUDsxpS08UTFOeKTA	Tell It To My Heart	MEDUZA, Hozier	44	#bd3200	2021-12-04	Viral 50	is
2CXirUWkC1zT95aUpt5GWL	Nýtt líf	Friðrik Karlsson	45	#84bd00	2021-12-04	Viral 50	is
00Blm7zeNqgYLPtW6zg8cj	One Right Now (with The Weeknd)	Post Malone	46	#bd3200	2021-12-04	Viral 50	is
1KjQPDJQCUuqDj3AmfSBCa	CAPO	NLE Choppa	47	#84bd00	2021-12-04	Viral 50	is
5IjZHSeqDxHYPjf9zGSCyB	Undir Mistilteini (feat. Svala)	Egill Ploder, Ingi Bauer	48	#4687d7	2021-12-04	Viral 50	is
2BzAGK3lEZAQz5cU0Ae1wd	Flowers (Say My Name)	ArrDee	49	#bd3200	2021-12-04	Viral 50	is
0IIZah55ZZY6VEAFN9GI4z	Want me (OFFCIAL) - 2021 TikTok version	Cl4pers, KingMichealbeats	50	#3e3e40	2021-12-04	Viral 50	is
3VTNVsTTu05dmTsVFrmGpK	Fairytale of New York (feat. Kirsty MacColl)	The Pogues	1	#3e3e40	2021-12-05	Viral 50	is
4fouWK6XVHhzl78KzQ1UjL	abcdefu	GAYLE	2	#3e3e40	2021-12-05	Viral 50	is
20on25jryn53hWghthWWW3	Do It To It	ACRAZE, Cherish	3	#3e3e40	2021-12-05	Viral 50	is
2IAR0DziHCjSu16gR4ihvy	Nothing	Bruno Major	4	#84bd00	2021-12-05	Viral 50	is
3RkoMHO82pcLpCosDR7Gbj	Þegar Þú Blikkar (feat. Björgvin Halldórsson)	Herra Hnetusmjör	5	#bd3200	2021-12-05	Viral 50	is
5LLrxqwqc8Q8cftLi2fJHd	Geimferðalangur (Lifandi)	Frostrósir	6	#84bd00	2021-12-05	Viral 50	is
0kKVxEL8ia1F3vKQj6GVeL	Ætla ekki að eyða þeim ein	Jóhanna Guðrún	7	#3e3e40	2021-12-05	Viral 50	is
1EQFOouqdKYdpbNoOHRVO2	abcdefu (angrier)	GAYLE	8	#bd3200	2021-12-05	Viral 50	is
1r9xUipOqoNwggBpENDsvJ	Enemy (with JID) - from the series Arcane League of Legends	Imagine Dragons	9	#bd3200	2021-12-05	Viral 50	is
6jHBzdq0by8m9DcQ6lL8VG	Með stjörnunum	Herbert Guðmundsson	10	#84bd00	2021-12-05	Viral 50	is
6Jzdxguk63s6CVVXHIrQ0x	Own Brand Freestyle	FelixThe1st, Dréya Mac, Finch Fetti	11	#84bd00	2021-12-05	Viral 50	is
1ko2lVN0vKGUl9zrU0qSlT	Just the Two of Us (feat. Bill Withers)	Grover Washington, Jr.	12	#3e3e40	2021-12-05	Viral 50	is
0RYHqnmtNRfbYxP6Dn8Vse	masquerade	siouxxie sixxsta	13	#bd3200	2021-12-05	Viral 50	is
2gQPv5jvVPqU2a9HhMNO1v	Toxic	BoyWithUke	14	#bd3200	2021-12-05	Viral 50	is
0sTlGEld0h8kIPZaKDYUf4	Notion	The Rare Occasions	15	#84bd00	2021-12-05	Viral 50	is
6b31SENcbKaLL0ujHR6rbv	BOOM	DJ Muscleboy, Yohanna	16	#bd3200	2021-12-05	Viral 50	is
1xIqDFx3KdByBnKMlTECcM	Coming for You (feat. A1 x J1)	SwitchOTR	17	#3e3e40	2021-12-05	Viral 50	is
6M47gaKejso9772SKTa3yH	Face Off	Tech N9ne, Joey Cool, King Iso, Dwayne Johnson	18	#84bd00	2021-12-05	Viral 50	is
3xGOOOPD2HjErQLyRFk5Wf	Helikopter	Fazlija	19	#84bd00	2021-12-05	Viral 50	is
135Lf4Q0CzlMNfOxbEUsLH	GHOST TOWN	Benson Boone	20	#bd3200	2021-12-05	Viral 50	is
5IjZHSeqDxHYPjf9zGSCyB	Undir Mistilteini (feat. Svala)	Egill Ploder, Ingi Bauer	21	#84bd00	2021-12-05	Viral 50	is
35mBYyB61qTcGGj7MXIRM1	Cpr	cupcakKe	22	#84bd00	2021-12-05	Viral 50	is
6UjeFOCGYgMpBUtqKg1Je3	Alien Blues	Vundabar	23	#bd3200	2021-12-05	Viral 50	is
4gZxxKhNOiCQ3aaMhzsJXD	Litla Ljót	Megasukk	24	#bd3200	2021-12-05	Viral 50	is
46IZ0fSY2mpAiktS3KOqds	Easy On Me	Adele	25	#bd3200	2021-12-05	Viral 50	is
22IiXEeYRhD2O5Gez6AKZV	Musclebells	DJ Muscleboy	26	#84bd00	2021-12-05	Viral 50	is
6bW5PmDmhigjdOBgXsyn8f	Desember	Friðrik Ómar	27	#84bd00	2021-12-05	Viral 50	is
4PDJDIdWxNN1AlnbrKkoPf	Come Over (Again)	Crawlers	28	#84bd00	2021-12-05	Viral 50	is
7rglLriMNBPAyuJOMGwi39	Cold Heart - PNAU Remix	Elton John, Dua Lipa	29	#bd3200	2021-12-05	Viral 50	is
62P3CMQAknHW4iftsBD41Y	Eleanor Rigby	Cody Fry	30	#84bd00	2021-12-05	Viral 50	is
0V5cvmTKsYmF5FmGGEAfmS	Je te laisserai des mots	Patrick Watson	31	#84bd00	2021-12-05	Viral 50	is
2TwrUQObMK4S2cJA6Ub7FF	Aumingi með Bónuspoka	Dr. Gunni	32	#bd3200	2021-12-05	Viral 50	is
0zCgWGmDF0aih5qexATyBn	After Dark	Mr.Kitty	33	#3e3e40	2021-12-05	Viral 50	is
7ACW7VpgoKmfM1sKo15UhX	Who Want Smoke?? (feat. G Herbo, Lil Durk & 21 Savage)	Nardo Wick	34	#3e3e40	2021-12-05	Viral 50	is
5cj416SY1N7Tz0PasETwv6	Grillið inn	Hjálmar, Prins Póló	35	#84bd00	2021-12-05	Viral 50	is
4xqrdfXkTW4T0RauPLv3WA	Heather	Conan Gray	36	#bd3200	2021-12-05	Viral 50	is
5t07RuwZAUBBnF2tWKwgmP	Super Idol - Remix	Samstring	37	#4687d7	2021-12-05	Viral 50	is
6rpXQFICPbN0VRSD8VUIni	Haustið (feat. Friðrik Dór)	Karen Ósk	38	#bd3200	2021-12-05	Viral 50	is
7LFys6idnSEGXg7aPyZuoi	Ég þarf ekki margt um jólin	Birgir, Stefán Hilmarsson	39	#84bd00	2021-12-05	Viral 50	is
4zkdfzYrkU53benFEZaman	Ég þarf enga gjöf í ár	Valdimar Guðmundsson, Fjölskyldan	40	#4687d7	2021-12-05	Viral 50	is
2CXirUWkC1zT95aUpt5GWL	Nýtt líf	Friðrik Karlsson	41	#84bd00	2021-12-05	Viral 50	is
7sMBvZCSUl99bJLXZaLa0b	Smokin Out The Window	Bruno Mars, Anderson .Paak, Silk Sonic	42	#bd3200	2021-12-05	Viral 50	is
18asYwWugKjjsihZ0YvRxO	The Motto	Tiësto, Ava Max	43	#bd3200	2021-12-05	Viral 50	is
1SOClUWhOi8vHZYMz3GluK	Infinity	Jaymes Young	44	#4687d7	2021-12-05	Viral 50	is
7kLIq15yMOSQ3S5x3aopKy	Keyra	ISSI	45	#bd3200	2021-12-05	Viral 50	is
46nvQpUDsxpS08UTFOeKTA	Tell It To My Heart	MEDUZA, Hozier	46	#bd3200	2021-12-05	Viral 50	is
00Blm7zeNqgYLPtW6zg8cj	One Right Now (with The Weeknd)	Post Malone	47	#bd3200	2021-12-05	Viral 50	is
29TPjc8wxfz4XMn21O7VsZ	Sky	Playboi Carti	48	#4687d7	2021-12-05	Viral 50	is
25ggBFrRXJ4XcBPlnOWD5w	Farinn	HÚGÓ	49	#4687d7	2021-12-05	Viral 50	is
02MWAaffLxlfxAUY7c5dvx	Heat Waves	Glass Animals	50	#4687d7	2021-12-05	Viral 50	is
3VTNVsTTu05dmTsVFrmGpK	Fairytale of New York (feat. Kirsty MacColl)	The Pogues	1	#3e3e40	2021-12-06	Viral 50	is
4fouWK6XVHhzl78KzQ1UjL	abcdefu	GAYLE	2	#3e3e40	2021-12-06	Viral 50	is
3veY63DgDUzZB44wMUQVz8	Styttist í það	Baggalútur	3	#4687d7	2021-12-06	Viral 50	is
20on25jryn53hWghthWWW3	Do It To It	ACRAZE, Cherish	4	#bd3200	2021-12-06	Viral 50	is
5LLrxqwqc8Q8cftLi2fJHd	Geimferðalangur (Lifandi)	Frostrósir	5	#84bd00	2021-12-06	Viral 50	is
2IAR0DziHCjSu16gR4ihvy	Nothing	Bruno Major	6	#bd3200	2021-12-06	Viral 50	is
1EQFOouqdKYdpbNoOHRVO2	abcdefu (angrier)	GAYLE	7	#84bd00	2021-12-06	Viral 50	is
3RkoMHO82pcLpCosDR7Gbj	Þegar Þú Blikkar (feat. Björgvin Halldórsson)	Herra Hnetusmjör	8	#bd3200	2021-12-06	Viral 50	is
6jHBzdq0by8m9DcQ6lL8VG	Með stjörnunum	Herbert Guðmundsson	9	#84bd00	2021-12-06	Viral 50	is
6Jzdxguk63s6CVVXHIrQ0x	Own Brand Freestyle	FelixThe1st, Dréya Mac, Finch Fetti	10	#84bd00	2021-12-06	Viral 50	is
1r9xUipOqoNwggBpENDsvJ	Enemy (with JID) - from the series Arcane League of Legends	Imagine Dragons	11	#bd3200	2021-12-06	Viral 50	is
0kKVxEL8ia1F3vKQj6GVeL	Ætla ekki að eyða þeim ein	Jóhanna Guðrún	12	#bd3200	2021-12-06	Viral 50	is
0sTlGEld0h8kIPZaKDYUf4	Notion	The Rare Occasions	13	#84bd00	2021-12-06	Viral 50	is
62l3NSQPUxvcwwzKUmysrE	Bad Man (Smooth Criminal)	Polo G	14	#4687d7	2021-12-06	Viral 50	is
0RYHqnmtNRfbYxP6Dn8Vse	masquerade	siouxxie sixxsta	15	#bd3200	2021-12-06	Viral 50	is
6UjeFOCGYgMpBUtqKg1Je3	Alien Blues	Vundabar	16	#84bd00	2021-12-06	Viral 50	is
1xIqDFx3KdByBnKMlTECcM	Coming for You (feat. A1 x J1)	SwitchOTR	17	#3e3e40	2021-12-06	Viral 50	is
2gQPv5jvVPqU2a9HhMNO1v	Toxic	BoyWithUke	18	#bd3200	2021-12-06	Viral 50	is
3xGOOOPD2HjErQLyRFk5Wf	Helikopter	Fazlija	19	#3e3e40	2021-12-06	Viral 50	is
5IjZHSeqDxHYPjf9zGSCyB	Undir Mistilteini (feat. Svala)	Egill Ploder, Ingi Bauer	20	#84bd00	2021-12-06	Viral 50	is
5enxwA8aAbwZbf5qCHORXi	All Too Well (10 Minute Version) (Taylor's Version) (From The Vault)	Taylor Swift	21	#4687d7	2021-12-06	Viral 50	is
6M47gaKejso9772SKTa3yH	Face Off	Tech N9ne, Joey Cool, King Iso, Dwayne Johnson	22	#bd3200	2021-12-06	Viral 50	is
6bW5PmDmhigjdOBgXsyn8f	Desember	Friðrik Ómar	23	#84bd00	2021-12-06	Viral 50	is
6dmXZ9B5HdFAyzHeTneYBK	LA FAMA (with The Weeknd)	ROSALÍA	24	#4687d7	2021-12-06	Viral 50	is
6b31SENcbKaLL0ujHR6rbv	BOOM	DJ Muscleboy, Yohanna	25	#bd3200	2021-12-06	Viral 50	is
22IiXEeYRhD2O5Gez6AKZV	Musclebells	DJ Muscleboy	26	#3e3e40	2021-12-06	Viral 50	is
5t07RuwZAUBBnF2tWKwgmP	Super Idol - Remix	Samstring	27	#84bd00	2021-12-06	Viral 50	is
135Lf4Q0CzlMNfOxbEUsLH	GHOST TOWN	Benson Boone	28	#bd3200	2021-12-06	Viral 50	is
7es56D0QedGMsK39wl2yFX	Happier Than Ever	ASTN	29	#4687d7	2021-12-06	Viral 50	is
1SOClUWhOi8vHZYMz3GluK	Infinity	Jaymes Young	30	#84bd00	2021-12-06	Viral 50	is
0zCgWGmDF0aih5qexATyBn	After Dark	Mr.Kitty	31	#84bd00	2021-12-06	Viral 50	is
4PDJDIdWxNN1AlnbrKkoPf	Come Over (Again)	Crawlers	32	#bd3200	2021-12-06	Viral 50	is
4xqrdfXkTW4T0RauPLv3WA	Heather	Conan Gray	33	#84bd00	2021-12-06	Viral 50	is
0V5cvmTKsYmF5FmGGEAfmS	Je te laisserai des mots	Patrick Watson	34	#bd3200	2021-12-06	Viral 50	is
62P3CMQAknHW4iftsBD41Y	Eleanor Rigby	Cody Fry	35	#bd3200	2021-12-06	Viral 50	is
7LFys6idnSEGXg7aPyZuoi	Ég þarf ekki margt um jólin	Birgir, Stefán Hilmarsson	36	#84bd00	2021-12-06	Viral 50	is
46IZ0fSY2mpAiktS3KOqds	Easy On Me	Adele	37	#bd3200	2021-12-06	Viral 50	is
7qM1BWAsZMTYh4BcYLb0uQ	Already Dead	Juice WRLD	38	#4687d7	2021-12-06	Viral 50	is
7rglLriMNBPAyuJOMGwi39	Cold Heart - PNAU Remix	Elton John, Dua Lipa	39	#bd3200	2021-12-06	Viral 50	is
7ACW7VpgoKmfM1sKo15UhX	Who Want Smoke?? (feat. G Herbo, Lil Durk & 21 Savage)	Nardo Wick	40	#bd3200	2021-12-06	Viral 50	is
4zkdfzYrkU53benFEZaman	Ég þarf enga gjöf í ár	Valdimar Guðmundsson, Fjölskyldan	41	#bd3200	2021-12-06	Viral 50	is
35mBYyB61qTcGGj7MXIRM1	Cpr	cupcakKe	42	#bd3200	2021-12-06	Viral 50	is
5rF6YUIlgiat22OT1lWspJ	Seventeen Going Under	Sam Fender	43	#4687d7	2021-12-06	Viral 50	is
7kLIq15yMOSQ3S5x3aopKy	Keyra	ISSI	44	#84bd00	2021-12-06	Viral 50	is
2CXirUWkC1zT95aUpt5GWL	Nýtt líf	Friðrik Karlsson	45	#bd3200	2021-12-06	Viral 50	is
2TwrUQObMK4S2cJA6Ub7FF	Aumingi með Bónuspoka	Dr. Gunni	46	#bd3200	2021-12-06	Viral 50	is
2H3HPGuPyhcbg5AqoQ4BWr	Guns for Hire (from the series Arcane League of Legends)	Woodkid	47	#4687d7	2021-12-06	Viral 50	is
0NwSCkrYuOt16VJNd3ESKZ	Hátíð í bæ	Haukur Morthens	48	#4687d7	2021-12-06	Viral 50	is
2ZuDGsKSJpQdJmpknJ7ypF	Dirty Little Animals (From the series Arcane League of Legends)	BONES UK	49	#4687d7	2021-12-06	Viral 50	is
37y7iDayfwm3WXn5BiAoRk	Dark Red	Steve Lacy	50	#4687d7	2021-12-06	Viral 50	is
3VTNVsTTu05dmTsVFrmGpK	Fairytale of New York (feat. Kirsty MacColl)	The Pogues	1	#3e3e40	2021-12-07	Viral 50	is
4fouWK6XVHhzl78KzQ1UjL	abcdefu	GAYLE	2	#3e3e40	2021-12-07	Viral 50	is
3veY63DgDUzZB44wMUQVz8	Styttist í það	Baggalútur	3	#3e3e40	2021-12-07	Viral 50	is
20on25jryn53hWghthWWW3	Do It To It	ACRAZE, Cherish	4	#3e3e40	2021-12-07	Viral 50	is
6jHBzdq0by8m9DcQ6lL8VG	Með stjörnunum	Herbert Guðmundsson	5	#84bd00	2021-12-07	Viral 50	is
2IAR0DziHCjSu16gR4ihvy	Nothing	Bruno Major	6	#3e3e40	2021-12-07	Viral 50	is
3RkoMHO82pcLpCosDR7Gbj	Þegar Þú Blikkar (feat. Björgvin Halldórsson)	Herra Hnetusmjör	7	#84bd00	2021-12-07	Viral 50	is
5LLrxqwqc8Q8cftLi2fJHd	Geimferðalangur (Lifandi)	Frostrósir	8	#bd3200	2021-12-07	Viral 50	is
6Jzdxguk63s6CVVXHIrQ0x	Own Brand Freestyle	FelixThe1st, Dréya Mac, Finch Fetti	9	#84bd00	2021-12-07	Viral 50	is
1r9xUipOqoNwggBpENDsvJ	Enemy (with JID) - from the series Arcane League of Legends	Imagine Dragons	10	#84bd00	2021-12-07	Viral 50	is
62l3NSQPUxvcwwzKUmysrE	Bad Man (Smooth Criminal)	Polo G	11	#84bd00	2021-12-07	Viral 50	is
1EQFOouqdKYdpbNoOHRVO2	abcdefu (angrier)	GAYLE	12	#bd3200	2021-12-07	Viral 50	is
0kKVxEL8ia1F3vKQj6GVeL	Ætla ekki að eyða þeim ein	Jóhanna Guðrún	13	#bd3200	2021-12-07	Viral 50	is
0sTlGEld0h8kIPZaKDYUf4	Notion	The Rare Occasions	14	#bd3200	2021-12-07	Viral 50	is
6UjeFOCGYgMpBUtqKg1Je3	Alien Blues	Vundabar	15	#84bd00	2021-12-07	Viral 50	is
3xGOOOPD2HjErQLyRFk5Wf	Helikopter	Fazlija	16	#84bd00	2021-12-07	Viral 50	is
6M47gaKejso9772SKTa3yH	Face Off	Tech N9ne, Joey Cool, King Iso, Dwayne Johnson	17	#84bd00	2021-12-07	Viral 50	is
1xIqDFx3KdByBnKMlTECcM	Coming for You (feat. A1 x J1)	SwitchOTR	18	#bd3200	2021-12-07	Viral 50	is
0RYHqnmtNRfbYxP6Dn8Vse	masquerade	siouxxie sixxsta	19	#bd3200	2021-12-07	Viral 50	is
5IjZHSeqDxHYPjf9zGSCyB	Undir Mistilteini (feat. Svala)	Egill Ploder, Ingi Bauer	20	#3e3e40	2021-12-07	Viral 50	is
6dmXZ9B5HdFAyzHeTneYBK	LA FAMA (with The Weeknd)	ROSALÍA	21	#84bd00	2021-12-07	Viral 50	is
22IiXEeYRhD2O5Gez6AKZV	Musclebells	DJ Muscleboy	22	#84bd00	2021-12-07	Viral 50	is
5enxwA8aAbwZbf5qCHORXi	All Too Well (10 Minute Version) (Taylor's Version) (From The Vault)	Taylor Swift	23	#bd3200	2021-12-07	Viral 50	is
1SOClUWhOi8vHZYMz3GluK	Infinity	Jaymes Young	24	#84bd00	2021-12-07	Viral 50	is
5t07RuwZAUBBnF2tWKwgmP	Super Idol - Remix	Samstring	25	#84bd00	2021-12-07	Viral 50	is
2gQPv5jvVPqU2a9HhMNO1v	Toxic	BoyWithUke	26	#bd3200	2021-12-07	Viral 50	is
6bW5PmDmhigjdOBgXsyn8f	Desember	Friðrik Ómar	27	#bd3200	2021-12-07	Viral 50	is
62P3CMQAknHW4iftsBD41Y	Eleanor Rigby	Cody Fry	28	#84bd00	2021-12-07	Viral 50	is
46IZ0fSY2mpAiktS3KOqds	Easy On Me	Adele	29	#84bd00	2021-12-07	Viral 50	is
2BzAGK3lEZAQz5cU0Ae1wd	Flowers (Say My Name)	ArrDee	30	#4687d7	2021-12-07	Viral 50	is
4PDJDIdWxNN1AlnbrKkoPf	Come Over (Again)	Crawlers	31	#84bd00	2021-12-07	Viral 50	is
135Lf4Q0CzlMNfOxbEUsLH	GHOST TOWN	Benson Boone	32	#bd3200	2021-12-07	Viral 50	is
7rglLriMNBPAyuJOMGwi39	Cold Heart - PNAU Remix	Elton John, Dua Lipa	33	#84bd00	2021-12-07	Viral 50	is
4xqrdfXkTW4T0RauPLv3WA	Heather	Conan Gray	34	#bd3200	2021-12-07	Viral 50	is
7qM1BWAsZMTYh4BcYLb0uQ	Already Dead	Juice WRLD	35	#84bd00	2021-12-07	Viral 50	is
7LFys6idnSEGXg7aPyZuoi	Ég þarf ekki margt um jólin	Birgir, Stefán Hilmarsson	36	#3e3e40	2021-12-07	Viral 50	is
4zkdfzYrkU53benFEZaman	Ég þarf enga gjöf í ár	Valdimar Guðmundsson, Fjölskyldan	37	#84bd00	2021-12-07	Viral 50	is
6b31SENcbKaLL0ujHR6rbv	BOOM	DJ Muscleboy, Yohanna	38	#bd3200	2021-12-07	Viral 50	is
7ACW7VpgoKmfM1sKo15UhX	Who Want Smoke?? (feat. G Herbo, Lil Durk & 21 Savage)	Nardo Wick	39	#84bd00	2021-12-07	Viral 50	is
2CXirUWkC1zT95aUpt5GWL	Nýtt líf	Friðrik Karlsson	40	#84bd00	2021-12-07	Viral 50	is
79nEEoEPY2w8EXj9hjn5oc	Ginseng Strip 2002	Yung Lean	41	#4687d7	2021-12-07	Viral 50	is
0V5cvmTKsYmF5FmGGEAfmS	Je te laisserai des mots	Patrick Watson	42	#bd3200	2021-12-07	Viral 50	is
5rF6YUIlgiat22OT1lWspJ	Seventeen Going Under	Sam Fender	43	#3e3e40	2021-12-07	Viral 50	is
2bPQuniBB9x0fRtxDly0kr	Stop The Cavalry	Jona Lewie	44	#4687d7	2021-12-07	Viral 50	is
0NwSCkrYuOt16VJNd3ESKZ	Hátíð í bæ	Haukur Morthens	45	#84bd00	2021-12-07	Viral 50	is
7dbyaRWWFvB9UG2vcwTd3J	Champagne Shots	Sainte	46	#4687d7	2021-12-07	Viral 50	is
2H3HPGuPyhcbg5AqoQ4BWr	Guns for Hire (from the series Arcane League of Legends)	Woodkid	47	#3e3e40	2021-12-07	Viral 50	is
0zCgWGmDF0aih5qexATyBn	After Dark	Mr.Kitty	48	#bd3200	2021-12-07	Viral 50	is
25ggBFrRXJ4XcBPlnOWD5w	Farinn	HÚGÓ	49	#4687d7	2021-12-07	Viral 50	is
3P4DFoobXVSxBtjsvURSSP	Litlar stjörnur	Hafdís Huld	50	#4687d7	2021-12-07	Viral 50	is
3VTNVsTTu05dmTsVFrmGpK	Fairytale of New York (feat. Kirsty MacColl)	The Pogues	1	#3e3e40	2021-12-08	Viral 50	is
4fouWK6XVHhzl78KzQ1UjL	abcdefu	GAYLE	2	#3e3e40	2021-12-08	Viral 50	is
3veY63DgDUzZB44wMUQVz8	Styttist í það	Baggalútur	3	#3e3e40	2021-12-08	Viral 50	is
6jHBzdq0by8m9DcQ6lL8VG	Með stjörnunum	Herbert Guðmundsson	4	#84bd00	2021-12-08	Viral 50	is
20on25jryn53hWghthWWW3	Do It To It	ACRAZE, Cherish	5	#bd3200	2021-12-08	Viral 50	is
3RkoMHO82pcLpCosDR7Gbj	Þegar Þú Blikkar (feat. Björgvin Halldórsson)	Herra Hnetusmjör	6	#84bd00	2021-12-08	Viral 50	is
5LLrxqwqc8Q8cftLi2fJHd	Geimferðalangur (Lifandi)	Frostrósir	7	#84bd00	2021-12-08	Viral 50	is
6Jzdxguk63s6CVVXHIrQ0x	Own Brand Freestyle	FelixThe1st, Dréya Mac, Finch Fetti	8	#84bd00	2021-12-08	Viral 50	is
1EQFOouqdKYdpbNoOHRVO2	abcdefu (angrier)	GAYLE	9	#84bd00	2021-12-08	Viral 50	is
2IAR0DziHCjSu16gR4ihvy	Nothing	Bruno Major	10	#bd3200	2021-12-08	Viral 50	is
62l3NSQPUxvcwwzKUmysrE	Bad Man (Smooth Criminal)	Polo G	11	#3e3e40	2021-12-08	Viral 50	is
1r9xUipOqoNwggBpENDsvJ	Enemy (with JID) - from the series Arcane League of Legends	Imagine Dragons	12	#bd3200	2021-12-08	Viral 50	is
0kKVxEL8ia1F3vKQj6GVeL	Ætla ekki að eyða þeim ein	Jóhanna Guðrún	13	#3e3e40	2021-12-08	Viral 50	is
6UjeFOCGYgMpBUtqKg1Je3	Alien Blues	Vundabar	14	#84bd00	2021-12-08	Viral 50	is
0sTlGEld0h8kIPZaKDYUf4	Notion	The Rare Occasions	15	#bd3200	2021-12-08	Viral 50	is
3xGOOOPD2HjErQLyRFk5Wf	Helikopter	Fazlija	16	#3e3e40	2021-12-08	Viral 50	is
0RYHqnmtNRfbYxP6Dn8Vse	masquerade	siouxxie sixxsta	17	#84bd00	2021-12-08	Viral 50	is
1xIqDFx3KdByBnKMlTECcM	Coming for You (feat. A1 x J1)	SwitchOTR	18	#3e3e40	2021-12-08	Viral 50	is
6M47gaKejso9772SKTa3yH	Face Off	Tech N9ne, Joey Cool, King Iso, Dwayne Johnson	19	#bd3200	2021-12-08	Viral 50	is
2gQPv5jvVPqU2a9HhMNO1v	Toxic	BoyWithUke	20	#84bd00	2021-12-08	Viral 50	is
5t07RuwZAUBBnF2tWKwgmP	Super Idol - Remix	Samstring	21	#84bd00	2021-12-08	Viral 50	is
1SOClUWhOi8vHZYMz3GluK	Infinity	Jaymes Young	22	#84bd00	2021-12-08	Viral 50	is
6dmXZ9B5HdFAyzHeTneYBK	LA FAMA (with The Weeknd)	ROSALÍA	23	#bd3200	2021-12-08	Viral 50	is
62P3CMQAknHW4iftsBD41Y	Eleanor Rigby	Cody Fry	24	#84bd00	2021-12-08	Viral 50	is
5enxwA8aAbwZbf5qCHORXi	All Too Well (10 Minute Version) (Taylor's Version) (From The Vault)	Taylor Swift	25	#bd3200	2021-12-08	Viral 50	is
5IjZHSeqDxHYPjf9zGSCyB	Undir Mistilteini (feat. Svala)	Egill Ploder, Ingi Bauer	26	#bd3200	2021-12-08	Viral 50	is
6bW5PmDmhigjdOBgXsyn8f	Desember	Friðrik Ómar	27	#3e3e40	2021-12-08	Viral 50	is
09gysnJpfQ3ublBmJDfcEC	SAD GIRLZ LUV MONEY Remix (feat. Kali Uchis and Moliy)	Amaarae	28	#4687d7	2021-12-08	Viral 50	is
22IiXEeYRhD2O5Gez6AKZV	Musclebells	DJ Muscleboy	29	#bd3200	2021-12-08	Viral 50	is
0zCgWGmDF0aih5qexATyBn	After Dark	Mr.Kitty	30	#84bd00	2021-12-08	Viral 50	is
46IZ0fSY2mpAiktS3KOqds	Easy On Me	Adele	31	#bd3200	2021-12-08	Viral 50	is
4xqrdfXkTW4T0RauPLv3WA	Heather	Conan Gray	32	#84bd00	2021-12-08	Viral 50	is
4zkdfzYrkU53benFEZaman	Ég þarf enga gjöf í ár	Valdimar Guðmundsson, Fjölskyldan	33	#84bd00	2021-12-08	Viral 50	is
7qM1BWAsZMTYh4BcYLb0uQ	Already Dead	Juice WRLD	34	#84bd00	2021-12-08	Viral 50	is
00Blm7zeNqgYLPtW6zg8cj	One Right Now (with The Weeknd)	Post Malone	35	#4687d7	2021-12-08	Viral 50	is
05EG9LwFCVjkoYEWzsrHHO	Legend	Tevvez	36	#4687d7	2021-12-08	Viral 50	is
35mBYyB61qTcGGj7MXIRM1	Cpr	cupcakKe	37	#4687d7	2021-12-08	Viral 50	is
2bPQuniBB9x0fRtxDly0kr	Stop The Cavalry	Jona Lewie	38	#84bd00	2021-12-08	Viral 50	is
0NwSCkrYuOt16VJNd3ESKZ	Hátíð í bæ	Haukur Morthens	39	#84bd00	2021-12-08	Viral 50	is
5rF6YUIlgiat22OT1lWspJ	Seventeen Going Under	Sam Fender	40	#84bd00	2021-12-08	Viral 50	is
7rglLriMNBPAyuJOMGwi39	Cold Heart - PNAU Remix	Elton John, Dua Lipa	41	#bd3200	2021-12-08	Viral 50	is
2H3HPGuPyhcbg5AqoQ4BWr	Guns for Hire (from the series Arcane League of Legends)	Woodkid	42	#84bd00	2021-12-08	Viral 50	is
2hhFpD32iXUd4GaCu6T4wn	Everyday Normal Guy 2	Jon Lajoie	43	#4687d7	2021-12-08	Viral 50	is
2ZuDGsKSJpQdJmpknJ7ypF	Dirty Little Animals (From the series Arcane League of Legends)	BONES UK	44	#4687d7	2021-12-08	Viral 50	is
2BzAGK3lEZAQz5cU0Ae1wd	Flowers (Say My Name)	ArrDee	45	#bd3200	2021-12-08	Viral 50	is
4A8cWXxKfIL3lAyUDzXbCF	Super Gremlin	Kodak Black	46	#4687d7	2021-12-08	Viral 50	is
6b31SENcbKaLL0ujHR6rbv	BOOM	DJ Muscleboy, Yohanna	47	#bd3200	2021-12-08	Viral 50	is
5f2zZawBtGBEw24ABweErz	Playground (from the series Arcane League of Legends)	Bea Miller	48	#4687d7	2021-12-08	Viral 50	is
79nEEoEPY2w8EXj9hjn5oc	Ginseng Strip 2002	Yung Lean	49	#bd3200	2021-12-08	Viral 50	is
4IhTXiZLKATmwhMZIb1GQN	Lights Are On	Tom Rosenthal	50	#4687d7	2021-12-08	Viral 50	is
4fouWK6XVHhzl78KzQ1UjL	abcdefu	GAYLE	1	#84bd00	2021-12-09	Viral 50	is
3VTNVsTTu05dmTsVFrmGpK	Fairytale of New York (feat. Kirsty MacColl)	The Pogues	2	#bd3200	2021-12-09	Viral 50	is
3veY63DgDUzZB44wMUQVz8	Styttist í það	Baggalútur	3	#3e3e40	2021-12-09	Viral 50	is
6jHBzdq0by8m9DcQ6lL8VG	Með stjörnunum	Herbert Guðmundsson	4	#3e3e40	2021-12-09	Viral 50	is
3RkoMHO82pcLpCosDR7Gbj	Þegar Þú Blikkar (feat. Björgvin Halldórsson)	Herra Hnetusmjör	5	#84bd00	2021-12-09	Viral 50	is
20on25jryn53hWghthWWW3	Do It To It	ACRAZE, Cherish	6	#bd3200	2021-12-09	Viral 50	is
6Jzdxguk63s6CVVXHIrQ0x	Own Brand Freestyle	FelixThe1st, Dréya Mac, Finch Fetti	7	#84bd00	2021-12-09	Viral 50	is
5LLrxqwqc8Q8cftLi2fJHd	Geimferðalangur (Lifandi)	Frostrósir	8	#bd3200	2021-12-09	Viral 50	is
2IAR0DziHCjSu16gR4ihvy	Nothing	Bruno Major	9	#84bd00	2021-12-09	Viral 50	is
1r9xUipOqoNwggBpENDsvJ	Enemy (with JID) - from the series Arcane League of Legends	Imagine Dragons	10	#84bd00	2021-12-09	Viral 50	is
62l3NSQPUxvcwwzKUmysrE	Bad Man (Smooth Criminal)	Polo G	11	#3e3e40	2021-12-09	Viral 50	is
0sTlGEld0h8kIPZaKDYUf4	Notion	The Rare Occasions	12	#84bd00	2021-12-09	Viral 50	is
1EQFOouqdKYdpbNoOHRVO2	abcdefu (angrier)	GAYLE	13	#bd3200	2021-12-09	Viral 50	is
0kKVxEL8ia1F3vKQj6GVeL	Ætla ekki að eyða þeim ein	Jóhanna Guðrún	14	#bd3200	2021-12-09	Viral 50	is
1xIqDFx3KdByBnKMlTECcM	Coming for You (feat. A1 x J1)	SwitchOTR	15	#84bd00	2021-12-09	Viral 50	is
3xGOOOPD2HjErQLyRFk5Wf	Helikopter	Fazlija	16	#3e3e40	2021-12-09	Viral 50	is
6UjeFOCGYgMpBUtqKg1Je3	Alien Blues	Vundabar	17	#bd3200	2021-12-09	Viral 50	is
5WH6soOfEZ3x8Fs87zrlQi	Stjarnan mín	Íslensku dívurnar	18	#4687d7	2021-12-09	Viral 50	is
1SOClUWhOi8vHZYMz3GluK	Infinity	Jaymes Young	19	#84bd00	2021-12-09	Viral 50	is
6M47gaKejso9772SKTa3yH	Face Off	Tech N9ne, Joey Cool, King Iso, Dwayne Johnson	20	#bd3200	2021-12-09	Viral 50	is
0RYHqnmtNRfbYxP6Dn8Vse	masquerade	siouxxie sixxsta	21	#bd3200	2021-12-09	Viral 50	is
2bPQuniBB9x0fRtxDly0kr	Stop The Cavalry	Jona Lewie	22	#84bd00	2021-12-09	Viral 50	is
5IjZHSeqDxHYPjf9zGSCyB	Undir Mistilteini (feat. Svala)	Egill Ploder, Ingi Bauer	23	#84bd00	2021-12-09	Viral 50	is
5t07RuwZAUBBnF2tWKwgmP	Super Idol - Remix	Samstring	24	#bd3200	2021-12-09	Viral 50	is
62P3CMQAknHW4iftsBD41Y	Eleanor Rigby	Cody Fry	25	#bd3200	2021-12-09	Viral 50	is
09gysnJpfQ3ublBmJDfcEC	SAD GIRLZ LUV MONEY Remix (feat. Kali Uchis and Moliy)	Amaarae	26	#84bd00	2021-12-09	Viral 50	is
6bW5PmDmhigjdOBgXsyn8f	Desember	Friðrik Ómar	27	#3e3e40	2021-12-09	Viral 50	is
2gQPv5jvVPqU2a9HhMNO1v	Toxic	BoyWithUke	28	#bd3200	2021-12-09	Viral 50	is
5rF6YUIlgiat22OT1lWspJ	Seventeen Going Under	Sam Fender	29	#84bd00	2021-12-09	Viral 50	is
46IZ0fSY2mpAiktS3KOqds	Easy On Me	Adele	30	#84bd00	2021-12-09	Viral 50	is
6dmXZ9B5HdFAyzHeTneYBK	LA FAMA (with The Weeknd)	ROSALÍA	31	#bd3200	2021-12-09	Viral 50	is
11i5Bnpjquuq7bzDjnS08V	Af álfum	Margrét Eir, Friðrik Ómar	32	#4687d7	2021-12-09	Viral 50	is
4zkdfzYrkU53benFEZaman	Ég þarf enga gjöf í ár	Valdimar Guðmundsson, Fjölskyldan	33	#3e3e40	2021-12-09	Viral 50	is
22IiXEeYRhD2O5Gez6AKZV	Musclebells	DJ Muscleboy	34	#bd3200	2021-12-09	Viral 50	is
0zCgWGmDF0aih5qexATyBn	After Dark	Mr.Kitty	35	#bd3200	2021-12-09	Viral 50	is
05EG9LwFCVjkoYEWzsrHHO	Legend	Tevvez	36	#3e3e40	2021-12-09	Viral 50	is
4A8cWXxKfIL3lAyUDzXbCF	Super Gremlin	Kodak Black	37	#84bd00	2021-12-09	Viral 50	is
35mBYyB61qTcGGj7MXIRM1	Cpr	cupcakKe	38	#bd3200	2021-12-09	Viral 50	is
7qM1BWAsZMTYh4BcYLb0uQ	Already Dead	Juice WRLD	39	#bd3200	2021-12-09	Viral 50	is
6b31SENcbKaLL0ujHR6rbv	BOOM	DJ Muscleboy, Yohanna	40	#84bd00	2021-12-09	Viral 50	is
5enxwA8aAbwZbf5qCHORXi	All Too Well (10 Minute Version) (Taylor's Version) (From The Vault)	Taylor Swift	41	#bd3200	2021-12-09	Viral 50	is
2n0U2OG5d6TuW5mKx7YrC0	Two Birds	Regina Spektor	42	#4687d7	2021-12-09	Viral 50	is
0NwSCkrYuOt16VJNd3ESKZ	Hátíð í bæ	Haukur Morthens	43	#bd3200	2021-12-09	Viral 50	is
00Blm7zeNqgYLPtW6zg8cj	One Right Now (with The Weeknd)	Post Malone	44	#bd3200	2021-12-09	Viral 50	is
2BzAGK3lEZAQz5cU0Ae1wd	Flowers (Say My Name)	ArrDee	45	#3e3e40	2021-12-09	Viral 50	is
5f2zZawBtGBEw24ABweErz	Playground (from the series Arcane League of Legends)	Bea Miller	46	#84bd00	2021-12-09	Viral 50	is
29TPjc8wxfz4XMn21O7VsZ	Sky	Playboi Carti	47	#4687d7	2021-12-09	Viral 50	is
4IhTXiZLKATmwhMZIb1GQN	Lights Are On	Tom Rosenthal	48	#84bd00	2021-12-09	Viral 50	is
79nEEoEPY2w8EXj9hjn5oc	Ginseng Strip 2002	Yung Lean	49	#3e3e40	2021-12-09	Viral 50	is
2hhFpD32iXUd4GaCu6T4wn	Everyday Normal Guy 2	Jon Lajoie	50	#bd3200	2021-12-09	Viral 50	is
4fouWK6XVHhzl78KzQ1UjL	abcdefu	GAYLE	1	#3e3e40	2021-12-10	Viral 50	is
3VTNVsTTu05dmTsVFrmGpK	Fairytale of New York (feat. Kirsty MacColl)	The Pogues	2	#3e3e40	2021-12-10	Viral 50	is
3veY63DgDUzZB44wMUQVz8	Styttist í það	Baggalútur	3	#3e3e40	2021-12-10	Viral 50	is
6jHBzdq0by8m9DcQ6lL8VG	Með stjörnunum	Herbert Guðmundsson	4	#3e3e40	2021-12-10	Viral 50	is
20on25jryn53hWghthWWW3	Do It To It	ACRAZE, Cherish	5	#84bd00	2021-12-10	Viral 50	is
3RkoMHO82pcLpCosDR7Gbj	Þegar Þú Blikkar (feat. Björgvin Halldórsson)	Herra Hnetusmjör	6	#bd3200	2021-12-10	Viral 50	is
6Jzdxguk63s6CVVXHIrQ0x	Own Brand Freestyle	FelixThe1st, Dréya Mac, Finch Fetti	7	#3e3e40	2021-12-10	Viral 50	is
5LLrxqwqc8Q8cftLi2fJHd	Geimferðalangur (Lifandi)	Frostrósir	8	#3e3e40	2021-12-10	Viral 50	is
1r9xUipOqoNwggBpENDsvJ	Enemy (with JID) - from the series Arcane League of Legends	Imagine Dragons	9	#84bd00	2021-12-10	Viral 50	is
1EQFOouqdKYdpbNoOHRVO2	abcdefu (angrier)	GAYLE	10	#84bd00	2021-12-10	Viral 50	is
5WH6soOfEZ3x8Fs87zrlQi	Stjarnan mín	Íslensku dívurnar	11	#84bd00	2021-12-10	Viral 50	is
3xGOOOPD2HjErQLyRFk5Wf	Helikopter	Fazlija	12	#84bd00	2021-12-10	Viral 50	is
1xIqDFx3KdByBnKMlTECcM	Coming for You (feat. A1 x J1)	SwitchOTR	13	#84bd00	2021-12-10	Viral 50	is
62l3NSQPUxvcwwzKUmysrE	Bad Man (Smooth Criminal)	Polo G	14	#bd3200	2021-12-10	Viral 50	is
0kKVxEL8ia1F3vKQj6GVeL	Ætla ekki að eyða þeim ein	Jóhanna Guðrún	15	#bd3200	2021-12-10	Viral 50	is
09gysnJpfQ3ublBmJDfcEC	SAD GIRLZ LUV MONEY Remix (feat. Kali Uchis and Moliy)	Amaarae	16	#84bd00	2021-12-10	Viral 50	is
6UjeFOCGYgMpBUtqKg1Je3	Alien Blues	Vundabar	17	#3e3e40	2021-12-10	Viral 50	is
0sTlGEld0h8kIPZaKDYUf4	Notion	The Rare Occasions	18	#bd3200	2021-12-10	Viral 50	is
2IAR0DziHCjSu16gR4ihvy	Nothing	Bruno Major	19	#bd3200	2021-12-10	Viral 50	is
6M47gaKejso9772SKTa3yH	Face Off	Tech N9ne, Joey Cool, King Iso, Dwayne Johnson	20	#3e3e40	2021-12-10	Viral 50	is
1SOClUWhOi8vHZYMz3GluK	Infinity	Jaymes Young	21	#bd3200	2021-12-10	Viral 50	is
2bPQuniBB9x0fRtxDly0kr	Stop The Cavalry	Jona Lewie	22	#3e3e40	2021-12-10	Viral 50	is
5IjZHSeqDxHYPjf9zGSCyB	Undir Mistilteini (feat. Svala)	Egill Ploder, Ingi Bauer	23	#3e3e40	2021-12-10	Viral 50	is
5t07RuwZAUBBnF2tWKwgmP	Super Idol - Remix	Samstring	24	#3e3e40	2021-12-10	Viral 50	is
2quVkyLSVr5wX2QIhnexUt	Already Dead	Juice WRLD	25	#84bd00	2021-12-10	Viral 50	is
2gQPv5jvVPqU2a9HhMNO1v	Toxic	BoyWithUke	26	#84bd00	2021-12-10	Viral 50	is
62P3CMQAknHW4iftsBD41Y	Eleanor Rigby	Cody Fry	27	#bd3200	2021-12-10	Viral 50	is
0RYHqnmtNRfbYxP6Dn8Vse	masquerade	siouxxie sixxsta	28	#bd3200	2021-12-10	Viral 50	is
5rF6YUIlgiat22OT1lWspJ	Seventeen Going Under	Sam Fender	29	#3e3e40	2021-12-10	Viral 50	is
6dmXZ9B5HdFAyzHeTneYBK	LA FAMA (with The Weeknd)	ROSALÍA	30	#84bd00	2021-12-10	Viral 50	is
11i5Bnpjquuq7bzDjnS08V	Af álfum	Margrét Eir, Friðrik Ómar	31	#84bd00	2021-12-10	Viral 50	is
4A8cWXxKfIL3lAyUDzXbCF	Super Gremlin	Kodak Black	32	#84bd00	2021-12-10	Viral 50	is
2BzAGK3lEZAQz5cU0Ae1wd	Flowers (Say My Name)	ArrDee	33	#84bd00	2021-12-10	Viral 50	is
46IZ0fSY2mpAiktS3KOqds	Easy On Me	Adele	34	#bd3200	2021-12-10	Viral 50	is
4IhTXiZLKATmwhMZIb1GQN	Lights Are On	Tom Rosenthal	35	#84bd00	2021-12-10	Viral 50	is
05EG9LwFCVjkoYEWzsrHHO	Legend	Tevvez	36	#3e3e40	2021-12-10	Viral 50	is
22IiXEeYRhD2O5Gez6AKZV	Musclebells	DJ Muscleboy	37	#bd3200	2021-12-10	Viral 50	is
6bW5PmDmhigjdOBgXsyn8f	Desember	Friðrik Ómar	38	#bd3200	2021-12-10	Viral 50	is
35mBYyB61qTcGGj7MXIRM1	Cpr	cupcakKe	39	#bd3200	2021-12-10	Viral 50	is
5enxwA8aAbwZbf5qCHORXi	All Too Well (10 Minute Version) (Taylor's Version) (From The Vault)	Taylor Swift	40	#84bd00	2021-12-10	Viral 50	is
0NwSCkrYuOt16VJNd3ESKZ	Hátíð í bæ	Haukur Morthens	41	#84bd00	2021-12-10	Viral 50	is
00Blm7zeNqgYLPtW6zg8cj	One Right Now (with The Weeknd)	Post Malone	42	#84bd00	2021-12-10	Viral 50	is
0zCgWGmDF0aih5qexATyBn	After Dark	Mr.Kitty	43	#bd3200	2021-12-10	Viral 50	is
29TPjc8wxfz4XMn21O7VsZ	Sky	Playboi Carti	44	#84bd00	2021-12-10	Viral 50	is
5f2zZawBtGBEw24ABweErz	Playground (from the series Arcane League of Legends)	Bea Miller	45	#84bd00	2021-12-10	Viral 50	is
4zkdfzYrkU53benFEZaman	Ég þarf enga gjöf í ár	Valdimar Guðmundsson, Fjölskyldan	46	#bd3200	2021-12-10	Viral 50	is
1xxJiB2B3rMw8g85PPtcN7	น้ำแดงน้ำส้ม	JV.JARVIS	47	#4687d7	2021-12-10	Viral 50	is
79nEEoEPY2w8EXj9hjn5oc	Ginseng Strip 2002	Yung Lean	48	#84bd00	2021-12-10	Viral 50	is
2hhFpD32iXUd4GaCu6T4wn	Everyday Normal Guy 2	Jon Lajoie	49	#84bd00	2021-12-10	Viral 50	is
5cBLBXhU9sf6kGvb2Dv2cl	The Good Part	AJR	50	#4687d7	2021-12-10	Viral 50	is
4fouWK6XVHhzl78KzQ1UjL	abcdefu	GAYLE	1	#3e3e40	2021-12-11	Viral 50	is
3VTNVsTTu05dmTsVFrmGpK	Fairytale of New York (feat. Kirsty MacColl)	The Pogues	2	#3e3e40	2021-12-11	Viral 50	is
3veY63DgDUzZB44wMUQVz8	Styttist í það	Baggalútur	3	#3e3e40	2021-12-11	Viral 50	is
6jHBzdq0by8m9DcQ6lL8VG	Með stjörnunum	Herbert Guðmundsson	4	#3e3e40	2021-12-11	Viral 50	is
20on25jryn53hWghthWWW3	Do It To It	ACRAZE, Cherish	5	#3e3e40	2021-12-11	Viral 50	is
3RkoMHO82pcLpCosDR7Gbj	Þegar Þú Blikkar (feat. Björgvin Halldórsson)	Herra Hnetusmjör	6	#3e3e40	2021-12-11	Viral 50	is
6Jzdxguk63s6CVVXHIrQ0x	Own Brand Freestyle	FelixThe1st, Dréya Mac, Finch Fetti	7	#3e3e40	2021-12-11	Viral 50	is
5LLrxqwqc8Q8cftLi2fJHd	Geimferðalangur (Lifandi)	Frostrósir	8	#3e3e40	2021-12-11	Viral 50	is
1EQFOouqdKYdpbNoOHRVO2	abcdefu (angrier)	GAYLE	9	#84bd00	2021-12-11	Viral 50	is
1r9xUipOqoNwggBpENDsvJ	Enemy (with JID) - from the series Arcane League of Legends	Imagine Dragons	10	#bd3200	2021-12-11	Viral 50	is
5WH6soOfEZ3x8Fs87zrlQi	Stjarnan mín	Íslensku dívurnar	11	#3e3e40	2021-12-11	Viral 50	is
3xGOOOPD2HjErQLyRFk5Wf	Helikopter	Fazlija	12	#3e3e40	2021-12-11	Viral 50	is
2bPQuniBB9x0fRtxDly0kr	Stop The Cavalry	Jona Lewie	13	#84bd00	2021-12-11	Viral 50	is
2IAR0DziHCjSu16gR4ihvy	Nothing	Bruno Major	14	#84bd00	2021-12-11	Viral 50	is
6UjeFOCGYgMpBUtqKg1Je3	Alien Blues	Vundabar	15	#84bd00	2021-12-11	Viral 50	is
62l3NSQPUxvcwwzKUmysrE	Bad Man (Smooth Criminal)	Polo G	16	#bd3200	2021-12-11	Viral 50	is
0kKVxEL8ia1F3vKQj6GVeL	Ætla ekki að eyða þeim ein	Jóhanna Guðrún	17	#bd3200	2021-12-11	Viral 50	is
09gysnJpfQ3ublBmJDfcEC	SAD GIRLZ LUV MONEY Remix (feat. Kali Uchis and Moliy)	Amaarae	18	#bd3200	2021-12-11	Viral 50	is
0sTlGEld0h8kIPZaKDYUf4	Notion	The Rare Occasions	19	#bd3200	2021-12-11	Viral 50	is
1xIqDFx3KdByBnKMlTECcM	Coming for You (feat. A1 x J1)	SwitchOTR	20	#bd3200	2021-12-11	Viral 50	is
6M47gaKejso9772SKTa3yH	Face Off	Tech N9ne, Joey Cool, King Iso, Dwayne Johnson	21	#bd3200	2021-12-11	Viral 50	is
5IjZHSeqDxHYPjf9zGSCyB	Undir Mistilteini (feat. Svala)	Egill Ploder, Ingi Bauer	22	#84bd00	2021-12-11	Viral 50	is
1SOClUWhOi8vHZYMz3GluK	Infinity	Jaymes Young	23	#bd3200	2021-12-11	Viral 50	is
5t07RuwZAUBBnF2tWKwgmP	Super Idol - Remix	Samstring	24	#3e3e40	2021-12-11	Viral 50	is
6dmXZ9B5HdFAyzHeTneYBK	LA FAMA (with The Weeknd)	ROSALÍA	25	#84bd00	2021-12-11	Viral 50	is
2gQPv5jvVPqU2a9HhMNO1v	Toxic	BoyWithUke	26	#3e3e40	2021-12-11	Viral 50	is
4A8cWXxKfIL3lAyUDzXbCF	Super Gremlin	Kodak Black	27	#84bd00	2021-12-11	Viral 50	is
5enxwA8aAbwZbf5qCHORXi	All Too Well (10 Minute Version) (Taylor's Version) (From The Vault)	Taylor Swift	28	#84bd00	2021-12-11	Viral 50	is
5rF6YUIlgiat22OT1lWspJ	Seventeen Going Under	Sam Fender	29	#3e3e40	2021-12-11	Viral 50	is
11i5Bnpjquuq7bzDjnS08V	Af álfum	Margrét Eir, Friðrik Ómar	30	#84bd00	2021-12-11	Viral 50	is
62P3CMQAknHW4iftsBD41Y	Eleanor Rigby	Cody Fry	31	#bd3200	2021-12-11	Viral 50	is
2BzAGK3lEZAQz5cU0Ae1wd	Flowers (Say My Name)	ArrDee	32	#84bd00	2021-12-11	Viral 50	is
4IhTXiZLKATmwhMZIb1GQN	Lights Are On	Tom Rosenthal	33	#84bd00	2021-12-11	Viral 50	is
46IZ0fSY2mpAiktS3KOqds	Easy On Me	Adele	34	#3e3e40	2021-12-11	Viral 50	is
05EG9LwFCVjkoYEWzsrHHO	Legend	Tevvez	35	#84bd00	2021-12-11	Viral 50	is
35mBYyB61qTcGGj7MXIRM1	Cpr	cupcakKe	36	#84bd00	2021-12-11	Viral 50	is
22IiXEeYRhD2O5Gez6AKZV	Musclebells	DJ Muscleboy	37	#3e3e40	2021-12-11	Viral 50	is
6bW5PmDmhigjdOBgXsyn8f	Desember	Friðrik Ómar	38	#3e3e40	2021-12-11	Viral 50	is
5reQI13tWWYDLMrGcUF4Mk	Nuestra Canción	Monsieur Periné, Vicente Garcia	39	#4687d7	2021-12-11	Viral 50	is
2quVkyLSVr5wX2QIhnexUt	Already Dead	Juice WRLD	40	#bd3200	2021-12-11	Viral 50	is
0NwSCkrYuOt16VJNd3ESKZ	Hátíð í bæ	Haukur Morthens	41	#3e3e40	2021-12-11	Viral 50	is
00Blm7zeNqgYLPtW6zg8cj	One Right Now (with The Weeknd)	Post Malone	42	#3e3e40	2021-12-11	Viral 50	is
1xxJiB2B3rMw8g85PPtcN7	น้ำแดงน้ำส้ม	JV.JARVIS	43	#84bd00	2021-12-11	Viral 50	is
0zCgWGmDF0aih5qexATyBn	After Dark	Mr.Kitty	44	#bd3200	2021-12-11	Viral 50	is
6b31SENcbKaLL0ujHR6rbv	BOOM	DJ Muscleboy, Yohanna	45	#4687d7	2021-12-11	Viral 50	is
4SqWKzw0CbA05TGszDgMlc	I Love You So	The Walters	46	#4687d7	2021-12-11	Viral 50	is
4zkdfzYrkU53benFEZaman	Ég þarf enga gjöf í ár	Valdimar Guðmundsson, Fjölskyldan	47	#bd3200	2021-12-11	Viral 50	is
7rglLriMNBPAyuJOMGwi39	Cold Heart - PNAU Remix	Elton John, Dua Lipa	48	#4687d7	2021-12-11	Viral 50	is
2hhFpD32iXUd4GaCu6T4wn	Everyday Normal Guy 2	Jon Lajoie	49	#3e3e40	2021-12-11	Viral 50	is
02MWAaffLxlfxAUY7c5dvx	Heat Waves	Glass Animals	50	#4687d7	2021-12-11	Viral 50	is
3veY63DgDUzZB44wMUQVz8	Styttist í það	Baggalútur	1	#84bd00	2021-12-12	Viral 50	is
4fouWK6XVHhzl78KzQ1UjL	abcdefu	GAYLE	2	#bd3200	2021-12-12	Viral 50	is
3VTNVsTTu05dmTsVFrmGpK	Fairytale of New York (feat. Kirsty MacColl)	The Pogues	3	#bd3200	2021-12-12	Viral 50	is
20on25jryn53hWghthWWW3	Do It To It	ACRAZE, Cherish	4	#84bd00	2021-12-12	Viral 50	is
6jHBzdq0by8m9DcQ6lL8VG	Með stjörnunum	Herbert Guðmundsson	5	#bd3200	2021-12-12	Viral 50	is
3RkoMHO82pcLpCosDR7Gbj	Þegar Þú Blikkar (feat. Björgvin Halldórsson)	Herra Hnetusmjör	6	#3e3e40	2021-12-12	Viral 50	is
1EQFOouqdKYdpbNoOHRVO2	abcdefu (angrier)	GAYLE	7	#84bd00	2021-12-12	Viral 50	is
5LLrxqwqc8Q8cftLi2fJHd	Geimferðalangur (Lifandi)	Frostrósir	8	#3e3e40	2021-12-12	Viral 50	is
1r9xUipOqoNwggBpENDsvJ	Enemy (with JID) - from the series Arcane League of Legends	Imagine Dragons	9	#84bd00	2021-12-12	Viral 50	is
6Jzdxguk63s6CVVXHIrQ0x	Own Brand Freestyle	FelixThe1st, Dréya Mac, Finch Fetti	10	#bd3200	2021-12-12	Viral 50	is
5WH6soOfEZ3x8Fs87zrlQi	Stjarnan mín	Íslensku dívurnar	11	#3e3e40	2021-12-12	Viral 50	is
2bPQuniBB9x0fRtxDly0kr	Stop The Cavalry	Jona Lewie	12	#84bd00	2021-12-12	Viral 50	is
09gysnJpfQ3ublBmJDfcEC	SAD GIRLZ LUV MONEY Remix (feat. Kali Uchis and Moliy)	Amaarae	13	#84bd00	2021-12-12	Viral 50	is
3xGOOOPD2HjErQLyRFk5Wf	Helikopter	Fazlija	14	#bd3200	2021-12-12	Viral 50	is
6UjeFOCGYgMpBUtqKg1Je3	Alien Blues	Vundabar	15	#3e3e40	2021-12-12	Viral 50	is
4gqOzJPGNCvEnS1u5YHOkp	Super Max!	Pitstop Boys	16	#4687d7	2021-12-12	Viral 50	is
11i5Bnpjquuq7bzDjnS08V	Af álfum	Margrét Eir, Friðrik Ómar	17	#84bd00	2021-12-12	Viral 50	is
0kKVxEL8ia1F3vKQj6GVeL	Ætla ekki að eyða þeim ein	Jóhanna Guðrún	18	#bd3200	2021-12-12	Viral 50	is
2IAR0DziHCjSu16gR4ihvy	Nothing	Bruno Major	19	#bd3200	2021-12-12	Viral 50	is
62l3NSQPUxvcwwzKUmysrE	Bad Man (Smooth Criminal)	Polo G	20	#bd3200	2021-12-12	Viral 50	is
6M47gaKejso9772SKTa3yH	Face Off	Tech N9ne, Joey Cool, King Iso, Dwayne Johnson	21	#3e3e40	2021-12-12	Viral 50	is
5rF6YUIlgiat22OT1lWspJ	Seventeen Going Under	Sam Fender	22	#84bd00	2021-12-12	Viral 50	is
1xIqDFx3KdByBnKMlTECcM	Coming for You (feat. A1 x J1)	SwitchOTR	23	#bd3200	2021-12-12	Viral 50	is
5t07RuwZAUBBnF2tWKwgmP	Super Idol - Remix	Samstring	24	#3e3e40	2021-12-12	Viral 50	is
0sTlGEld0h8kIPZaKDYUf4	Notion	The Rare Occasions	25	#bd3200	2021-12-12	Viral 50	is
6dmXZ9B5HdFAyzHeTneYBK	LA FAMA (with The Weeknd)	ROSALÍA	26	#bd3200	2021-12-12	Viral 50	is
64YFcpOpy9Byu275cSS769	Eldur í hjarta (Lifandi)	Frostrósir	27	#4687d7	2021-12-12	Viral 50	is
1SOClUWhOi8vHZYMz3GluK	Infinity	Jaymes Young	28	#bd3200	2021-12-12	Viral 50	is
6bW5PmDmhigjdOBgXsyn8f	Desember	Friðrik Ómar	29	#84bd00	2021-12-12	Viral 50	is
2gQPv5jvVPqU2a9HhMNO1v	Toxic	BoyWithUke	30	#bd3200	2021-12-12	Viral 50	is
4A8cWXxKfIL3lAyUDzXbCF	Super Gremlin	Kodak Black	31	#bd3200	2021-12-12	Viral 50	is
35mBYyB61qTcGGj7MXIRM1	Cpr	cupcakKe	32	#84bd00	2021-12-12	Viral 50	is
2BzAGK3lEZAQz5cU0Ae1wd	Flowers (Say My Name)	ArrDee	33	#bd3200	2021-12-12	Viral 50	is
4IhTXiZLKATmwhMZIb1GQN	Lights Are On	Tom Rosenthal	34	#bd3200	2021-12-12	Viral 50	is
05EG9LwFCVjkoYEWzsrHHO	Legend	Tevvez	35	#3e3e40	2021-12-12	Viral 50	is
2quVkyLSVr5wX2QIhnexUt	Already Dead	Juice WRLD	36	#84bd00	2021-12-12	Viral 50	is
0NwSCkrYuOt16VJNd3ESKZ	Hátíð í bæ	Haukur Morthens	37	#84bd00	2021-12-12	Viral 50	is
5enxwA8aAbwZbf5qCHORXi	All Too Well (10 Minute Version) (Taylor's Version) (From The Vault)	Taylor Swift	38	#bd3200	2021-12-12	Viral 50	is
0zCgWGmDF0aih5qexATyBn	After Dark	Mr.Kitty	39	#84bd00	2021-12-12	Viral 50	is
22IiXEeYRhD2O5Gez6AKZV	Musclebells	DJ Muscleboy	40	#bd3200	2021-12-12	Viral 50	is
00Blm7zeNqgYLPtW6zg8cj	One Right Now (with The Weeknd)	Post Malone	41	#84bd00	2021-12-12	Viral 50	is
7es56D0QedGMsK39wl2yFX	Happier Than Ever	ASTN	42	#4687d7	2021-12-12	Viral 50	is
5reQI13tWWYDLMrGcUF4Mk	Nuestra Canción	Monsieur Periné, Vicente Garcia	43	#bd3200	2021-12-12	Viral 50	is
2hhFpD32iXUd4GaCu6T4wn	Everyday Normal Guy 2	Jon Lajoie	44	#84bd00	2021-12-12	Viral 50	is
0RYHqnmtNRfbYxP6Dn8Vse	masquerade	siouxxie sixxsta	45	#4687d7	2021-12-12	Viral 50	is
1xxJiB2B3rMw8g85PPtcN7	น้ำแดงน้ำส้ม	JV.JARVIS	46	#bd3200	2021-12-12	Viral 50	is
46IZ0fSY2mpAiktS3KOqds	Easy On Me	Adele	47	#bd3200	2021-12-12	Viral 50	is
6b31SENcbKaLL0ujHR6rbv	BOOM	DJ Muscleboy, Yohanna	48	#bd3200	2021-12-12	Viral 50	is
4zkdfzYrkU53benFEZaman	Ég þarf enga gjöf í ár	Valdimar Guðmundsson, Fjölskyldan	49	#bd3200	2021-12-12	Viral 50	is
4SqWKzw0CbA05TGszDgMlc	I Love You So	The Walters	50	#bd3200	2021-12-12	Viral 50	is
3veY63DgDUzZB44wMUQVz8	Styttist í það	Baggalútur	1	#3e3e40	2021-12-13	Viral 50	is
4fouWK6XVHhzl78KzQ1UjL	abcdefu	GAYLE	2	#3e3e40	2021-12-13	Viral 50	is
3nOz1U41SZZ0N3fuUWr9nb	I AM WOMAN	Emmy Meli	3	#4687d7	2021-12-13	Viral 50	is
3VTNVsTTu05dmTsVFrmGpK	Fairytale of New York (feat. Kirsty MacColl)	The Pogues	4	#bd3200	2021-12-13	Viral 50	is
6jHBzdq0by8m9DcQ6lL8VG	Með stjörnunum	Herbert Guðmundsson	5	#3e3e40	2021-12-13	Viral 50	is
3RkoMHO82pcLpCosDR7Gbj	Þegar Þú Blikkar (feat. Björgvin Halldórsson)	Herra Hnetusmjör	6	#3e3e40	2021-12-13	Viral 50	is
1EQFOouqdKYdpbNoOHRVO2	abcdefu (angrier)	GAYLE	7	#3e3e40	2021-12-13	Viral 50	is
5Zxm28ZlWhLCGF044tFU8l	Dingaling	Laddi	8	#4687d7	2021-12-13	Viral 50	is
20on25jryn53hWghthWWW3	Do It To It	ACRAZE, Cherish	9	#bd3200	2021-12-13	Viral 50	is
4gqOzJPGNCvEnS1u5YHOkp	Super Max!	Pitstop Boys	10	#84bd00	2021-12-13	Viral 50	is
2bPQuniBB9x0fRtxDly0kr	Stop The Cavalry	Jona Lewie	11	#84bd00	2021-12-13	Viral 50	is
5WH6soOfEZ3x8Fs87zrlQi	Stjarnan mín	Íslensku dívurnar	12	#bd3200	2021-12-13	Viral 50	is
3xGOOOPD2HjErQLyRFk5Wf	Helikopter	Fazlija	13	#84bd00	2021-12-13	Viral 50	is
6Jzdxguk63s6CVVXHIrQ0x	Own Brand Freestyle	FelixThe1st, Dréya Mac, Finch Fetti	14	#bd3200	2021-12-13	Viral 50	is
1r9xUipOqoNwggBpENDsvJ	Enemy (with JID) - from the series Arcane League of Legends	Imagine Dragons	15	#bd3200	2021-12-13	Viral 50	is
5LLrxqwqc8Q8cftLi2fJHd	Geimferðalangur (Lifandi)	Frostrósir	16	#bd3200	2021-12-13	Viral 50	is
6UjeFOCGYgMpBUtqKg1Je3	Alien Blues	Vundabar	17	#bd3200	2021-12-13	Viral 50	is
11i5Bnpjquuq7bzDjnS08V	Af álfum	Margrét Eir, Friðrik Ómar	18	#bd3200	2021-12-13	Viral 50	is
1xIqDFx3KdByBnKMlTECcM	Coming for You (feat. A1 x J1)	SwitchOTR	19	#84bd00	2021-12-13	Viral 50	is
2IAR0DziHCjSu16gR4ihvy	Nothing	Bruno Major	20	#bd3200	2021-12-13	Viral 50	is
0So2sgVa8aJiARPl2P29u2	Pope Is a Rockstar	SALES	21	#4687d7	2021-12-13	Viral 50	is
09gysnJpfQ3ublBmJDfcEC	SAD GIRLZ LUV MONEY Remix (feat. Kali Uchis and Moliy)	Amaarae	22	#bd3200	2021-12-13	Viral 50	is
0kKVxEL8ia1F3vKQj6GVeL	Ætla ekki að eyða þeim ein	Jóhanna Guðrún	23	#bd3200	2021-12-13	Viral 50	is
6M47gaKejso9772SKTa3yH	Face Off	Tech N9ne, Joey Cool, King Iso, Dwayne Johnson	24	#bd3200	2021-12-13	Viral 50	is
4A8cWXxKfIL3lAyUDzXbCF	Super Gremlin	Kodak Black	25	#84bd00	2021-12-13	Viral 50	is
5t07RuwZAUBBnF2tWKwgmP	Super Idol - Remix	Samstring	26	#bd3200	2021-12-13	Viral 50	is
6dmXZ9B5HdFAyzHeTneYBK	LA FAMA (with The Weeknd)	ROSALÍA	27	#bd3200	2021-12-13	Viral 50	is
1SOClUWhOi8vHZYMz3GluK	Infinity	Jaymes Young	28	#3e3e40	2021-12-13	Viral 50	is
62l3NSQPUxvcwwzKUmysrE	Bad Man (Smooth Criminal)	Polo G	29	#bd3200	2021-12-13	Viral 50	is
5BLa2ooWjkew8xGZwoaRaX	Snjókorn falla - Drill remix	Hiilmar	30	#4687d7	2021-12-13	Viral 50	is
64YFcpOpy9Byu275cSS769	Eldur í hjarta (Lifandi)	Frostrósir	31	#bd3200	2021-12-13	Viral 50	is
5IjZHSeqDxHYPjf9zGSCyB	Undir Mistilteini (feat. Svala)	Egill Ploder, Ingi Bauer	32	#4687d7	2021-12-13	Viral 50	is
2BzAGK3lEZAQz5cU0Ae1wd	Flowers (Say My Name)	ArrDee	33	#3e3e40	2021-12-13	Viral 50	is
0RYHqnmtNRfbYxP6Dn8Vse	masquerade	siouxxie sixxsta	34	#84bd00	2021-12-13	Viral 50	is
35mBYyB61qTcGGj7MXIRM1	Cpr	cupcakKe	35	#bd3200	2021-12-13	Viral 50	is
0sTlGEld0h8kIPZaKDYUf4	Notion	The Rare Occasions	36	#bd3200	2021-12-13	Viral 50	is
6bW5PmDmhigjdOBgXsyn8f	Desember	Friðrik Ómar	37	#bd3200	2021-12-13	Viral 50	is
5rF6YUIlgiat22OT1lWspJ	Seventeen Going Under	Sam Fender	38	#bd3200	2021-12-13	Viral 50	is
1xxJiB2B3rMw8g85PPtcN7	น้ำแดงน้ำส้ม	JV.JARVIS	39	#84bd00	2021-12-13	Viral 50	is
2gQPv5jvVPqU2a9HhMNO1v	Toxic	BoyWithUke	40	#bd3200	2021-12-13	Viral 50	is
1SHB1hp6267UK9bJQUxYvO	Судно (Борис Рижий)	Molchat Doma	41	#4687d7	2021-12-13	Viral 50	is
7es56D0QedGMsK39wl2yFX	Happier Than Ever	ASTN	42	#3e3e40	2021-12-13	Viral 50	is
0zCgWGmDF0aih5qexATyBn	After Dark	Mr.Kitty	43	#bd3200	2021-12-13	Viral 50	is
00Blm7zeNqgYLPtW6zg8cj	One Right Now (with The Weeknd)	Post Malone	44	#bd3200	2021-12-13	Viral 50	is
4IhTXiZLKATmwhMZIb1GQN	Lights Are On	Tom Rosenthal	45	#bd3200	2021-12-13	Viral 50	is
2hhFpD32iXUd4GaCu6T4wn	Everyday Normal Guy 2	Jon Lajoie	46	#bd3200	2021-12-13	Viral 50	is
5reQI13tWWYDLMrGcUF4Mk	Nuestra Canción	Monsieur Periné, Vicente Garcia	47	#bd3200	2021-12-13	Viral 50	is
25ggBFrRXJ4XcBPlnOWD5w	Farinn	HÚGÓ	48	#4687d7	2021-12-13	Viral 50	is
22IiXEeYRhD2O5Gez6AKZV	Musclebells	DJ Muscleboy	49	#bd3200	2021-12-13	Viral 50	is
2TwrUQObMK4S2cJA6Ub7FF	Aumingi með Bónuspoka	Dr. Gunni	50	#4687d7	2021-12-13	Viral 50	is
3veY63DgDUzZB44wMUQVz8	Styttist í það	Baggalútur	1	#3e3e40	2021-12-14	Viral 50	is
4fouWK6XVHhzl78KzQ1UjL	abcdefu	GAYLE	2	#3e3e40	2021-12-14	Viral 50	is
3nOz1U41SZZ0N3fuUWr9nb	I AM WOMAN	Emmy Meli	3	#3e3e40	2021-12-14	Viral 50	is
3VTNVsTTu05dmTsVFrmGpK	Fairytale of New York (feat. Kirsty MacColl)	The Pogues	4	#3e3e40	2021-12-14	Viral 50	is
6jHBzdq0by8m9DcQ6lL8VG	Með stjörnunum	Herbert Guðmundsson	5	#3e3e40	2021-12-14	Viral 50	is
1EQFOouqdKYdpbNoOHRVO2	abcdefu (angrier)	GAYLE	6	#84bd00	2021-12-14	Viral 50	is
3RkoMHO82pcLpCosDR7Gbj	Þegar Þú Blikkar (feat. Björgvin Halldórsson)	Herra Hnetusmjör	7	#bd3200	2021-12-14	Viral 50	is
5Zxm28ZlWhLCGF044tFU8l	Dingaling	Laddi	8	#3e3e40	2021-12-14	Viral 50	is
20on25jryn53hWghthWWW3	Do It To It	ACRAZE, Cherish	9	#3e3e40	2021-12-14	Viral 50	is
4gqOzJPGNCvEnS1u5YHOkp	Super Max!	Pitstop Boys	10	#3e3e40	2021-12-14	Viral 50	is
0So2sgVa8aJiARPl2P29u2	Pope Is a Rockstar	SALES	11	#84bd00	2021-12-14	Viral 50	is
5WH6soOfEZ3x8Fs87zrlQi	Stjarnan mín	Íslensku dívurnar	12	#3e3e40	2021-12-14	Viral 50	is
2IAR0DziHCjSu16gR4ihvy	Nothing	Bruno Major	13	#84bd00	2021-12-14	Viral 50	is
2bPQuniBB9x0fRtxDly0kr	Stop The Cavalry	Jona Lewie	14	#bd3200	2021-12-14	Viral 50	is
5LLrxqwqc8Q8cftLi2fJHd	Geimferðalangur (Lifandi)	Frostrósir	15	#84bd00	2021-12-14	Viral 50	is
1r9xUipOqoNwggBpENDsvJ	Enemy (with JID) - from the series Arcane League of Legends	Imagine Dragons	16	#bd3200	2021-12-14	Viral 50	is
3xGOOOPD2HjErQLyRFk5Wf	Helikopter	Fazlija	17	#bd3200	2021-12-14	Viral 50	is
4A8cWXxKfIL3lAyUDzXbCF	Super Gremlin	Kodak Black	18	#84bd00	2021-12-14	Viral 50	is
11i5Bnpjquuq7bzDjnS08V	Af álfum	Margrét Eir, Friðrik Ómar	19	#bd3200	2021-12-14	Viral 50	is
09gysnJpfQ3ublBmJDfcEC	SAD GIRLZ LUV MONEY Remix (feat. Kali Uchis and Moliy)	Amaarae	20	#84bd00	2021-12-14	Viral 50	is
6Jzdxguk63s6CVVXHIrQ0x	Own Brand Freestyle	FelixThe1st, Dréya Mac, Finch Fetti	21	#bd3200	2021-12-14	Viral 50	is
0kKVxEL8ia1F3vKQj6GVeL	Ætla ekki að eyða þeim ein	Jóhanna Guðrún	22	#84bd00	2021-12-14	Viral 50	is
6UjeFOCGYgMpBUtqKg1Je3	Alien Blues	Vundabar	23	#bd3200	2021-12-14	Viral 50	is
5IjZHSeqDxHYPjf9zGSCyB	Undir Mistilteini (feat. Svala)	Egill Ploder, Ingi Bauer	24	#84bd00	2021-12-14	Viral 50	is
5t07RuwZAUBBnF2tWKwgmP	Super Idol - Remix	Samstring	25	#84bd00	2021-12-14	Viral 50	is
1xIqDFx3KdByBnKMlTECcM	Coming for You (feat. A1 x J1)	SwitchOTR	26	#bd3200	2021-12-14	Viral 50	is
1SOClUWhOi8vHZYMz3GluK	Infinity	Jaymes Young	27	#84bd00	2021-12-14	Viral 50	is
6dmXZ9B5HdFAyzHeTneYBK	LA FAMA (with The Weeknd)	ROSALÍA	28	#bd3200	2021-12-14	Viral 50	is
5BLa2ooWjkew8xGZwoaRaX	Snjókorn falla - Drill remix	Hiilmar	29	#84bd00	2021-12-14	Viral 50	is
64YFcpOpy9Byu275cSS769	Eldur í hjarta (Lifandi)	Frostrósir	30	#84bd00	2021-12-14	Viral 50	is
5rF6YUIlgiat22OT1lWspJ	Seventeen Going Under	Sam Fender	31	#84bd00	2021-12-14	Viral 50	is
6M47gaKejso9772SKTa3yH	Face Off	Tech N9ne, Joey Cool, King Iso, Dwayne Johnson	32	#bd3200	2021-12-14	Viral 50	is
1xxJiB2B3rMw8g85PPtcN7	น้ำแดงน้ำส้ม	JV.JARVIS	33	#84bd00	2021-12-14	Viral 50	is
35mBYyB61qTcGGj7MXIRM1	Cpr	cupcakKe	34	#84bd00	2021-12-14	Viral 50	is
6bW5PmDmhigjdOBgXsyn8f	Desember	Friðrik Ómar	35	#84bd00	2021-12-14	Viral 50	is
0RYHqnmtNRfbYxP6Dn8Vse	masquerade	siouxxie sixxsta	36	#bd3200	2021-12-14	Viral 50	is
2gQPv5jvVPqU2a9HhMNO1v	Toxic	BoyWithUke	37	#84bd00	2021-12-14	Viral 50	is
4SqWKzw0CbA05TGszDgMlc	I Love You So	The Walters	38	#4687d7	2021-12-14	Viral 50	is
62l3NSQPUxvcwwzKUmysrE	Bad Man (Smooth Criminal)	Polo G	39	#bd3200	2021-12-14	Viral 50	is
7es56D0QedGMsK39wl2yFX	Happier Than Ever	ASTN	40	#84bd00	2021-12-14	Viral 50	is
0zCgWGmDF0aih5qexATyBn	After Dark	Mr.Kitty	41	#84bd00	2021-12-14	Viral 50	is
1SHB1hp6267UK9bJQUxYvO	Судно (Борис Рижий)	Molchat Doma	42	#bd3200	2021-12-14	Viral 50	is
4bLL8O04PMkzYpT4sC47kd	Ástin heldur vöku	Júlí Heiðar	43	#4687d7	2021-12-14	Viral 50	is
5elofKuRmgZmCVImWT6JtE	see you later (ten years)	Jenna Raine	44	#4687d7	2021-12-14	Viral 50	is
0sTlGEld0h8kIPZaKDYUf4	Notion	The Rare Occasions	45	#bd3200	2021-12-14	Viral 50	is
25ggBFrRXJ4XcBPlnOWD5w	Farinn	HÚGÓ	46	#84bd00	2021-12-14	Viral 50	is
4bJygwUKrRgq1stlNXcgMg	All The Things She Said	t.A.T.u.	47	#4687d7	2021-12-14	Viral 50	is
22IiXEeYRhD2O5Gez6AKZV	Musclebells	DJ Muscleboy	48	#84bd00	2021-12-14	Viral 50	is
2TwrUQObMK4S2cJA6Ub7FF	Aumingi með Bónuspoka	Dr. Gunni	49	#84bd00	2021-12-14	Viral 50	is
5reQI13tWWYDLMrGcUF4Mk	Nuestra Canción	Monsieur Periné, Vicente Garcia	50	#bd3200	2021-12-14	Viral 50	is
3veY63DgDUzZB44wMUQVz8	Styttist í það	Baggalútur	1	#3e3e40	2021-12-15	Viral 50	is
4fouWK6XVHhzl78KzQ1UjL	abcdefu	GAYLE	2	#3e3e40	2021-12-15	Viral 50	is
3nOz1U41SZZ0N3fuUWr9nb	I AM WOMAN	Emmy Meli	3	#3e3e40	2021-12-15	Viral 50	is
3VTNVsTTu05dmTsVFrmGpK	Fairytale of New York (feat. Kirsty MacColl)	The Pogues	4	#3e3e40	2021-12-15	Viral 50	is
6jHBzdq0by8m9DcQ6lL8VG	Með stjörnunum	Herbert Guðmundsson	5	#3e3e40	2021-12-15	Viral 50	is
1EQFOouqdKYdpbNoOHRVO2	abcdefu (angrier)	GAYLE	6	#3e3e40	2021-12-15	Viral 50	is
3RkoMHO82pcLpCosDR7Gbj	Þegar Þú Blikkar (feat. Björgvin Halldórsson)	Herra Hnetusmjör	7	#3e3e40	2021-12-15	Viral 50	is
4gqOzJPGNCvEnS1u5YHOkp	Super Max!	Pitstop Boys	8	#84bd00	2021-12-15	Viral 50	is
0So2sgVa8aJiARPl2P29u2	Pope Is a Rockstar	SALES	9	#84bd00	2021-12-15	Viral 50	is
5Zxm28ZlWhLCGF044tFU8l	Dingaling	Laddi	10	#bd3200	2021-12-15	Viral 50	is
20on25jryn53hWghthWWW3	Do It To It	ACRAZE, Cherish	11	#bd3200	2021-12-15	Viral 50	is
4A8cWXxKfIL3lAyUDzXbCF	Super Gremlin	Kodak Black	12	#84bd00	2021-12-15	Viral 50	is
5WH6soOfEZ3x8Fs87zrlQi	Stjarnan mín	Íslensku dívurnar	13	#bd3200	2021-12-15	Viral 50	is
6Jzdxguk63s6CVVXHIrQ0x	Own Brand Freestyle	FelixThe1st, Dréya Mac, Finch Fetti	14	#84bd00	2021-12-15	Viral 50	is
2IAR0DziHCjSu16gR4ihvy	Nothing	Bruno Major	15	#bd3200	2021-12-15	Viral 50	is
2bPQuniBB9x0fRtxDly0kr	Stop The Cavalry	Jona Lewie	16	#bd3200	2021-12-15	Viral 50	is
1r9xUipOqoNwggBpENDsvJ	Enemy (with JID) - from the series Arcane League of Legends	Imagine Dragons	17	#bd3200	2021-12-15	Viral 50	is
11i5Bnpjquuq7bzDjnS08V	Af álfum	Margrét Eir, Friðrik Ómar	18	#84bd00	2021-12-15	Viral 50	is
3xGOOOPD2HjErQLyRFk5Wf	Helikopter	Fazlija	19	#bd3200	2021-12-15	Viral 50	is
1xIqDFx3KdByBnKMlTECcM	Coming for You (feat. A1 x J1)	SwitchOTR	20	#84bd00	2021-12-15	Viral 50	is
6UjeFOCGYgMpBUtqKg1Je3	Alien Blues	Vundabar	21	#84bd00	2021-12-15	Viral 50	is
5IjZHSeqDxHYPjf9zGSCyB	Undir Mistilteini (feat. Svala)	Egill Ploder, Ingi Bauer	22	#84bd00	2021-12-15	Viral 50	is
1SOClUWhOi8vHZYMz3GluK	Infinity	Jaymes Young	23	#84bd00	2021-12-15	Viral 50	is
0kKVxEL8ia1F3vKQj6GVeL	Ætla ekki að eyða þeim ein	Jóhanna Guðrún	24	#bd3200	2021-12-15	Viral 50	is
5LLrxqwqc8Q8cftLi2fJHd	Geimferðalangur (Lifandi)	Frostrósir	25	#bd3200	2021-12-15	Viral 50	is
09gysnJpfQ3ublBmJDfcEC	SAD GIRLZ LUV MONEY Remix (feat. Kali Uchis and Moliy)	Amaarae	26	#bd3200	2021-12-15	Viral 50	is
5t07RuwZAUBBnF2tWKwgmP	Super Idol - Remix	Samstring	27	#bd3200	2021-12-15	Viral 50	is
6M47gaKejso9772SKTa3yH	Face Off	Tech N9ne, Joey Cool, King Iso, Dwayne Johnson	28	#84bd00	2021-12-15	Viral 50	is
35mBYyB61qTcGGj7MXIRM1	Cpr	cupcakKe	29	#84bd00	2021-12-15	Viral 50	is
64YFcpOpy9Byu275cSS769	Eldur í hjarta (Lifandi)	Frostrósir	30	#3e3e40	2021-12-15	Viral 50	is
5BLa2ooWjkew8xGZwoaRaX	Snjókorn falla - Drill remix	Hiilmar	31	#bd3200	2021-12-15	Viral 50	is
6dmXZ9B5HdFAyzHeTneYBK	LA FAMA (with The Weeknd)	ROSALÍA	32	#bd3200	2021-12-15	Viral 50	is
0RYHqnmtNRfbYxP6Dn8Vse	masquerade	siouxxie sixxsta	33	#84bd00	2021-12-15	Viral 50	is
1xxJiB2B3rMw8g85PPtcN7	น้ำแดงน้ำส้ม	JV.JARVIS	34	#bd3200	2021-12-15	Viral 50	is
5rF6YUIlgiat22OT1lWspJ	Seventeen Going Under	Sam Fender	35	#bd3200	2021-12-15	Viral 50	is
5elofKuRmgZmCVImWT6JtE	see you later (ten years)	Jenna Raine	36	#84bd00	2021-12-15	Viral 50	is
4bLL8O04PMkzYpT4sC47kd	Ástin heldur vöku	Júlí Heiðar	37	#84bd00	2021-12-15	Viral 50	is
6bW5PmDmhigjdOBgXsyn8f	Desember	Friðrik Ómar	38	#bd3200	2021-12-15	Viral 50	is
4SqWKzw0CbA05TGszDgMlc	I Love You So	The Walters	39	#bd3200	2021-12-15	Viral 50	is
3BMqVk2NJbH4fxf84e8kDC	Swimming Pool	Marie Madeleine	40	#4687d7	2021-12-15	Viral 50	is
2TwrUQObMK4S2cJA6Ub7FF	Aumingi með Bónuspoka	Dr. Gunni	41	#84bd00	2021-12-15	Viral 50	is
5hlDlZjP8bAtpVfH6LDFW2	Ó, helga nótt	Margrét Eir, Hera Björk	42	#4687d7	2021-12-15	Viral 50	is
1SHB1hp6267UK9bJQUxYvO	Судно (Борис Рижий)	Molchat Doma	43	#bd3200	2021-12-15	Viral 50	is
7es56D0QedGMsK39wl2yFX	Happier Than Ever	ASTN	44	#bd3200	2021-12-15	Viral 50	is
4IhTXiZLKATmwhMZIb1GQN	Lights Are On	Tom Rosenthal	45	#4687d7	2021-12-15	Viral 50	is
2AaJeBEq3WLcfFW1y8svDf	By Your Side	Rod Wave	46	#4687d7	2021-12-15	Viral 50	is
25ggBFrRXJ4XcBPlnOWD5w	Farinn	HÚGÓ	47	#bd3200	2021-12-15	Viral 50	is
4bJygwUKrRgq1stlNXcgMg	All The Things She Said	t.A.T.u.	48	#bd3200	2021-12-15	Viral 50	is
22IiXEeYRhD2O5Gez6AKZV	Musclebells	DJ Muscleboy	49	#bd3200	2021-12-15	Viral 50	is
3NIhjaRe2XaMNauUUwueib	My Delusions	Ampop	50	#4687d7	2021-12-15	Viral 50	is
3veY63DgDUzZB44wMUQVz8	Styttist í það	Baggalútur	1	#3e3e40	2021-12-16	Viral 50	is
4fouWK6XVHhzl78KzQ1UjL	abcdefu	GAYLE	2	#3e3e40	2021-12-16	Viral 50	is
3nOz1U41SZZ0N3fuUWr9nb	I AM WOMAN	Emmy Meli	3	#3e3e40	2021-12-16	Viral 50	is
3VTNVsTTu05dmTsVFrmGpK	Fairytale of New York (feat. Kirsty MacColl)	The Pogues	4	#3e3e40	2021-12-16	Viral 50	is
6jHBzdq0by8m9DcQ6lL8VG	Með stjörnunum	Herbert Guðmundsson	5	#3e3e40	2021-12-16	Viral 50	is
4gqOzJPGNCvEnS1u5YHOkp	Super Max!	Pitstop Boys	6	#84bd00	2021-12-16	Viral 50	is
1EQFOouqdKYdpbNoOHRVO2	abcdefu (angrier)	GAYLE	7	#bd3200	2021-12-16	Viral 50	is
0So2sgVa8aJiARPl2P29u2	Pope Is a Rockstar	SALES	8	#84bd00	2021-12-16	Viral 50	is
3RkoMHO82pcLpCosDR7Gbj	Þegar Þú Blikkar (feat. Björgvin Halldórsson)	Herra Hnetusmjör	9	#bd3200	2021-12-16	Viral 50	is
20on25jryn53hWghthWWW3	Do It To It	ACRAZE, Cherish	10	#84bd00	2021-12-16	Viral 50	is
5Zxm28ZlWhLCGF044tFU8l	Dingaling	Laddi	11	#bd3200	2021-12-16	Viral 50	is
4A8cWXxKfIL3lAyUDzXbCF	Super Gremlin	Kodak Black	12	#3e3e40	2021-12-16	Viral 50	is
1r9xUipOqoNwggBpENDsvJ	Enemy (with JID) - from the series Arcane League of Legends	Imagine Dragons	13	#84bd00	2021-12-16	Viral 50	is
2IAR0DziHCjSu16gR4ihvy	Nothing	Bruno Major	14	#84bd00	2021-12-16	Viral 50	is
5WH6soOfEZ3x8Fs87zrlQi	Stjarnan mín	Íslensku dívurnar	15	#bd3200	2021-12-16	Viral 50	is
3xGOOOPD2HjErQLyRFk5Wf	Helikopter	Fazlija	16	#84bd00	2021-12-16	Viral 50	is
0kKVxEL8ia1F3vKQj6GVeL	Ætla ekki að eyða þeim ein	Jóhanna Guðrún	17	#84bd00	2021-12-16	Viral 50	is
2bPQuniBB9x0fRtxDly0kr	Stop The Cavalry	Jona Lewie	18	#bd3200	2021-12-16	Viral 50	is
6UjeFOCGYgMpBUtqKg1Je3	Alien Blues	Vundabar	19	#84bd00	2021-12-16	Viral 50	is
5IjZHSeqDxHYPjf9zGSCyB	Undir Mistilteini (feat. Svala)	Egill Ploder, Ingi Bauer	20	#84bd00	2021-12-16	Viral 50	is
1SOClUWhOi8vHZYMz3GluK	Infinity	Jaymes Young	21	#84bd00	2021-12-16	Viral 50	is
35mBYyB61qTcGGj7MXIRM1	Cpr	cupcakKe	22	#84bd00	2021-12-16	Viral 50	is
5LLrxqwqc8Q8cftLi2fJHd	Geimferðalangur (Lifandi)	Frostrósir	23	#84bd00	2021-12-16	Viral 50	is
11i5Bnpjquuq7bzDjnS08V	Af álfum	Margrét Eir, Friðrik Ómar	24	#bd3200	2021-12-16	Viral 50	is
5t07RuwZAUBBnF2tWKwgmP	Super Idol - Remix	Samstring	25	#84bd00	2021-12-16	Viral 50	is
1xIqDFx3KdByBnKMlTECcM	Coming for You (feat. A1 x J1)	SwitchOTR	26	#bd3200	2021-12-16	Viral 50	is
4bLL8O04PMkzYpT4sC47kd	Ástin heldur vöku	Júlí Heiðar	27	#84bd00	2021-12-16	Viral 50	is
09gysnJpfQ3ublBmJDfcEC	SAD GIRLZ LUV MONEY Remix (feat. Kali Uchis and Moliy)	Amaarae	28	#bd3200	2021-12-16	Viral 50	is
6M47gaKejso9772SKTa3yH	Face Off	Tech N9ne, Joey Cool, King Iso, Dwayne Johnson	29	#bd3200	2021-12-16	Viral 50	is
6Jzdxguk63s6CVVXHIrQ0x	Own Brand Freestyle	FelixThe1st, Dréya Mac, Finch Fetti	30	#bd3200	2021-12-16	Viral 50	is
64YFcpOpy9Byu275cSS769	Eldur í hjarta (Lifandi)	Frostrósir	31	#bd3200	2021-12-16	Viral 50	is
5rF6YUIlgiat22OT1lWspJ	Seventeen Going Under	Sam Fender	32	#84bd00	2021-12-16	Viral 50	is
6dmXZ9B5HdFAyzHeTneYBK	LA FAMA (with The Weeknd)	ROSALÍA	33	#bd3200	2021-12-16	Viral 50	is
0RYHqnmtNRfbYxP6Dn8Vse	masquerade	siouxxie sixxsta	34	#bd3200	2021-12-16	Viral 50	is
3BMqVk2NJbH4fxf84e8kDC	Swimming Pool	Marie Madeleine	35	#84bd00	2021-12-16	Viral 50	is
5BLa2ooWjkew8xGZwoaRaX	Snjókorn falla - Drill remix	Hiilmar	36	#bd3200	2021-12-16	Viral 50	is
5elofKuRmgZmCVImWT6JtE	see you later (ten years)	Jenna Raine	37	#bd3200	2021-12-16	Viral 50	is
1xxJiB2B3rMw8g85PPtcN7	น้ำแดงน้ำส้ม	JV.JARVIS	38	#bd3200	2021-12-16	Viral 50	is
2TwrUQObMK4S2cJA6Ub7FF	Aumingi með Bónuspoka	Dr. Gunni	39	#84bd00	2021-12-16	Viral 50	is
6bW5PmDmhigjdOBgXsyn8f	Desember	Friðrik Ómar	40	#bd3200	2021-12-16	Viral 50	is
22IiXEeYRhD2O5Gez6AKZV	Musclebells	DJ Muscleboy	41	#84bd00	2021-12-16	Viral 50	is
5hlDlZjP8bAtpVfH6LDFW2	Ó, helga nótt	Margrét Eir, Hera Björk	42	#3e3e40	2021-12-16	Viral 50	is
4SqWKzw0CbA05TGszDgMlc	I Love You So	The Walters	43	#bd3200	2021-12-16	Viral 50	is
2AaJeBEq3WLcfFW1y8svDf	By Your Side	Rod Wave	44	#84bd00	2021-12-16	Viral 50	is
7es56D0QedGMsK39wl2yFX	Happier Than Ever	ASTN	45	#bd3200	2021-12-16	Viral 50	is
4IhTXiZLKATmwhMZIb1GQN	Lights Are On	Tom Rosenthal	46	#bd3200	2021-12-16	Viral 50	is
3NIhjaRe2XaMNauUUwueib	My Delusions	Ampop	47	#84bd00	2021-12-16	Viral 50	is
25ggBFrRXJ4XcBPlnOWD5w	Farinn	HÚGÓ	48	#bd3200	2021-12-16	Viral 50	is
4bJygwUKrRgq1stlNXcgMg	All The Things She Said	t.A.T.u.	49	#bd3200	2021-12-16	Viral 50	is
1SHB1hp6267UK9bJQUxYvO	Судно (Борис Рижий)	Molchat Doma	50	#bd3200	2021-12-16	Viral 50	is
3veY63DgDUzZB44wMUQVz8	Styttist í það	Baggalútur	1	#3e3e40	2021-12-17	Viral 50	is
4fouWK6XVHhzl78KzQ1UjL	abcdefu	GAYLE	2	#3e3e40	2021-12-17	Viral 50	is
3VTNVsTTu05dmTsVFrmGpK	Fairytale of New York (feat. Kirsty MacColl)	The Pogues	3	#84bd00	2021-12-17	Viral 50	is
3nOz1U41SZZ0N3fuUWr9nb	I AM WOMAN	Emmy Meli	4	#bd3200	2021-12-17	Viral 50	is
6jHBzdq0by8m9DcQ6lL8VG	Með stjörnunum	Herbert Guðmundsson	5	#3e3e40	2021-12-17	Viral 50	is
4gqOzJPGNCvEnS1u5YHOkp	Super Max!	Pitstop Boys	6	#3e3e40	2021-12-17	Viral 50	is
20on25jryn53hWghthWWW3	Do It To It	ACRAZE, Cherish	7	#84bd00	2021-12-17	Viral 50	is
3RkoMHO82pcLpCosDR7Gbj	Þegar Þú Blikkar (feat. Björgvin Halldórsson)	Herra Hnetusmjör	8	#84bd00	2021-12-17	Viral 50	is
0So2sgVa8aJiARPl2P29u2	Pope Is a Rockstar	SALES	9	#bd3200	2021-12-17	Viral 50	is
4A8cWXxKfIL3lAyUDzXbCF	Super Gremlin	Kodak Black	10	#84bd00	2021-12-17	Viral 50	is
1EQFOouqdKYdpbNoOHRVO2	abcdefu (angrier)	GAYLE	11	#bd3200	2021-12-17	Viral 50	is
5Zxm28ZlWhLCGF044tFU8l	Dingaling	Laddi	12	#bd3200	2021-12-17	Viral 50	is
6Jzdxguk63s6CVVXHIrQ0x	Own Brand Freestyle	FelixThe1st, Dréya Mac, Finch Fetti	13	#84bd00	2021-12-17	Viral 50	is
1r9xUipOqoNwggBpENDsvJ	Enemy (with JID) - from the series Arcane League of Legends	Imagine Dragons	14	#bd3200	2021-12-17	Viral 50	is
1xIqDFx3KdByBnKMlTECcM	Coming for You (feat. A1 x J1)	SwitchOTR	15	#84bd00	2021-12-17	Viral 50	is
0kKVxEL8ia1F3vKQj6GVeL	Ætla ekki að eyða þeim ein	Jóhanna Guðrún	16	#84bd00	2021-12-17	Viral 50	is
2IAR0DziHCjSu16gR4ihvy	Nothing	Bruno Major	17	#bd3200	2021-12-17	Viral 50	is
35mBYyB61qTcGGj7MXIRM1	Cpr	cupcakKe	18	#84bd00	2021-12-17	Viral 50	is
2bPQuniBB9x0fRtxDly0kr	Stop The Cavalry	Jona Lewie	19	#bd3200	2021-12-17	Viral 50	is
4bLL8O04PMkzYpT4sC47kd	Ástin heldur vöku	Júlí Heiðar	20	#84bd00	2021-12-17	Viral 50	is
5IjZHSeqDxHYPjf9zGSCyB	Undir Mistilteini (feat. Svala)	Egill Ploder, Ingi Bauer	21	#bd3200	2021-12-17	Viral 50	is
6UjeFOCGYgMpBUtqKg1Je3	Alien Blues	Vundabar	22	#bd3200	2021-12-17	Viral 50	is
1SOClUWhOi8vHZYMz3GluK	Infinity	Jaymes Young	23	#bd3200	2021-12-17	Viral 50	is
3xGOOOPD2HjErQLyRFk5Wf	Helikopter	Fazlija	24	#bd3200	2021-12-17	Viral 50	is
11i5Bnpjquuq7bzDjnS08V	Af álfum	Margrét Eir, Friðrik Ómar	25	#bd3200	2021-12-17	Viral 50	is
09gysnJpfQ3ublBmJDfcEC	SAD GIRLZ LUV MONEY Remix (feat. Kali Uchis and Moliy)	Amaarae	26	#84bd00	2021-12-17	Viral 50	is
0RYHqnmtNRfbYxP6Dn8Vse	masquerade	siouxxie sixxsta	27	#84bd00	2021-12-17	Viral 50	is
5t07RuwZAUBBnF2tWKwgmP	Super Idol - Remix	Samstring	28	#bd3200	2021-12-17	Viral 50	is
4zkdfzYrkU53benFEZaman	Ég þarf enga gjöf í ár	Valdimar Guðmundsson, Fjölskyldan	29	#4687d7	2021-12-17	Viral 50	is
64YFcpOpy9Byu275cSS769	Eldur í hjarta (Lifandi)	Frostrósir	30	#84bd00	2021-12-17	Viral 50	is
5rF6YUIlgiat22OT1lWspJ	Seventeen Going Under	Sam Fender	31	#84bd00	2021-12-17	Viral 50	is
6M47gaKejso9772SKTa3yH	Face Off	Tech N9ne, Joey Cool, King Iso, Dwayne Johnson	32	#bd3200	2021-12-17	Viral 50	is
6dmXZ9B5HdFAyzHeTneYBK	LA FAMA (with The Weeknd)	ROSALÍA	33	#3e3e40	2021-12-17	Viral 50	is
4SqWKzw0CbA05TGszDgMlc	I Love You So	The Walters	34	#84bd00	2021-12-17	Viral 50	is
3BMqVk2NJbH4fxf84e8kDC	Swimming Pool	Marie Madeleine	35	#3e3e40	2021-12-17	Viral 50	is
2TwrUQObMK4S2cJA6Ub7FF	Aumingi með Bónuspoka	Dr. Gunni	36	#84bd00	2021-12-17	Viral 50	is
22IiXEeYRhD2O5Gez6AKZV	Musclebells	DJ Muscleboy	37	#84bd00	2021-12-17	Viral 50	is
5elofKuRmgZmCVImWT6JtE	see you later (ten years)	Jenna Raine	38	#bd3200	2021-12-17	Viral 50	is
7es56D0QedGMsK39wl2yFX	Happier Than Ever	ASTN	39	#84bd00	2021-12-17	Viral 50	is
6bW5PmDmhigjdOBgXsyn8f	Desember	Friðrik Ómar	40	#3e3e40	2021-12-17	Viral 50	is
5hlDlZjP8bAtpVfH6LDFW2	Ó, helga nótt	Margrét Eir, Hera Björk	41	#84bd00	2021-12-17	Viral 50	is
5EIkdrmuu2xkoQWOWjoeFY	Dynasties & Dystopia (from the series Arcane League of Legends)	Denzel Curry, Gizzle, Bren Joy	42	#4687d7	2021-12-17	Viral 50	is
1xxJiB2B3rMw8g85PPtcN7	น้ำแดงน้ำส้ม	JV.JARVIS	43	#bd3200	2021-12-17	Viral 50	is
7sXTcibuNYugjjYNfgf2kY	Felicità	Al Bano And Romina Power	44	#4687d7	2021-12-17	Viral 50	is
2AaJeBEq3WLcfFW1y8svDf	By Your Side	Rod Wave	45	#bd3200	2021-12-17	Viral 50	is
2hhFpD32iXUd4GaCu6T4wn	Everyday Normal Guy 2	Jon Lajoie	46	#4687d7	2021-12-17	Viral 50	is
1SHB1hp6267UK9bJQUxYvO	Судно (Борис Рижий)	Molchat Doma	47	#84bd00	2021-12-17	Viral 50	is
05EG9LwFCVjkoYEWzsrHHO	Legend	Tevvez	48	#4687d7	2021-12-17	Viral 50	is
6GomT970rCOkKAyyrwJeZi	Move Your Body	Öwnboss, Sevek	49	#4687d7	2021-12-17	Viral 50	is
3NIhjaRe2XaMNauUUwueib	My Delusions	Ampop	50	#bd3200	2021-12-17	Viral 50	is
3veY63DgDUzZB44wMUQVz8	Styttist í það	Baggalútur	1	#3e3e40	2021-12-18	Viral 50	is
4fouWK6XVHhzl78KzQ1UjL	abcdefu	GAYLE	2	#3e3e40	2021-12-18	Viral 50	is
3VTNVsTTu05dmTsVFrmGpK	Fairytale of New York (feat. Kirsty MacColl)	The Pogues	3	#3e3e40	2021-12-18	Viral 50	is
3nOz1U41SZZ0N3fuUWr9nb	I AM WOMAN	Emmy Meli	4	#3e3e40	2021-12-18	Viral 50	is
6jHBzdq0by8m9DcQ6lL8VG	Með stjörnunum	Herbert Guðmundsson	5	#3e3e40	2021-12-18	Viral 50	is
4gqOzJPGNCvEnS1u5YHOkp	Super Max!	Pitstop Boys	6	#3e3e40	2021-12-18	Viral 50	is
20on25jryn53hWghthWWW3	Do It To It	ACRAZE, Cherish	7	#3e3e40	2021-12-18	Viral 50	is
0So2sgVa8aJiARPl2P29u2	Pope Is a Rockstar	SALES	8	#84bd00	2021-12-18	Viral 50	is
3RkoMHO82pcLpCosDR7Gbj	Þegar Þú Blikkar (feat. Björgvin Halldórsson)	Herra Hnetusmjör	9	#bd3200	2021-12-18	Viral 50	is
4A8cWXxKfIL3lAyUDzXbCF	Super Gremlin	Kodak Black	10	#3e3e40	2021-12-18	Viral 50	is
1EQFOouqdKYdpbNoOHRVO2	abcdefu (angrier)	GAYLE	11	#3e3e40	2021-12-18	Viral 50	is
0kKVxEL8ia1F3vKQj6GVeL	Ætla ekki að eyða þeim ein	Jóhanna Guðrún	12	#84bd00	2021-12-18	Viral 50	is
5Zxm28ZlWhLCGF044tFU8l	Dingaling	Laddi	13	#bd3200	2021-12-18	Viral 50	is
6Jzdxguk63s6CVVXHIrQ0x	Own Brand Freestyle	FelixThe1st, Dréya Mac, Finch Fetti	14	#bd3200	2021-12-18	Viral 50	is
1r9xUipOqoNwggBpENDsvJ	Enemy (with JID) - from the series Arcane League of Legends	Imagine Dragons	15	#bd3200	2021-12-18	Viral 50	is
1xIqDFx3KdByBnKMlTECcM	Coming for You (feat. A1 x J1)	SwitchOTR	16	#bd3200	2021-12-18	Viral 50	is
5IjZHSeqDxHYPjf9zGSCyB	Undir Mistilteini (feat. Svala)	Egill Ploder, Ingi Bauer	17	#84bd00	2021-12-18	Viral 50	is
35mBYyB61qTcGGj7MXIRM1	Cpr	cupcakKe	18	#3e3e40	2021-12-18	Viral 50	is
2IAR0DziHCjSu16gR4ihvy	Nothing	Bruno Major	19	#bd3200	2021-12-18	Viral 50	is
11i5Bnpjquuq7bzDjnS08V	Af álfum	Margrét Eir, Friðrik Ómar	20	#84bd00	2021-12-18	Viral 50	is
5rF6YUIlgiat22OT1lWspJ	Seventeen Going Under	Sam Fender	21	#84bd00	2021-12-18	Viral 50	is
3BMqVk2NJbH4fxf84e8kDC	Swimming Pool	Marie Madeleine	22	#84bd00	2021-12-18	Viral 50	is
1SOClUWhOi8vHZYMz3GluK	Infinity	Jaymes Young	23	#3e3e40	2021-12-18	Viral 50	is
4bLL8O04PMkzYpT4sC47kd	Ástin heldur vöku	Júlí Heiðar	24	#bd3200	2021-12-18	Viral 50	is
3xGOOOPD2HjErQLyRFk5Wf	Helikopter	Fazlija	25	#bd3200	2021-12-18	Viral 50	is
49DZrH66963nmHDXi7H3qp	Tendrum Minningar	Einar Ágúst	26	#4687d7	2021-12-18	Viral 50	is
5t07RuwZAUBBnF2tWKwgmP	Super Idol - Remix	Samstring	27	#84bd00	2021-12-18	Viral 50	is
0RYHqnmtNRfbYxP6Dn8Vse	masquerade	siouxxie sixxsta	28	#bd3200	2021-12-18	Viral 50	is
09gysnJpfQ3ublBmJDfcEC	SAD GIRLZ LUV MONEY Remix (feat. Kali Uchis and Moliy)	Amaarae	29	#bd3200	2021-12-18	Viral 50	is
4zkdfzYrkU53benFEZaman	Ég þarf enga gjöf í ár	Valdimar Guðmundsson, Fjölskyldan	30	#bd3200	2021-12-18	Viral 50	is
6UjeFOCGYgMpBUtqKg1Je3	Alien Blues	Vundabar	31	#bd3200	2021-12-18	Viral 50	is
64YFcpOpy9Byu275cSS769	Eldur í hjarta (Lifandi)	Frostrósir	32	#bd3200	2021-12-18	Viral 50	is
6M47gaKejso9772SKTa3yH	Face Off	Tech N9ne, Joey Cool, King Iso, Dwayne Johnson	33	#bd3200	2021-12-18	Viral 50	is
7es56D0QedGMsK39wl2yFX	Happier Than Ever	ASTN	34	#84bd00	2021-12-18	Viral 50	is
5elofKuRmgZmCVImWT6JtE	see you later (ten years)	Jenna Raine	35	#84bd00	2021-12-18	Viral 50	is
2TwrUQObMK4S2cJA6Ub7FF	Aumingi með Bónuspoka	Dr. Gunni	36	#3e3e40	2021-12-18	Viral 50	is
0DAmSYQW9kq9gQNDI002KP	River	Joni Mitchell	37	#4687d7	2021-12-18	Viral 50	is
6dmXZ9B5HdFAyzHeTneYBK	LA FAMA (with The Weeknd)	ROSALÍA	38	#bd3200	2021-12-18	Viral 50	is
474uVhyGgK5MtY9gMcDgGl	It's Called: Freefall	Rainbow Kitten Surprise	39	#4687d7	2021-12-18	Viral 50	is
22IiXEeYRhD2O5Gez6AKZV	Musclebells	DJ Muscleboy	40	#bd3200	2021-12-18	Viral 50	is
5hlDlZjP8bAtpVfH6LDFW2	Ó, helga nótt	Margrét Eir, Hera Björk	41	#3e3e40	2021-12-18	Viral 50	is
6bW5PmDmhigjdOBgXsyn8f	Desember	Friðrik Ómar	42	#bd3200	2021-12-18	Viral 50	is
7sXTcibuNYugjjYNfgf2kY	Felicità	Al Bano And Romina Power	43	#84bd00	2021-12-18	Viral 50	is
4SqWKzw0CbA05TGszDgMlc	I Love You So	The Walters	44	#bd3200	2021-12-18	Viral 50	is
1xxJiB2B3rMw8g85PPtcN7	น้ำแดงน้ำส้ม	JV.JARVIS	45	#bd3200	2021-12-18	Viral 50	is
5HSnlxn5IDijibZz1rme5k	Himnarnir opnast	Frostrósir	46	#4687d7	2021-12-18	Viral 50	is
2hhFpD32iXUd4GaCu6T4wn	Everyday Normal Guy 2	Jon Lajoie	47	#bd3200	2021-12-18	Viral 50	is
25ggBFrRXJ4XcBPlnOWD5w	Farinn	HÚGÓ	48	#4687d7	2021-12-18	Viral 50	is
2quVkyLSVr5wX2QIhnexUt	Already Dead	Juice WRLD	49	#4687d7	2021-12-18	Viral 50	is
05EG9LwFCVjkoYEWzsrHHO	Legend	Tevvez	50	#bd3200	2021-12-18	Viral 50	is
3veY63DgDUzZB44wMUQVz8	Styttist í það	Baggalútur	1	#3e3e40	2021-12-19	Viral 50	is
3VTNVsTTu05dmTsVFrmGpK	Fairytale of New York (feat. Kirsty MacColl)	The Pogues	2	#84bd00	2021-12-19	Viral 50	is
4fouWK6XVHhzl78KzQ1UjL	abcdefu	GAYLE	3	#bd3200	2021-12-19	Viral 50	is
3nOz1U41SZZ0N3fuUWr9nb	I AM WOMAN	Emmy Meli	4	#3e3e40	2021-12-19	Viral 50	is
6jHBzdq0by8m9DcQ6lL8VG	Með stjörnunum	Herbert Guðmundsson	5	#3e3e40	2021-12-19	Viral 50	is
20on25jryn53hWghthWWW3	Do It To It	ACRAZE, Cherish	6	#84bd00	2021-12-19	Viral 50	is
3RkoMHO82pcLpCosDR7Gbj	Þegar Þú Blikkar (feat. Björgvin Halldórsson)	Herra Hnetusmjör	7	#84bd00	2021-12-19	Viral 50	is
0So2sgVa8aJiARPl2P29u2	Pope Is a Rockstar	SALES	8	#3e3e40	2021-12-19	Viral 50	is
4A8cWXxKfIL3lAyUDzXbCF	Super Gremlin	Kodak Black	9	#84bd00	2021-12-19	Viral 50	is
1xIqDFx3KdByBnKMlTECcM	Coming for You (feat. A1 x J1)	SwitchOTR	10	#84bd00	2021-12-19	Viral 50	is
5LLrxqwqc8Q8cftLi2fJHd	Geimferðalangur (Lifandi)	Frostrósir	11	#4687d7	2021-12-19	Viral 50	is
1r9xUipOqoNwggBpENDsvJ	Enemy (with JID) - from the series Arcane League of Legends	Imagine Dragons	12	#84bd00	2021-12-19	Viral 50	is
0kKVxEL8ia1F3vKQj6GVeL	Ætla ekki að eyða þeim ein	Jóhanna Guðrún	13	#bd3200	2021-12-19	Viral 50	is
6Jzdxguk63s6CVVXHIrQ0x	Own Brand Freestyle	FelixThe1st, Dréya Mac, Finch Fetti	14	#3e3e40	2021-12-19	Viral 50	is
5Zxm28ZlWhLCGF044tFU8l	Dingaling	Laddi	15	#bd3200	2021-12-19	Viral 50	is
5IjZHSeqDxHYPjf9zGSCyB	Undir Mistilteini (feat. Svala)	Egill Ploder, Ingi Bauer	16	#84bd00	2021-12-19	Viral 50	is
1EQFOouqdKYdpbNoOHRVO2	abcdefu (angrier)	GAYLE	17	#bd3200	2021-12-19	Viral 50	is
4gqOzJPGNCvEnS1u5YHOkp	Super Max!	Pitstop Boys	18	#bd3200	2021-12-19	Viral 50	is
35mBYyB61qTcGGj7MXIRM1	Cpr	cupcakKe	19	#bd3200	2021-12-19	Viral 50	is
2IAR0DziHCjSu16gR4ihvy	Nothing	Bruno Major	20	#bd3200	2021-12-19	Viral 50	is
3BMqVk2NJbH4fxf84e8kDC	Swimming Pool	Marie Madeleine	21	#84bd00	2021-12-19	Viral 50	is
1wtUbUzb1kbiEsIeRCl2V4	Það á að gefa börnum brauð	Rock Paper Sisters, Eythor Ingi	22	#4687d7	2021-12-19	Viral 50	is
6M47gaKejso9772SKTa3yH	Face Off	Tech N9ne, Joey Cool, King Iso, Dwayne Johnson	23	#84bd00	2021-12-19	Viral 50	is
4bLL8O04PMkzYpT4sC47kd	Ástin heldur vöku	Júlí Heiðar	24	#3e3e40	2021-12-19	Viral 50	is
09gysnJpfQ3ublBmJDfcEC	SAD GIRLZ LUV MONEY Remix (feat. Kali Uchis and Moliy)	Amaarae	25	#84bd00	2021-12-19	Viral 50	is
4zkdfzYrkU53benFEZaman	Ég þarf enga gjöf í ár	Valdimar Guðmundsson, Fjölskyldan	26	#84bd00	2021-12-19	Viral 50	is
5t07RuwZAUBBnF2tWKwgmP	Super Idol - Remix	Samstring	27	#3e3e40	2021-12-19	Viral 50	is
49DZrH66963nmHDXi7H3qp	Tendrum Minningar	Einar Ágúst	28	#bd3200	2021-12-19	Viral 50	is
3xGOOOPD2HjErQLyRFk5Wf	Helikopter	Fazlija	29	#bd3200	2021-12-19	Viral 50	is
6UjeFOCGYgMpBUtqKg1Je3	Alien Blues	Vundabar	30	#84bd00	2021-12-19	Viral 50	is
5rF6YUIlgiat22OT1lWspJ	Seventeen Going Under	Sam Fender	31	#bd3200	2021-12-19	Viral 50	is
6dmXZ9B5HdFAyzHeTneYBK	LA FAMA (with The Weeknd)	ROSALÍA	32	#84bd00	2021-12-19	Viral 50	is
0RYHqnmtNRfbYxP6Dn8Vse	masquerade	siouxxie sixxsta	33	#bd3200	2021-12-19	Viral 50	is
1SOClUWhOi8vHZYMz3GluK	Infinity	Jaymes Young	34	#bd3200	2021-12-19	Viral 50	is
0DAmSYQW9kq9gQNDI002KP	River	Joni Mitchell	35	#84bd00	2021-12-19	Viral 50	is
7LFys6idnSEGXg7aPyZuoi	Ég þarf ekki margt um jólin	Birgir, Stefán Hilmarsson	36	#4687d7	2021-12-19	Viral 50	is
5HSnlxn5IDijibZz1rme5k	Himnarnir opnast	Frostrósir	37	#84bd00	2021-12-19	Viral 50	is
2TwrUQObMK4S2cJA6Ub7FF	Aumingi með Bónuspoka	Dr. Gunni	38	#bd3200	2021-12-19	Viral 50	is
5elofKuRmgZmCVImWT6JtE	see you later (ten years)	Jenna Raine	39	#bd3200	2021-12-19	Viral 50	is
7es56D0QedGMsK39wl2yFX	Happier Than Ever	ASTN	40	#bd3200	2021-12-19	Viral 50	is
7sXTcibuNYugjjYNfgf2kY	Felicità	Al Bano And Romina Power	41	#84bd00	2021-12-19	Viral 50	is
4SqWKzw0CbA05TGszDgMlc	I Love You So	The Walters	42	#84bd00	2021-12-19	Viral 50	is
22IiXEeYRhD2O5Gez6AKZV	Musclebells	DJ Muscleboy	43	#bd3200	2021-12-19	Viral 50	is
135Lf4Q0CzlMNfOxbEUsLH	GHOST TOWN	Benson Boone	44	#4687d7	2021-12-19	Viral 50	is
53oFFJcMCKIEhVDd49YonF	Jólin (þau eru á hverju ári)	Jón Jónsson, Stefán Hilmarsson	45	#4687d7	2021-12-19	Viral 50	is
0QbLOscMpHn4VPJHTSO588	Heimtur úr heljargreipunum	Haukur H	46	#4687d7	2021-12-19	Viral 50	is
1xxJiB2B3rMw8g85PPtcN7	น้ำแดงน้ำส้ม	JV.JARVIS	47	#bd3200	2021-12-19	Viral 50	is
62l3NSQPUxvcwwzKUmysrE	Bad Man (Smooth Criminal)	Polo G	48	#4687d7	2021-12-19	Viral 50	is
00Blm7zeNqgYLPtW6zg8cj	One Right Now (with The Weeknd)	Post Malone	49	#4687d7	2021-12-19	Viral 50	is
05EG9LwFCVjkoYEWzsrHHO	Legend	Tevvez	50	#3e3e40	2021-12-19	Viral 50	is
3veY63DgDUzZB44wMUQVz8	Styttist í það	Baggalútur	1	#3e3e40	2021-12-20	Viral 50	is
3VTNVsTTu05dmTsVFrmGpK	Fairytale of New York (feat. Kirsty MacColl)	The Pogues	2	#3e3e40	2021-12-20	Viral 50	is
3nOz1U41SZZ0N3fuUWr9nb	I AM WOMAN	Emmy Meli	3	#84bd00	2021-12-20	Viral 50	is
4fouWK6XVHhzl78KzQ1UjL	abcdefu	GAYLE	4	#bd3200	2021-12-20	Viral 50	is
6jHBzdq0by8m9DcQ6lL8VG	Með stjörnunum	Herbert Guðmundsson	5	#3e3e40	2021-12-20	Viral 50	is
20on25jryn53hWghthWWW3	Do It To It	ACRAZE, Cherish	6	#3e3e40	2021-12-20	Viral 50	is
3RkoMHO82pcLpCosDR7Gbj	Þegar Þú Blikkar (feat. Björgvin Halldórsson)	Herra Hnetusmjör	7	#3e3e40	2021-12-20	Viral 50	is
4A8cWXxKfIL3lAyUDzXbCF	Super Gremlin	Kodak Black	8	#84bd00	2021-12-20	Viral 50	is
1wtUbUzb1kbiEsIeRCl2V4	Það á að gefa börnum brauð	Rock Paper Sisters, Eythor Ingi	9	#84bd00	2021-12-20	Viral 50	is
0So2sgVa8aJiARPl2P29u2	Pope Is a Rockstar	SALES	10	#bd3200	2021-12-20	Viral 50	is
5LLrxqwqc8Q8cftLi2fJHd	Geimferðalangur (Lifandi)	Frostrósir	11	#3e3e40	2021-12-20	Viral 50	is
1xIqDFx3KdByBnKMlTECcM	Coming for You (feat. A1 x J1)	SwitchOTR	12	#bd3200	2021-12-20	Viral 50	is
0kKVxEL8ia1F3vKQj6GVeL	Ætla ekki að eyða þeim ein	Jóhanna Guðrún	13	#3e3e40	2021-12-20	Viral 50	is
4zkdfzYrkU53benFEZaman	Ég þarf enga gjöf í ár	Valdimar Guðmundsson, Fjölskyldan	14	#84bd00	2021-12-20	Viral 50	is
1EQFOouqdKYdpbNoOHRVO2	abcdefu (angrier)	GAYLE	15	#84bd00	2021-12-20	Viral 50	is
35mBYyB61qTcGGj7MXIRM1	Cpr	cupcakKe	16	#84bd00	2021-12-20	Viral 50	is
5Zxm28ZlWhLCGF044tFU8l	Dingaling	Laddi	17	#bd3200	2021-12-20	Viral 50	is
4gqOzJPGNCvEnS1u5YHOkp	Super Max!	Pitstop Boys	18	#3e3e40	2021-12-20	Viral 50	is
6Jzdxguk63s6CVVXHIrQ0x	Own Brand Freestyle	FelixThe1st, Dréya Mac, Finch Fetti	19	#bd3200	2021-12-20	Viral 50	is
1r9xUipOqoNwggBpENDsvJ	Enemy (with JID) - from the series Arcane League of Legends	Imagine Dragons	20	#bd3200	2021-12-20	Viral 50	is
5IjZHSeqDxHYPjf9zGSCyB	Undir Mistilteini (feat. Svala)	Egill Ploder, Ingi Bauer	21	#bd3200	2021-12-20	Viral 50	is
5t07RuwZAUBBnF2tWKwgmP	Super Idol - Remix	Samstring	22	#84bd00	2021-12-20	Viral 50	is
4bLL8O04PMkzYpT4sC47kd	Ástin heldur vöku	Júlí Heiðar	23	#84bd00	2021-12-20	Viral 50	is
3BMqVk2NJbH4fxf84e8kDC	Swimming Pool	Marie Madeleine	24	#bd3200	2021-12-20	Viral 50	is
2IAR0DziHCjSu16gR4ihvy	Nothing	Bruno Major	25	#bd3200	2021-12-20	Viral 50	is
0DAmSYQW9kq9gQNDI002KP	River	Joni Mitchell	26	#84bd00	2021-12-20	Viral 50	is
6M47gaKejso9772SKTa3yH	Face Off	Tech N9ne, Joey Cool, King Iso, Dwayne Johnson	27	#bd3200	2021-12-20	Viral 50	is
49DZrH66963nmHDXi7H3qp	Tendrum Minningar	Einar Ágúst	28	#3e3e40	2021-12-20	Viral 50	is
1SOClUWhOi8vHZYMz3GluK	Infinity	Jaymes Young	29	#84bd00	2021-12-20	Viral 50	is
2TwrUQObMK4S2cJA6Ub7FF	Aumingi með Bónuspoka	Dr. Gunni	30	#84bd00	2021-12-20	Viral 50	is
7LFys6idnSEGXg7aPyZuoi	Ég þarf ekki margt um jólin	Birgir, Stefán Hilmarsson	31	#84bd00	2021-12-20	Viral 50	is
09gysnJpfQ3ublBmJDfcEC	SAD GIRLZ LUV MONEY Remix (feat. Kali Uchis and Moliy)	Amaarae	32	#bd3200	2021-12-20	Viral 50	is
7es56D0QedGMsK39wl2yFX	Happier Than Ever	ASTN	33	#84bd00	2021-12-20	Viral 50	is
3xGOOOPD2HjErQLyRFk5Wf	Helikopter	Fazlija	34	#bd3200	2021-12-20	Viral 50	is
5rF6YUIlgiat22OT1lWspJ	Seventeen Going Under	Sam Fender	35	#bd3200	2021-12-20	Viral 50	is
05EG9LwFCVjkoYEWzsrHHO	Legend	Tevvez	36	#84bd00	2021-12-20	Viral 50	is
7sXTcibuNYugjjYNfgf2kY	Felicità	Al Bano And Romina Power	37	#84bd00	2021-12-20	Viral 50	is
5HSnlxn5IDijibZz1rme5k	Himnarnir opnast	Frostrósir	38	#bd3200	2021-12-20	Viral 50	is
5elofKuRmgZmCVImWT6JtE	see you later (ten years)	Jenna Raine	39	#3e3e40	2021-12-20	Viral 50	is
1r16d26INCuwTikxhVBpHj	Gamlir stílar (ft. Blaffi)	Haukur H	40	#4687d7	2021-12-20	Viral 50	is
22IiXEeYRhD2O5Gez6AKZV	Musclebells	DJ Muscleboy	41	#84bd00	2021-12-20	Viral 50	is
6UjeFOCGYgMpBUtqKg1Je3	Alien Blues	Vundabar	42	#bd3200	2021-12-20	Viral 50	is
4SqWKzw0CbA05TGszDgMlc	I Love You So	The Walters	43	#bd3200	2021-12-20	Viral 50	is
0QbLOscMpHn4VPJHTSO588	Heimtur úr heljargreipunum	Haukur H	44	#84bd00	2021-12-20	Viral 50	is
53oFFJcMCKIEhVDd49YonF	Jólin (þau eru á hverju ári)	Jón Jónsson, Stefán Hilmarsson	45	#3e3e40	2021-12-20	Viral 50	is
474uVhyGgK5MtY9gMcDgGl	It's Called: Freefall	Rainbow Kitten Surprise	46	#4687d7	2021-12-20	Viral 50	is
0RYHqnmtNRfbYxP6Dn8Vse	masquerade	siouxxie sixxsta	47	#bd3200	2021-12-20	Viral 50	is
1xxJiB2B3rMw8g85PPtcN7	น้ำแดงน้ำส้ม	JV.JARVIS	48	#bd3200	2021-12-20	Viral 50	is
4R4B62gUb87XOHGatE5r7d	Kona	Hjálmar, Kári Stefánsson	49	#4687d7	2021-12-20	Viral 50	is
0sTlGEld0h8kIPZaKDYUf4	Notion	The Rare Occasions	50	#4687d7	2021-12-20	Viral 50	is
3veY63DgDUzZB44wMUQVz8	Styttist í það	Baggalútur	1	#3e3e40	2021-12-21	Viral 50	is
3VTNVsTTu05dmTsVFrmGpK	Fairytale of New York (feat. Kirsty MacColl)	The Pogues	2	#3e3e40	2021-12-21	Viral 50	is
4fouWK6XVHhzl78KzQ1UjL	abcdefu	GAYLE	3	#84bd00	2021-12-21	Viral 50	is
3nOz1U41SZZ0N3fuUWr9nb	I AM WOMAN	Emmy Meli	4	#bd3200	2021-12-21	Viral 50	is
6jHBzdq0by8m9DcQ6lL8VG	Með stjörnunum	Herbert Guðmundsson	5	#3e3e40	2021-12-21	Viral 50	is
3RkoMHO82pcLpCosDR7Gbj	Þegar Þú Blikkar (feat. Björgvin Halldórsson)	Herra Hnetusmjör	6	#84bd00	2021-12-21	Viral 50	is
20on25jryn53hWghthWWW3	Do It To It	ACRAZE, Cherish	7	#bd3200	2021-12-21	Viral 50	is
1wtUbUzb1kbiEsIeRCl2V4	Það á að gefa börnum brauð	Rock Paper Sisters, Eythor Ingi	8	#84bd00	2021-12-21	Viral 50	is
1xIqDFx3KdByBnKMlTECcM	Coming for You (feat. A1 x J1)	SwitchOTR	9	#84bd00	2021-12-21	Viral 50	is
4A8cWXxKfIL3lAyUDzXbCF	Super Gremlin	Kodak Black	10	#bd3200	2021-12-21	Viral 50	is
5LLrxqwqc8Q8cftLi2fJHd	Geimferðalangur (Lifandi)	Frostrósir	11	#3e3e40	2021-12-21	Viral 50	is
5Zxm28ZlWhLCGF044tFU8l	Dingaling	Laddi	12	#84bd00	2021-12-21	Viral 50	is
35mBYyB61qTcGGj7MXIRM1	Cpr	cupcakKe	13	#84bd00	2021-12-21	Viral 50	is
4zkdfzYrkU53benFEZaman	Ég þarf enga gjöf í ár	Valdimar Guðmundsson, Fjölskyldan	14	#3e3e40	2021-12-21	Viral 50	is
1r9xUipOqoNwggBpENDsvJ	Enemy (with JID) - from the series Arcane League of Legends	Imagine Dragons	15	#84bd00	2021-12-21	Viral 50	is
0kKVxEL8ia1F3vKQj6GVeL	Ætla ekki að eyða þeim ein	Jóhanna Guðrún	16	#bd3200	2021-12-21	Viral 50	is
6Jzdxguk63s6CVVXHIrQ0x	Own Brand Freestyle	FelixThe1st, Dréya Mac, Finch Fetti	17	#84bd00	2021-12-21	Viral 50	is
4gqOzJPGNCvEnS1u5YHOkp	Super Max!	Pitstop Boys	18	#3e3e40	2021-12-21	Viral 50	is
5WH6soOfEZ3x8Fs87zrlQi	Stjarnan mín	Íslensku dívurnar	19	#4687d7	2021-12-21	Viral 50	is
7LFys6idnSEGXg7aPyZuoi	Ég þarf ekki margt um jólin	Birgir, Stefán Hilmarsson	20	#84bd00	2021-12-21	Viral 50	is
0So2sgVa8aJiARPl2P29u2	Pope Is a Rockstar	SALES	21	#bd3200	2021-12-21	Viral 50	is
3BMqVk2NJbH4fxf84e8kDC	Swimming Pool	Marie Madeleine	22	#84bd00	2021-12-21	Viral 50	is
0DAmSYQW9kq9gQNDI002KP	River	Joni Mitchell	23	#84bd00	2021-12-21	Viral 50	is
4bLL8O04PMkzYpT4sC47kd	Ástin heldur vöku	Júlí Heiðar	24	#bd3200	2021-12-21	Viral 50	is
5t07RuwZAUBBnF2tWKwgmP	Super Idol - Remix	Samstring	25	#bd3200	2021-12-21	Viral 50	is
6M47gaKejso9772SKTa3yH	Face Off	Tech N9ne, Joey Cool, King Iso, Dwayne Johnson	26	#84bd00	2021-12-21	Viral 50	is
53oFFJcMCKIEhVDd49YonF	Jólin (þau eru á hverju ári)	Jón Jónsson, Stefán Hilmarsson	27	#84bd00	2021-12-21	Viral 50	is
05EG9LwFCVjkoYEWzsrHHO	Legend	Tevvez	28	#84bd00	2021-12-21	Viral 50	is
1EQFOouqdKYdpbNoOHRVO2	abcdefu (angrier)	GAYLE	29	#bd3200	2021-12-21	Viral 50	is
5HSnlxn5IDijibZz1rme5k	Himnarnir opnast	Frostrósir	30	#84bd00	2021-12-21	Viral 50	is
49DZrH66963nmHDXi7H3qp	Tendrum Minningar	Einar Ágúst	31	#bd3200	2021-12-21	Viral 50	is
5IjZHSeqDxHYPjf9zGSCyB	Undir Mistilteini (feat. Svala)	Egill Ploder, Ingi Bauer	32	#bd3200	2021-12-21	Viral 50	is
2TwrUQObMK4S2cJA6Ub7FF	Aumingi með Bónuspoka	Dr. Gunni	33	#bd3200	2021-12-21	Viral 50	is
09gysnJpfQ3ublBmJDfcEC	SAD GIRLZ LUV MONEY Remix (feat. Kali Uchis and Moliy)	Amaarae	34	#bd3200	2021-12-21	Viral 50	is
7es56D0QedGMsK39wl2yFX	Happier Than Ever	ASTN	35	#bd3200	2021-12-21	Viral 50	is
3xGOOOPD2HjErQLyRFk5Wf	Helikopter	Fazlija	36	#bd3200	2021-12-21	Viral 50	is
1r16d26INCuwTikxhVBpHj	Gamlir stílar (ft. Blaffi)	Haukur H	37	#84bd00	2021-12-21	Viral 50	is
6UjeFOCGYgMpBUtqKg1Je3	Alien Blues	Vundabar	38	#84bd00	2021-12-21	Viral 50	is
22IiXEeYRhD2O5Gez6AKZV	Musclebells	DJ Muscleboy	39	#84bd00	2021-12-21	Viral 50	is
474uVhyGgK5MtY9gMcDgGl	It's Called: Freefall	Rainbow Kitten Surprise	40	#84bd00	2021-12-21	Viral 50	is
7sXTcibuNYugjjYNfgf2kY	Felicità	Al Bano And Romina Power	41	#bd3200	2021-12-21	Viral 50	is
5rF6YUIlgiat22OT1lWspJ	Seventeen Going Under	Sam Fender	42	#bd3200	2021-12-21	Viral 50	is
2n0U2OG5d6TuW5mKx7YrC0	Two Birds	Regina Spektor	43	#4687d7	2021-12-21	Viral 50	is
0RYHqnmtNRfbYxP6Dn8Vse	masquerade	siouxxie sixxsta	44	#84bd00	2021-12-21	Viral 50	is
1SOClUWhOi8vHZYMz3GluK	Infinity	Jaymes Young	45	#bd3200	2021-12-21	Viral 50	is
5hlDlZjP8bAtpVfH6LDFW2	Ó, helga nótt	Margrét Eir, Hera Björk	46	#4687d7	2021-12-21	Viral 50	is
4R4B62gUb87XOHGatE5r7d	Kona	Hjálmar, Kári Stefánsson	47	#84bd00	2021-12-21	Viral 50	is
2KMLGJ1mPfRE4GNdL92rl3	Toss A Coin To Your Witcher	Sonya Belousova, Giona Ostinelli, Joey Batey	48	#4687d7	2021-12-21	Viral 50	is
5elofKuRmgZmCVImWT6JtE	see you later (ten years)	Jenna Raine	49	#bd3200	2021-12-21	Viral 50	is
6WCrwk8hAiwqatYcTG2V2M	Bensínlaus	Atlantsolía	50	#4687d7	2021-12-21	Viral 50	is
3veY63DgDUzZB44wMUQVz8	Styttist í það	Baggalútur	1	#3e3e40	2021-12-22	Viral 50	is
3VTNVsTTu05dmTsVFrmGpK	Fairytale of New York (feat. Kirsty MacColl)	The Pogues	2	#3e3e40	2021-12-22	Viral 50	is
4fouWK6XVHhzl78KzQ1UjL	abcdefu	GAYLE	3	#3e3e40	2021-12-22	Viral 50	is
3nOz1U41SZZ0N3fuUWr9nb	I AM WOMAN	Emmy Meli	4	#3e3e40	2021-12-22	Viral 50	is
6jHBzdq0by8m9DcQ6lL8VG	Með stjörnunum	Herbert Guðmundsson	5	#3e3e40	2021-12-22	Viral 50	is
20on25jryn53hWghthWWW3	Do It To It	ACRAZE, Cherish	6	#84bd00	2021-12-22	Viral 50	is
1wtUbUzb1kbiEsIeRCl2V4	Það á að gefa börnum brauð	Rock Paper Sisters, Eythor Ingi	7	#84bd00	2021-12-22	Viral 50	is
3RkoMHO82pcLpCosDR7Gbj	Þegar Þú Blikkar (feat. Björgvin Halldórsson)	Herra Hnetusmjör	8	#bd3200	2021-12-22	Viral 50	is
1xIqDFx3KdByBnKMlTECcM	Coming for You (feat. A1 x J1)	SwitchOTR	9	#3e3e40	2021-12-22	Viral 50	is
5LLrxqwqc8Q8cftLi2fJHd	Geimferðalangur (Lifandi)	Frostrósir	10	#84bd00	2021-12-22	Viral 50	is
4zkdfzYrkU53benFEZaman	Ég þarf enga gjöf í ár	Valdimar Guðmundsson, Fjölskyldan	11	#84bd00	2021-12-22	Viral 50	is
5Zxm28ZlWhLCGF044tFU8l	Dingaling	Laddi	12	#3e3e40	2021-12-22	Viral 50	is
0kKVxEL8ia1F3vKQj6GVeL	Ætla ekki að eyða þeim ein	Jóhanna Guðrún	13	#84bd00	2021-12-22	Viral 50	is
4A8cWXxKfIL3lAyUDzXbCF	Super Gremlin	Kodak Black	14	#bd3200	2021-12-22	Viral 50	is
35mBYyB61qTcGGj7MXIRM1	Cpr	cupcakKe	15	#bd3200	2021-12-22	Viral 50	is
1r9xUipOqoNwggBpENDsvJ	Enemy (with JID) - from the series Arcane League of Legends	Imagine Dragons	16	#bd3200	2021-12-22	Viral 50	is
6Jzdxguk63s6CVVXHIrQ0x	Own Brand Freestyle	FelixThe1st, Dréya Mac, Finch Fetti	17	#3e3e40	2021-12-22	Viral 50	is
5WH6soOfEZ3x8Fs87zrlQi	Stjarnan mín	Íslensku dívurnar	18	#84bd00	2021-12-22	Viral 50	is
7LFys6idnSEGXg7aPyZuoi	Ég þarf ekki margt um jólin	Birgir, Stefán Hilmarsson	19	#84bd00	2021-12-22	Viral 50	is
4gqOzJPGNCvEnS1u5YHOkp	Super Max!	Pitstop Boys	20	#bd3200	2021-12-22	Viral 50	is
0So2sgVa8aJiARPl2P29u2	Pope Is a Rockstar	SALES	21	#3e3e40	2021-12-22	Viral 50	is
3xGOOOPD2HjErQLyRFk5Wf	Helikopter	Fazlija	22	#84bd00	2021-12-22	Viral 50	is
4bLL8O04PMkzYpT4sC47kd	Ástin heldur vöku	Júlí Heiðar	23	#84bd00	2021-12-22	Viral 50	is
53oFFJcMCKIEhVDd49YonF	Jólin (þau eru á hverju ári)	Jón Jónsson, Stefán Hilmarsson	24	#84bd00	2021-12-22	Viral 50	is
49DZrH66963nmHDXi7H3qp	Tendrum Minningar	Einar Ágúst	25	#84bd00	2021-12-22	Viral 50	is
05EG9LwFCVjkoYEWzsrHHO	Legend	Tevvez	26	#84bd00	2021-12-22	Viral 50	is
0DAmSYQW9kq9gQNDI002KP	River	Joni Mitchell	27	#bd3200	2021-12-22	Viral 50	is
1EQFOouqdKYdpbNoOHRVO2	abcdefu (angrier)	GAYLE	28	#84bd00	2021-12-22	Viral 50	is
5IjZHSeqDxHYPjf9zGSCyB	Undir Mistilteini (feat. Svala)	Egill Ploder, Ingi Bauer	29	#84bd00	2021-12-22	Viral 50	is
7es56D0QedGMsK39wl2yFX	Happier Than Ever	ASTN	30	#84bd00	2021-12-22	Viral 50	is
09gysnJpfQ3ublBmJDfcEC	SAD GIRLZ LUV MONEY Remix (feat. Kali Uchis and Moliy)	Amaarae	31	#84bd00	2021-12-22	Viral 50	is
5t07RuwZAUBBnF2tWKwgmP	Super Idol - Remix	Samstring	32	#bd3200	2021-12-22	Viral 50	is
5HSnlxn5IDijibZz1rme5k	Himnarnir opnast	Frostrósir	33	#bd3200	2021-12-22	Viral 50	is
5rF6YUIlgiat22OT1lWspJ	Seventeen Going Under	Sam Fender	34	#84bd00	2021-12-22	Viral 50	is
2TwrUQObMK4S2cJA6Ub7FF	Aumingi með Bónuspoka	Dr. Gunni	35	#bd3200	2021-12-22	Viral 50	is
6UjeFOCGYgMpBUtqKg1Je3	Alien Blues	Vundabar	36	#84bd00	2021-12-22	Viral 50	is
6M47gaKejso9772SKTa3yH	Face Off	Tech N9ne, Joey Cool, King Iso, Dwayne Johnson	37	#bd3200	2021-12-22	Viral 50	is
22IiXEeYRhD2O5Gez6AKZV	Musclebells	DJ Muscleboy	38	#84bd00	2021-12-22	Viral 50	is
7sXTcibuNYugjjYNfgf2kY	Felicità	Al Bano And Romina Power	39	#84bd00	2021-12-22	Viral 50	is
474uVhyGgK5MtY9gMcDgGl	It's Called: Freefall	Rainbow Kitten Surprise	40	#3e3e40	2021-12-22	Viral 50	is
2KMLGJ1mPfRE4GNdL92rl3	Toss A Coin To Your Witcher	Sonya Belousova, Giona Ostinelli, Joey Batey	41	#84bd00	2021-12-22	Viral 50	is
1r16d26INCuwTikxhVBpHj	Gamlir stílar (ft. Blaffi)	Haukur H	42	#bd3200	2021-12-22	Viral 50	is
3BMqVk2NJbH4fxf84e8kDC	Swimming Pool	Marie Madeleine	43	#bd3200	2021-12-22	Viral 50	is
2n0U2OG5d6TuW5mKx7YrC0	Two Birds	Regina Spektor	44	#bd3200	2021-12-22	Viral 50	is
5QWjrWckcPcSVqQNfbD4Bc	Goodbye (from the series Arcane League of Legends)	Ramsey	45	#4687d7	2021-12-22	Viral 50	is
7MDUVH4ITohsIjdynRwCJp	Dance with the Devil	Immortal Technique	46	#4687d7	2021-12-22	Viral 50	is
6WCrwk8hAiwqatYcTG2V2M	Bensínlaus	Atlantsolía	47	#84bd00	2021-12-22	Viral 50	is
0sTlGEld0h8kIPZaKDYUf4	Notion	The Rare Occasions	48	#4687d7	2021-12-22	Viral 50	is
1xxJiB2B3rMw8g85PPtcN7	น้ำแดงน้ำส้ม	JV.JARVIS	49	#4687d7	2021-12-22	Viral 50	is
79nEEoEPY2w8EXj9hjn5oc	Ginseng Strip 2002	Yung Lean	50	#4687d7	2021-12-22	Viral 50	is
3veY63DgDUzZB44wMUQVz8	Styttist í það	Baggalútur	1	#3e3e40	2021-12-23	Viral 50	is
3VTNVsTTu05dmTsVFrmGpK	Fairytale of New York (feat. Kirsty MacColl)	The Pogues	2	#3e3e40	2021-12-23	Viral 50	is
4fouWK6XVHhzl78KzQ1UjL	abcdefu	GAYLE	3	#3e3e40	2021-12-23	Viral 50	is
3nOz1U41SZZ0N3fuUWr9nb	I AM WOMAN	Emmy Meli	4	#3e3e40	2021-12-23	Viral 50	is
3RkoMHO82pcLpCosDR7Gbj	Þegar Þú Blikkar (feat. Björgvin Halldórsson)	Herra Hnetusmjör	5	#84bd00	2021-12-23	Viral 50	is
6jHBzdq0by8m9DcQ6lL8VG	Með stjörnunum	Herbert Guðmundsson	6	#bd3200	2021-12-23	Viral 50	is
1wtUbUzb1kbiEsIeRCl2V4	Það á að gefa börnum brauð	Rock Paper Sisters, Eythor Ingi	7	#3e3e40	2021-12-23	Viral 50	is
5LLrxqwqc8Q8cftLi2fJHd	Geimferðalangur (Lifandi)	Frostrósir	8	#84bd00	2021-12-23	Viral 50	is
20on25jryn53hWghthWWW3	Do It To It	ACRAZE, Cherish	9	#bd3200	2021-12-23	Viral 50	is
4zkdfzYrkU53benFEZaman	Ég þarf enga gjöf í ár	Valdimar Guðmundsson, Fjölskyldan	10	#84bd00	2021-12-23	Viral 50	is
1xIqDFx3KdByBnKMlTECcM	Coming for You (feat. A1 x J1)	SwitchOTR	11	#bd3200	2021-12-23	Viral 50	is
5Zxm28ZlWhLCGF044tFU8l	Dingaling	Laddi	12	#3e3e40	2021-12-23	Viral 50	is
0So2sgVa8aJiARPl2P29u2	Pope Is a Rockstar	SALES	13	#84bd00	2021-12-23	Viral 50	is
4A8cWXxKfIL3lAyUDzXbCF	Super Gremlin	Kodak Black	14	#3e3e40	2021-12-23	Viral 50	is
0kKVxEL8ia1F3vKQj6GVeL	Ætla ekki að eyða þeim ein	Jóhanna Guðrún	15	#bd3200	2021-12-23	Viral 50	is
35mBYyB61qTcGGj7MXIRM1	Cpr	cupcakKe	16	#bd3200	2021-12-23	Viral 50	is
6Jzdxguk63s6CVVXHIrQ0x	Own Brand Freestyle	FelixThe1st, Dréya Mac, Finch Fetti	17	#3e3e40	2021-12-23	Viral 50	is
5WH6soOfEZ3x8Fs87zrlQi	Stjarnan mín	Íslensku dívurnar	18	#3e3e40	2021-12-23	Viral 50	is
7LFys6idnSEGXg7aPyZuoi	Ég þarf ekki margt um jólin	Birgir, Stefán Hilmarsson	19	#3e3e40	2021-12-23	Viral 50	is
2bPQuniBB9x0fRtxDly0kr	Stop The Cavalry	Jona Lewie	20	#4687d7	2021-12-23	Viral 50	is
1r9xUipOqoNwggBpENDsvJ	Enemy (with JID) - from the series Arcane League of Legends	Imagine Dragons	21	#bd3200	2021-12-23	Viral 50	is
0DAmSYQW9kq9gQNDI002KP	River	Joni Mitchell	22	#84bd00	2021-12-23	Viral 50	is
49DZrH66963nmHDXi7H3qp	Tendrum Minningar	Einar Ágúst	23	#84bd00	2021-12-23	Viral 50	is
53oFFJcMCKIEhVDd49YonF	Jólin (þau eru á hverju ári)	Jón Jónsson, Stefán Hilmarsson	24	#3e3e40	2021-12-23	Viral 50	is
5IjZHSeqDxHYPjf9zGSCyB	Undir Mistilteini (feat. Svala)	Egill Ploder, Ingi Bauer	25	#84bd00	2021-12-23	Viral 50	is
05EG9LwFCVjkoYEWzsrHHO	Legend	Tevvez	26	#3e3e40	2021-12-23	Viral 50	is
1EQFOouqdKYdpbNoOHRVO2	abcdefu (angrier)	GAYLE	27	#84bd00	2021-12-23	Viral 50	is
7es56D0QedGMsK39wl2yFX	Happier Than Ever	ASTN	28	#84bd00	2021-12-23	Viral 50	is
5HSnlxn5IDijibZz1rme5k	Himnarnir opnast	Frostrósir	29	#84bd00	2021-12-23	Viral 50	is
4gqOzJPGNCvEnS1u5YHOkp	Super Max!	Pitstop Boys	30	#bd3200	2021-12-23	Viral 50	is
09gysnJpfQ3ublBmJDfcEC	SAD GIRLZ LUV MONEY Remix (feat. Kali Uchis and Moliy)	Amaarae	31	#3e3e40	2021-12-23	Viral 50	is
3xGOOOPD2HjErQLyRFk5Wf	Helikopter	Fazlija	32	#bd3200	2021-12-23	Viral 50	is
7sXTcibuNYugjjYNfgf2kY	Felicità	Al Bano And Romina Power	33	#84bd00	2021-12-23	Viral 50	is
2KMLGJ1mPfRE4GNdL92rl3	Toss A Coin To Your Witcher	Sonya Belousova, Giona Ostinelli, Joey Batey	34	#84bd00	2021-12-23	Viral 50	is
22IiXEeYRhD2O5Gez6AKZV	Musclebells	DJ Muscleboy	35	#84bd00	2021-12-23	Viral 50	is
5t07RuwZAUBBnF2tWKwgmP	Super Idol - Remix	Samstring	36	#bd3200	2021-12-23	Viral 50	is
6M47gaKejso9772SKTa3yH	Face Off	Tech N9ne, Joey Cool, King Iso, Dwayne Johnson	37	#3e3e40	2021-12-23	Viral 50	is
79nEEoEPY2w8EXj9hjn5oc	Ginseng Strip 2002	Yung Lean	38	#84bd00	2021-12-23	Viral 50	is
2TwrUQObMK4S2cJA6Ub7FF	Aumingi með Bónuspoka	Dr. Gunni	39	#bd3200	2021-12-23	Viral 50	is
6WCrwk8hAiwqatYcTG2V2M	Bensínlaus	Atlantsolía	40	#84bd00	2021-12-23	Viral 50	is
474uVhyGgK5MtY9gMcDgGl	It's Called: Freefall	Rainbow Kitten Surprise	41	#bd3200	2021-12-23	Viral 50	is
5hlDlZjP8bAtpVfH6LDFW2	Ó, helga nótt	Margrét Eir, Hera Björk	42	#4687d7	2021-12-23	Viral 50	is
3BMqVk2NJbH4fxf84e8kDC	Swimming Pool	Marie Madeleine	43	#3e3e40	2021-12-23	Viral 50	is
4bLL8O04PMkzYpT4sC47kd	Ástin heldur vöku	Júlí Heiðar	44	#bd3200	2021-12-23	Viral 50	is
1r16d26INCuwTikxhVBpHj	Gamlir stílar (ft. Blaffi)	Haukur H	45	#bd3200	2021-12-23	Viral 50	is
2n0U2OG5d6TuW5mKx7YrC0	Two Birds	Regina Spektor	46	#bd3200	2021-12-23	Viral 50	is
5rF6YUIlgiat22OT1lWspJ	Seventeen Going Under	Sam Fender	47	#bd3200	2021-12-23	Viral 50	is
62P3CMQAknHW4iftsBD41Y	Eleanor Rigby	Cody Fry	48	#4687d7	2021-12-23	Viral 50	is
7pzzC0LBhyd4w2U8IHBi7a	Mamma kveikir kertaljós	Högni Egilsson, Sigríður Thorlacius	49	#4687d7	2021-12-23	Viral 50	is
0sTlGEld0h8kIPZaKDYUf4	Notion	The Rare Occasions	50	#bd3200	2021-12-23	Viral 50	is
3VTNVsTTu05dmTsVFrmGpK	Fairytale of New York (feat. Kirsty MacColl)	The Pogues	1	#84bd00	2021-12-24	Viral 50	is
3veY63DgDUzZB44wMUQVz8	Styttist í það	Baggalútur	2	#bd3200	2021-12-24	Viral 50	is
4fouWK6XVHhzl78KzQ1UjL	abcdefu	GAYLE	3	#3e3e40	2021-12-24	Viral 50	is
3RkoMHO82pcLpCosDR7Gbj	Þegar Þú Blikkar (feat. Björgvin Halldórsson)	Herra Hnetusmjör	4	#84bd00	2021-12-24	Viral 50	is
1wtUbUzb1kbiEsIeRCl2V4	Það á að gefa börnum brauð	Rock Paper Sisters, Eythor Ingi	5	#84bd00	2021-12-24	Viral 50	is
3nOz1U41SZZ0N3fuUWr9nb	I AM WOMAN	Emmy Meli	6	#bd3200	2021-12-24	Viral 50	is
6jHBzdq0by8m9DcQ6lL8VG	Með stjörnunum	Herbert Guðmundsson	7	#bd3200	2021-12-24	Viral 50	is
5LLrxqwqc8Q8cftLi2fJHd	Geimferðalangur (Lifandi)	Frostrósir	8	#3e3e40	2021-12-24	Viral 50	is
5Zxm28ZlWhLCGF044tFU8l	Dingaling	Laddi	9	#84bd00	2021-12-24	Viral 50	is
2bPQuniBB9x0fRtxDly0kr	Stop The Cavalry	Jona Lewie	10	#84bd00	2021-12-24	Viral 50	is
0So2sgVa8aJiARPl2P29u2	Pope Is a Rockstar	SALES	11	#84bd00	2021-12-24	Viral 50	is
4zkdfzYrkU53benFEZaman	Ég þarf enga gjöf í ár	Valdimar Guðmundsson, Fjölskyldan	12	#bd3200	2021-12-24	Viral 50	is
1xIqDFx3KdByBnKMlTECcM	Coming for You (feat. A1 x J1)	SwitchOTR	13	#bd3200	2021-12-24	Viral 50	is
20on25jryn53hWghthWWW3	Do It To It	ACRAZE, Cherish	14	#bd3200	2021-12-24	Viral 50	is
0kKVxEL8ia1F3vKQj6GVeL	Ætla ekki að eyða þeim ein	Jóhanna Guðrún	15	#3e3e40	2021-12-24	Viral 50	is
5IjZHSeqDxHYPjf9zGSCyB	Undir Mistilteini (feat. Svala)	Egill Ploder, Ingi Bauer	16	#84bd00	2021-12-24	Viral 50	is
7LFys6idnSEGXg7aPyZuoi	Ég þarf ekki margt um jólin	Birgir, Stefán Hilmarsson	17	#84bd00	2021-12-24	Viral 50	is
5WH6soOfEZ3x8Fs87zrlQi	Stjarnan mín	Íslensku dívurnar	18	#3e3e40	2021-12-24	Viral 50	is
0DAmSYQW9kq9gQNDI002KP	River	Joni Mitchell	19	#84bd00	2021-12-24	Viral 50	is
4A8cWXxKfIL3lAyUDzXbCF	Super Gremlin	Kodak Black	20	#bd3200	2021-12-24	Viral 50	is
35mBYyB61qTcGGj7MXIRM1	Cpr	cupcakKe	21	#bd3200	2021-12-24	Viral 50	is
49DZrH66963nmHDXi7H3qp	Tendrum Minningar	Einar Ágúst	22	#84bd00	2021-12-24	Viral 50	is
5HSnlxn5IDijibZz1rme5k	Himnarnir opnast	Frostrósir	23	#84bd00	2021-12-24	Viral 50	is
22IiXEeYRhD2O5Gez6AKZV	Musclebells	DJ Muscleboy	24	#84bd00	2021-12-24	Viral 50	is
6Jzdxguk63s6CVVXHIrQ0x	Own Brand Freestyle	FelixThe1st, Dréya Mac, Finch Fetti	25	#bd3200	2021-12-24	Viral 50	is
1r9xUipOqoNwggBpENDsvJ	Enemy (with JID) - from the series Arcane League of Legends	Imagine Dragons	26	#bd3200	2021-12-24	Viral 50	is
53oFFJcMCKIEhVDd49YonF	Jólin (þau eru á hverju ári)	Jón Jónsson, Stefán Hilmarsson	27	#bd3200	2021-12-24	Viral 50	is
2KMLGJ1mPfRE4GNdL92rl3	Toss A Coin To Your Witcher	Sonya Belousova, Giona Ostinelli, Joey Batey	28	#84bd00	2021-12-24	Viral 50	is
05EG9LwFCVjkoYEWzsrHHO	Legend	Tevvez	29	#bd3200	2021-12-24	Viral 50	is
5t07RuwZAUBBnF2tWKwgmP	Super Idol - Remix	Samstring	30	#84bd00	2021-12-24	Viral 50	is
1EQFOouqdKYdpbNoOHRVO2	abcdefu (angrier)	GAYLE	31	#bd3200	2021-12-24	Viral 50	is
3BMqVk2NJbH4fxf84e8kDC	Swimming Pool	Marie Madeleine	32	#84bd00	2021-12-24	Viral 50	is
5hlDlZjP8bAtpVfH6LDFW2	Ó, helga nótt	Margrét Eir, Hera Björk	33	#84bd00	2021-12-24	Viral 50	is
7es56D0QedGMsK39wl2yFX	Happier Than Ever	ASTN	34	#bd3200	2021-12-24	Viral 50	is
0NwSCkrYuOt16VJNd3ESKZ	Hátíð í bæ	Haukur Morthens	35	#4687d7	2021-12-24	Viral 50	is
7sXTcibuNYugjjYNfgf2kY	Felicità	Al Bano And Romina Power	36	#bd3200	2021-12-24	Viral 50	is
5rF6YUIlgiat22OT1lWspJ	Seventeen Going Under	Sam Fender	37	#84bd00	2021-12-24	Viral 50	is
79nEEoEPY2w8EXj9hjn5oc	Ginseng Strip 2002	Yung Lean	38	#3e3e40	2021-12-24	Viral 50	is
4gqOzJPGNCvEnS1u5YHOkp	Super Max!	Pitstop Boys	39	#bd3200	2021-12-24	Viral 50	is
474uVhyGgK5MtY9gMcDgGl	It's Called: Freefall	Rainbow Kitten Surprise	40	#84bd00	2021-12-24	Viral 50	is
6M47gaKejso9772SKTa3yH	Face Off	Tech N9ne, Joey Cool, King Iso, Dwayne Johnson	41	#bd3200	2021-12-24	Viral 50	is
3xGOOOPD2HjErQLyRFk5Wf	Helikopter	Fazlija	42	#bd3200	2021-12-24	Viral 50	is
2IAR0DziHCjSu16gR4ihvy	Nothing	Bruno Major	43	#4687d7	2021-12-24	Viral 50	is
09gysnJpfQ3ublBmJDfcEC	SAD GIRLZ LUV MONEY Remix (feat. Kali Uchis and Moliy)	Amaarae	44	#bd3200	2021-12-24	Viral 50	is
52xJxFP6TqMuO4Yt0eOkMz	We Don't Talk About Bruno	Carolina Gaitán - La Gaita, Mauro Castillo, Adassa, Rhenzy Feliz, Diane Guerrero, Stephanie Beatriz, Encanto - Cast	45	#4687d7	2021-12-24	Viral 50	is
4bLL8O04PMkzYpT4sC47kd	Ástin heldur vöku	Júlí Heiðar	46	#bd3200	2021-12-24	Viral 50	is
6WCrwk8hAiwqatYcTG2V2M	Bensínlaus	Atlantsolía	47	#bd3200	2021-12-24	Viral 50	is
3NNZXtw1cYf13TJtyDddRk	Frá ljósanna hásal	Íslensku dívurnar	48	#4687d7	2021-12-24	Viral 50	is
2TwrUQObMK4S2cJA6Ub7FF	Aumingi með Bónuspoka	Dr. Gunni	49	#bd3200	2021-12-24	Viral 50	is
1r16d26INCuwTikxhVBpHj	Gamlir stílar (ft. Blaffi)	Haukur H	50	#bd3200	2021-12-24	Viral 50	is
3VTNVsTTu05dmTsVFrmGpK	Fairytale of New York (feat. Kirsty MacColl)	The Pogues	1	#3e3e40	2021-12-25	Viral 50	is
3veY63DgDUzZB44wMUQVz8	Styttist í það	Baggalútur	2	#3e3e40	2021-12-25	Viral 50	is
4fouWK6XVHhzl78KzQ1UjL	abcdefu	GAYLE	3	#3e3e40	2021-12-25	Viral 50	is
3RkoMHO82pcLpCosDR7Gbj	Þegar Þú Blikkar (feat. Björgvin Halldórsson)	Herra Hnetusmjör	4	#3e3e40	2021-12-25	Viral 50	is
1wtUbUzb1kbiEsIeRCl2V4	Það á að gefa börnum brauð	Rock Paper Sisters, Eythor Ingi	5	#3e3e40	2021-12-25	Viral 50	is
2bPQuniBB9x0fRtxDly0kr	Stop The Cavalry	Jona Lewie	6	#84bd00	2021-12-25	Viral 50	is
5LLrxqwqc8Q8cftLi2fJHd	Geimferðalangur (Lifandi)	Frostrósir	7	#84bd00	2021-12-25	Viral 50	is
3nOz1U41SZZ0N3fuUWr9nb	I AM WOMAN	Emmy Meli	8	#bd3200	2021-12-25	Viral 50	is
4zkdfzYrkU53benFEZaman	Ég þarf enga gjöf í ár	Valdimar Guðmundsson, Fjölskyldan	9	#84bd00	2021-12-25	Viral 50	is
5Zxm28ZlWhLCGF044tFU8l	Dingaling	Laddi	10	#bd3200	2021-12-25	Viral 50	is
6jHBzdq0by8m9DcQ6lL8VG	Með stjörnunum	Herbert Guðmundsson	11	#bd3200	2021-12-25	Viral 50	is
1xIqDFx3KdByBnKMlTECcM	Coming for You (feat. A1 x J1)	SwitchOTR	12	#84bd00	2021-12-25	Viral 50	is
0kKVxEL8ia1F3vKQj6GVeL	Ætla ekki að eyða þeim ein	Jóhanna Guðrún	13	#84bd00	2021-12-25	Viral 50	is
20on25jryn53hWghthWWW3	Do It To It	ACRAZE, Cherish	14	#3e3e40	2021-12-25	Viral 50	is
5WH6soOfEZ3x8Fs87zrlQi	Stjarnan mín	Íslensku dívurnar	15	#84bd00	2021-12-25	Viral 50	is
0So2sgVa8aJiARPl2P29u2	Pope Is a Rockstar	SALES	16	#bd3200	2021-12-25	Viral 50	is
7LFys6idnSEGXg7aPyZuoi	Ég þarf ekki margt um jólin	Birgir, Stefán Hilmarsson	17	#3e3e40	2021-12-25	Viral 50	is
6Jzdxguk63s6CVVXHIrQ0x	Own Brand Freestyle	FelixThe1st, Dréya Mac, Finch Fetti	18	#84bd00	2021-12-25	Viral 50	is
0DAmSYQW9kq9gQNDI002KP	River	Joni Mitchell	19	#3e3e40	2021-12-25	Viral 50	is
1r9xUipOqoNwggBpENDsvJ	Enemy (with JID) - from the series Arcane League of Legends	Imagine Dragons	20	#84bd00	2021-12-25	Viral 50	is
5HSnlxn5IDijibZz1rme5k	Himnarnir opnast	Frostrósir	21	#84bd00	2021-12-25	Viral 50	is
22IiXEeYRhD2O5Gez6AKZV	Musclebells	DJ Muscleboy	22	#84bd00	2021-12-25	Viral 50	is
4A8cWXxKfIL3lAyUDzXbCF	Super Gremlin	Kodak Black	23	#bd3200	2021-12-25	Viral 50	is
5IjZHSeqDxHYPjf9zGSCyB	Undir Mistilteini (feat. Svala)	Egill Ploder, Ingi Bauer	24	#bd3200	2021-12-25	Viral 50	is
35mBYyB61qTcGGj7MXIRM1	Cpr	cupcakKe	25	#bd3200	2021-12-25	Viral 50	is
05EG9LwFCVjkoYEWzsrHHO	Legend	Tevvez	26	#84bd00	2021-12-25	Viral 50	is
5t07RuwZAUBBnF2tWKwgmP	Super Idol - Remix	Samstring	27	#84bd00	2021-12-25	Viral 50	is
53oFFJcMCKIEhVDd49YonF	Jólin (þau eru á hverju ári)	Jón Jónsson, Stefán Hilmarsson	28	#bd3200	2021-12-25	Viral 50	is
0hYFc3HSZHDaDzquLVRwBH	TO THE MOON	Jnr Choi	29	#4687d7	2021-12-25	Viral 50	is
1EQFOouqdKYdpbNoOHRVO2	abcdefu (angrier)	GAYLE	30	#84bd00	2021-12-25	Viral 50	is
79nEEoEPY2w8EXj9hjn5oc	Ginseng Strip 2002	Yung Lean	31	#84bd00	2021-12-25	Viral 50	is
5hlDlZjP8bAtpVfH6LDFW2	Ó, helga nótt	Margrét Eir, Hera Björk	32	#84bd00	2021-12-25	Viral 50	is
09gysnJpfQ3ublBmJDfcEC	SAD GIRLZ LUV MONEY Remix (feat. Kali Uchis and Moliy)	Amaarae	33	#84bd00	2021-12-25	Viral 50	is
0NwSCkrYuOt16VJNd3ESKZ	Hátíð í bæ	Haukur Morthens	34	#84bd00	2021-12-25	Viral 50	is
52xJxFP6TqMuO4Yt0eOkMz	We Don't Talk About Bruno	Carolina Gaitán - La Gaita, Mauro Castillo, Adassa, Rhenzy Feliz, Diane Guerrero, Stephanie Beatriz, Encanto - Cast	35	#84bd00	2021-12-25	Viral 50	is
62P3CMQAknHW4iftsBD41Y	Eleanor Rigby	Cody Fry	36	#4687d7	2021-12-25	Viral 50	is
6WCrwk8hAiwqatYcTG2V2M	Bensínlaus	Atlantsolía	37	#84bd00	2021-12-25	Viral 50	is
4aLySP9lZGdrypqGAhc43Y	Göngum við í kringum einiberjarunn	Haukur Morthens	38	#4687d7	2021-12-25	Viral 50	is
3xGOOOPD2HjErQLyRFk5Wf	Helikopter	Fazlija	39	#84bd00	2021-12-25	Viral 50	is
7es56D0QedGMsK39wl2yFX	Happier Than Ever	ASTN	40	#bd3200	2021-12-25	Viral 50	is
3BMqVk2NJbH4fxf84e8kDC	Swimming Pool	Marie Madeleine	41	#bd3200	2021-12-25	Viral 50	is
2IAR0DziHCjSu16gR4ihvy	Nothing	Bruno Major	42	#84bd00	2021-12-25	Viral 50	is
2KMLGJ1mPfRE4GNdL92rl3	Toss A Coin To Your Witcher	Sonya Belousova, Giona Ostinelli, Joey Batey	43	#bd3200	2021-12-25	Viral 50	is
3NNZXtw1cYf13TJtyDddRk	Frá ljósanna hásal	Íslensku dívurnar	44	#84bd00	2021-12-25	Viral 50	is
4gqOzJPGNCvEnS1u5YHOkp	Super Max!	Pitstop Boys	45	#bd3200	2021-12-25	Viral 50	is
4bLL8O04PMkzYpT4sC47kd	Ástin heldur vöku	Júlí Heiðar	46	#3e3e40	2021-12-25	Viral 50	is
7sXTcibuNYugjjYNfgf2kY	Felicità	Al Bano And Romina Power	47	#bd3200	2021-12-25	Viral 50	is
1xxJiB2B3rMw8g85PPtcN7	น้ำแดงน้ำส้ม	JV.JARVIS	48	#4687d7	2021-12-25	Viral 50	is
0sTlGEld0h8kIPZaKDYUf4	Notion	The Rare Occasions	49	#4687d7	2021-12-25	Viral 50	is
760jhRscwGbIIe1m1IIQpU	Surface Pressure	Jessica Darrow	50	#4687d7	2021-12-25	Viral 50	is
3VTNVsTTu05dmTsVFrmGpK	Fairytale of New York (feat. Kirsty MacColl)	The Pogues	1	#3e3e40	2021-12-26	Viral 50	is
3veY63DgDUzZB44wMUQVz8	Styttist í það	Baggalútur	2	#3e3e40	2021-12-26	Viral 50	is
4fouWK6XVHhzl78KzQ1UjL	abcdefu	GAYLE	3	#3e3e40	2021-12-26	Viral 50	is
3RkoMHO82pcLpCosDR7Gbj	Þegar Þú Blikkar (feat. Björgvin Halldórsson)	Herra Hnetusmjör	4	#3e3e40	2021-12-26	Viral 50	is
3nOz1U41SZZ0N3fuUWr9nb	I AM WOMAN	Emmy Meli	5	#84bd00	2021-12-26	Viral 50	is
2bPQuniBB9x0fRtxDly0kr	Stop The Cavalry	Jona Lewie	6	#3e3e40	2021-12-26	Viral 50	is
1wtUbUzb1kbiEsIeRCl2V4	Það á að gefa börnum brauð	Rock Paper Sisters, Eythor Ingi	7	#bd3200	2021-12-26	Viral 50	is
5LLrxqwqc8Q8cftLi2fJHd	Geimferðalangur (Lifandi)	Frostrósir	8	#bd3200	2021-12-26	Viral 50	is
6jHBzdq0by8m9DcQ6lL8VG	Með stjörnunum	Herbert Guðmundsson	9	#84bd00	2021-12-26	Viral 50	is
5Zxm28ZlWhLCGF044tFU8l	Dingaling	Laddi	10	#3e3e40	2021-12-26	Viral 50	is
4zkdfzYrkU53benFEZaman	Ég þarf enga gjöf í ár	Valdimar Guðmundsson, Fjölskyldan	11	#bd3200	2021-12-26	Viral 50	is
0kKVxEL8ia1F3vKQj6GVeL	Ætla ekki að eyða þeim ein	Jóhanna Guðrún	12	#84bd00	2021-12-26	Viral 50	is
5WH6soOfEZ3x8Fs87zrlQi	Stjarnan mín	Íslensku dívurnar	13	#84bd00	2021-12-26	Viral 50	is
0So2sgVa8aJiARPl2P29u2	Pope Is a Rockstar	SALES	14	#84bd00	2021-12-26	Viral 50	is
0DAmSYQW9kq9gQNDI002KP	River	Joni Mitchell	15	#84bd00	2021-12-26	Viral 50	is
6Jzdxguk63s6CVVXHIrQ0x	Own Brand Freestyle	FelixThe1st, Dréya Mac, Finch Fetti	16	#84bd00	2021-12-26	Viral 50	is
1xIqDFx3KdByBnKMlTECcM	Coming for You (feat. A1 x J1)	SwitchOTR	17	#bd3200	2021-12-26	Viral 50	is
22IiXEeYRhD2O5Gez6AKZV	Musclebells	DJ Muscleboy	18	#84bd00	2021-12-26	Viral 50	is
2KMLGJ1mPfRE4GNdL92rl3	Toss A Coin To Your Witcher	Sonya Belousova, Giona Ostinelli, Joey Batey	19	#84bd00	2021-12-26	Viral 50	is
35mBYyB61qTcGGj7MXIRM1	Cpr	cupcakKe	20	#84bd00	2021-12-26	Viral 50	is
20on25jryn53hWghthWWW3	Do It To It	ACRAZE, Cherish	21	#bd3200	2021-12-26	Viral 50	is
5t07RuwZAUBBnF2tWKwgmP	Super Idol - Remix	Samstring	22	#84bd00	2021-12-26	Viral 50	is
79nEEoEPY2w8EXj9hjn5oc	Ginseng Strip 2002	Yung Lean	23	#84bd00	2021-12-26	Viral 50	is
52xJxFP6TqMuO4Yt0eOkMz	We Don't Talk About Bruno	Carolina Gaitán - La Gaita, Mauro Castillo, Adassa, Rhenzy Feliz, Diane Guerrero, Stephanie Beatriz, Encanto - Cast	24	#84bd00	2021-12-26	Viral 50	is
1r9xUipOqoNwggBpENDsvJ	Enemy (with JID) - from the series Arcane League of Legends	Imagine Dragons	25	#bd3200	2021-12-26	Viral 50	is
5IjZHSeqDxHYPjf9zGSCyB	Undir Mistilteini (feat. Svala)	Egill Ploder, Ingi Bauer	26	#bd3200	2021-12-26	Viral 50	is
7LFys6idnSEGXg7aPyZuoi	Ég þarf ekki margt um jólin	Birgir, Stefán Hilmarsson	27	#bd3200	2021-12-26	Viral 50	is
0sTlGEld0h8kIPZaKDYUf4	Notion	The Rare Occasions	28	#84bd00	2021-12-26	Viral 50	is
3BMqVk2NJbH4fxf84e8kDC	Swimming Pool	Marie Madeleine	29	#84bd00	2021-12-26	Viral 50	is
5HSnlxn5IDijibZz1rme5k	Himnarnir opnast	Frostrósir	30	#bd3200	2021-12-26	Viral 50	is
53oFFJcMCKIEhVDd49YonF	Jólin (þau eru á hverju ári)	Jón Jónsson, Stefán Hilmarsson	31	#bd3200	2021-12-26	Viral 50	is
0hYFc3HSZHDaDzquLVRwBH	TO THE MOON	Jnr Choi	32	#bd3200	2021-12-26	Viral 50	is
1EQFOouqdKYdpbNoOHRVO2	abcdefu (angrier)	GAYLE	33	#bd3200	2021-12-26	Viral 50	is
4A8cWXxKfIL3lAyUDzXbCF	Super Gremlin	Kodak Black	34	#bd3200	2021-12-26	Viral 50	is
777i3gdjJMVlWvVJvErZeu	Auld Lang Syne	Fulton Street Players	35	#4687d7	2021-12-26	Viral 50	is
5hlDlZjP8bAtpVfH6LDFW2	Ó, helga nótt	Margrét Eir, Hera Björk	36	#bd3200	2021-12-26	Viral 50	is
0NwSCkrYuOt16VJNd3ESKZ	Hátíð í bæ	Haukur Morthens	37	#bd3200	2021-12-26	Viral 50	is
05EG9LwFCVjkoYEWzsrHHO	Legend	Tevvez	38	#bd3200	2021-12-26	Viral 50	is
760jhRscwGbIIe1m1IIQpU	Surface Pressure	Jessica Darrow	39	#84bd00	2021-12-26	Viral 50	is
62P3CMQAknHW4iftsBD41Y	Eleanor Rigby	Cody Fry	40	#bd3200	2021-12-26	Viral 50	is
7es56D0QedGMsK39wl2yFX	Happier Than Ever	ASTN	41	#bd3200	2021-12-26	Viral 50	is
4aLySP9lZGdrypqGAhc43Y	Göngum við í kringum einiberjarunn	Haukur Morthens	42	#bd3200	2021-12-26	Viral 50	is
6WCrwk8hAiwqatYcTG2V2M	Bensínlaus	Atlantsolía	43	#bd3200	2021-12-26	Viral 50	is
09gysnJpfQ3ublBmJDfcEC	SAD GIRLZ LUV MONEY Remix (feat. Kali Uchis and Moliy)	Amaarae	44	#bd3200	2021-12-26	Viral 50	is
3xGOOOPD2HjErQLyRFk5Wf	Helikopter	Fazlija	45	#bd3200	2021-12-26	Viral 50	is
3NNZXtw1cYf13TJtyDddRk	Frá ljósanna hásal	Íslensku dívurnar	46	#bd3200	2021-12-26	Viral 50	is
474uVhyGgK5MtY9gMcDgGl	It's Called: Freefall	Rainbow Kitten Surprise	47	#4687d7	2021-12-26	Viral 50	is
5rF6YUIlgiat22OT1lWspJ	Seventeen Going Under	Sam Fender	48	#4687d7	2021-12-26	Viral 50	is
6Lo1WLiGG9asMjrkjxlfSI	Fjara	Sólstafir	49	#4687d7	2021-12-26	Viral 50	is
6blzX8RtfWvlDAUB5ZtP8N	Hátíðin heilsar	Garðar Thór Cortes, Jóhann Friðgeir Valdimarsson	50	#4687d7	2021-12-26	Viral 50	is
3VTNVsTTu05dmTsVFrmGpK	Fairytale of New York (feat. Kirsty MacColl)	The Pogues	1	#3e3e40	2021-12-27	Viral 50	is
3veY63DgDUzZB44wMUQVz8	Styttist í það	Baggalútur	2	#3e3e40	2021-12-27	Viral 50	is
2bPQuniBB9x0fRtxDly0kr	Stop The Cavalry	Jona Lewie	3	#84bd00	2021-12-27	Viral 50	is
4fouWK6XVHhzl78KzQ1UjL	abcdefu	GAYLE	4	#bd3200	2021-12-27	Viral 50	is
3RkoMHO82pcLpCosDR7Gbj	Þegar Þú Blikkar (feat. Björgvin Halldórsson)	Herra Hnetusmjör	5	#bd3200	2021-12-27	Viral 50	is
2KnLkZ3z7PO3kgVGHGqDpD	It'll Be Okay	Shawn Mendes	6	#4687d7	2021-12-27	Viral 50	is
3nOz1U41SZZ0N3fuUWr9nb	I AM WOMAN	Emmy Meli	7	#bd3200	2021-12-27	Viral 50	is
0pNMg4vnGtU6uOCkUtws88	Komi Desember	Daughters of Reykjavík, Hekla Magnúsdóttir	8	#4687d7	2021-12-27	Viral 50	is
1wtUbUzb1kbiEsIeRCl2V4	Það á að gefa börnum brauð	Rock Paper Sisters, Eythor Ingi	9	#bd3200	2021-12-27	Viral 50	is
4SkkXTtocKccDPJjq4xutq	Ástarsæla	Júníus Meyvant	10	#4687d7	2021-12-27	Viral 50	is
2x6Hg0OmYnkvCtFmAcyzwX	Love To Keep Me Warm	Laufey, dodie	11	#4687d7	2021-12-27	Viral 50	is
0So2sgVa8aJiARPl2P29u2	Pope Is a Rockstar	SALES	12	#84bd00	2021-12-27	Viral 50	is
6jHBzdq0by8m9DcQ6lL8VG	Með stjörnunum	Herbert Guðmundsson	13	#bd3200	2021-12-27	Viral 50	is
52xJxFP6TqMuO4Yt0eOkMz	We Don't Talk About Bruno	Carolina Gaitán - La Gaita, Mauro Castillo, Adassa, Rhenzy Feliz, Diane Guerrero, Stephanie Beatriz, Encanto - Cast	14	#84bd00	2021-12-27	Viral 50	is
5Zxm28ZlWhLCGF044tFU8l	Dingaling	Laddi	15	#bd3200	2021-12-27	Viral 50	is
5WH6soOfEZ3x8Fs87zrlQi	Stjarnan mín	Íslensku dívurnar	16	#bd3200	2021-12-27	Viral 50	is
5LLrxqwqc8Q8cftLi2fJHd	Geimferðalangur (Lifandi)	Frostrósir	17	#bd3200	2021-12-27	Viral 50	is
5dXWFMwD7I7zXsInONVl0H	I Hate U	SZA	18	#4687d7	2021-12-27	Viral 50	is
0kKVxEL8ia1F3vKQj6GVeL	Ætla ekki að eyða þeim ein	Jóhanna Guðrún	19	#bd3200	2021-12-27	Viral 50	is
4lACdvcECsrZT78LbR6bjU	Svart hár	ISSI	20	#4687d7	2021-12-27	Viral 50	is
0DAmSYQW9kq9gQNDI002KP	River	Joni Mitchell	21	#bd3200	2021-12-27	Viral 50	is
1xIqDFx3KdByBnKMlTECcM	Coming for You (feat. A1 x J1)	SwitchOTR	22	#bd3200	2021-12-27	Viral 50	is
760jhRscwGbIIe1m1IIQpU	Surface Pressure	Jessica Darrow	23	#84bd00	2021-12-27	Viral 50	is
6Jzdxguk63s6CVVXHIrQ0x	Own Brand Freestyle	FelixThe1st, Dréya Mac, Finch Fetti	24	#bd3200	2021-12-27	Viral 50	is
1cA4wEmLkKlttS6N89LbJh	Wandered To LA (with Justin Bieber)	Juice WRLD	25	#4687d7	2021-12-27	Viral 50	is
2KMLGJ1mPfRE4GNdL92rl3	Toss A Coin To Your Witcher	Sonya Belousova, Giona Ostinelli, Joey Batey	26	#bd3200	2021-12-27	Viral 50	is
79nEEoEPY2w8EXj9hjn5oc	Ginseng Strip 2002	Yung Lean	27	#bd3200	2021-12-27	Viral 50	is
4zkdfzYrkU53benFEZaman	Ég þarf enga gjöf í ár	Valdimar Guðmundsson, Fjölskyldan	28	#bd3200	2021-12-27	Viral 50	is
35mBYyB61qTcGGj7MXIRM1	Cpr	cupcakKe	29	#bd3200	2021-12-27	Viral 50	is
0hYFc3HSZHDaDzquLVRwBH	TO THE MOON	Jnr Choi	30	#84bd00	2021-12-27	Viral 50	is
0NwSCkrYuOt16VJNd3ESKZ	Hátíð í bæ	Haukur Morthens	31	#84bd00	2021-12-27	Viral 50	is
22IiXEeYRhD2O5Gez6AKZV	Musclebells	DJ Muscleboy	32	#bd3200	2021-12-27	Viral 50	is
0IzM8sxWJMvAcMEwGa2UDj	Planið	ISSI	33	#4687d7	2021-12-27	Viral 50	is
3BMqVk2NJbH4fxf84e8kDC	Swimming Pool	Marie Madeleine	34	#bd3200	2021-12-27	Viral 50	is
1r9xUipOqoNwggBpENDsvJ	Enemy (with JID) - from the series Arcane League of Legends	Imagine Dragons	35	#bd3200	2021-12-27	Viral 50	is
5t07RuwZAUBBnF2tWKwgmP	Super Idol - Remix	Samstring	36	#bd3200	2021-12-27	Viral 50	is
7LFys6idnSEGXg7aPyZuoi	Ég þarf ekki margt um jólin	Birgir, Stefán Hilmarsson	37	#bd3200	2021-12-27	Viral 50	is
53oFFJcMCKIEhVDd49YonF	Jólin (þau eru á hverju ári)	Jón Jónsson, Stefán Hilmarsson	38	#bd3200	2021-12-27	Viral 50	is
4A8cWXxKfIL3lAyUDzXbCF	Super Gremlin	Kodak Black	39	#bd3200	2021-12-27	Viral 50	is
5IjZHSeqDxHYPjf9zGSCyB	Undir Mistilteini (feat. Svala)	Egill Ploder, Ingi Bauer	40	#bd3200	2021-12-27	Viral 50	is
777i3gdjJMVlWvVJvErZeu	Auld Lang Syne	Fulton Street Players	41	#bd3200	2021-12-27	Viral 50	is
7es56D0QedGMsK39wl2yFX	Happier Than Ever	ASTN	42	#bd3200	2021-12-27	Viral 50	is
5HSnlxn5IDijibZz1rme5k	Himnarnir opnast	Frostrósir	43	#bd3200	2021-12-27	Viral 50	is
5hlDlZjP8bAtpVfH6LDFW2	Ó, helga nótt	Margrét Eir, Hera Björk	44	#bd3200	2021-12-27	Viral 50	is
0sTlGEld0h8kIPZaKDYUf4	Notion	The Rare Occasions	45	#bd3200	2021-12-27	Viral 50	is
11iIikXxC6NP0Ma8vMD27x	Alien Blues	Vundabar	46	#4687d7	2021-12-27	Viral 50	is
20on25jryn53hWghthWWW3	Do It To It	ACRAZE, Cherish	47	#bd3200	2021-12-27	Viral 50	is
62P3CMQAknHW4iftsBD41Y	Eleanor Rigby	Cody Fry	48	#bd3200	2021-12-27	Viral 50	is
6WCrwk8hAiwqatYcTG2V2M	Bensínlaus	Atlantsolía	49	#bd3200	2021-12-27	Viral 50	is
7lOvJBqH38ZY59eLU7bioq	all I want is you	Rebzyyx, hoshie star	50	#4687d7	2021-12-27	Viral 50	is
3VTNVsTTu05dmTsVFrmGpK	Fairytale of New York (feat. Kirsty MacColl)	The Pogues	1	#3e3e40	2021-12-28	Viral 50	is
3veY63DgDUzZB44wMUQVz8	Styttist í það	Baggalútur	2	#3e3e40	2021-12-28	Viral 50	is
2bPQuniBB9x0fRtxDly0kr	Stop The Cavalry	Jona Lewie	3	#3e3e40	2021-12-28	Viral 50	is
4fouWK6XVHhzl78KzQ1UjL	abcdefu	GAYLE	4	#3e3e40	2021-12-28	Viral 50	is
3nOz1U41SZZ0N3fuUWr9nb	I AM WOMAN	Emmy Meli	5	#84bd00	2021-12-28	Viral 50	is
2KnLkZ3z7PO3kgVGHGqDpD	It'll Be Okay	Shawn Mendes	6	#3e3e40	2021-12-28	Viral 50	is
52xJxFP6TqMuO4Yt0eOkMz	We Don't Talk About Bruno	Carolina Gaitán - La Gaita, Mauro Castillo, Adassa, Rhenzy Feliz, Diane Guerrero, Stephanie Beatriz, Encanto - Cast	7	#84bd00	2021-12-28	Viral 50	is
3RkoMHO82pcLpCosDR7Gbj	Þegar Þú Blikkar (feat. Björgvin Halldórsson)	Herra Hnetusmjör	8	#bd3200	2021-12-28	Viral 50	is
0So2sgVa8aJiARPl2P29u2	Pope Is a Rockstar	SALES	9	#84bd00	2021-12-28	Viral 50	is
2x6Hg0OmYnkvCtFmAcyzwX	Love To Keep Me Warm	Laufey, dodie	10	#84bd00	2021-12-28	Viral 50	is
1wtUbUzb1kbiEsIeRCl2V4	Það á að gefa börnum brauð	Rock Paper Sisters, Eythor Ingi	11	#bd3200	2021-12-28	Viral 50	is
0pNMg4vnGtU6uOCkUtws88	Komi Desember	Daughters of Reykjavík, Hekla Magnúsdóttir	12	#bd3200	2021-12-28	Viral 50	is
6jHBzdq0by8m9DcQ6lL8VG	Með stjörnunum	Herbert Guðmundsson	13	#3e3e40	2021-12-28	Viral 50	is
1cA4wEmLkKlttS6N89LbJh	Wandered To LA (with Justin Bieber)	Juice WRLD	14	#84bd00	2021-12-28	Viral 50	is
4SkkXTtocKccDPJjq4xutq	Ástarsæla	Júníus Meyvant	15	#bd3200	2021-12-28	Viral 50	is
5dXWFMwD7I7zXsInONVl0H	I Hate U	SZA	16	#84bd00	2021-12-28	Viral 50	is
5t07RuwZAUBBnF2tWKwgmP	Super Idol - Remix	Samstring	17	#84bd00	2021-12-28	Viral 50	is
4lACdvcECsrZT78LbR6bjU	Svart hár	ISSI	18	#84bd00	2021-12-28	Viral 50	is
5LLrxqwqc8Q8cftLi2fJHd	Geimferðalangur (Lifandi)	Frostrósir	19	#bd3200	2021-12-28	Viral 50	is
2KMLGJ1mPfRE4GNdL92rl3	Toss A Coin To Your Witcher	Sonya Belousova, Giona Ostinelli, Joey Batey	20	#84bd00	2021-12-28	Viral 50	is
1xIqDFx3KdByBnKMlTECcM	Coming for You (feat. A1 x J1)	SwitchOTR	21	#84bd00	2021-12-28	Viral 50	is
6Jzdxguk63s6CVVXHIrQ0x	Own Brand Freestyle	FelixThe1st, Dréya Mac, Finch Fetti	22	#84bd00	2021-12-28	Viral 50	is
0kKVxEL8ia1F3vKQj6GVeL	Ætla ekki að eyða þeim ein	Jóhanna Guðrún	23	#bd3200	2021-12-28	Viral 50	is
79nEEoEPY2w8EXj9hjn5oc	Ginseng Strip 2002	Yung Lean	24	#84bd00	2021-12-28	Viral 50	is
760jhRscwGbIIe1m1IIQpU	Surface Pressure	Jessica Darrow	25	#bd3200	2021-12-28	Viral 50	is
0DAmSYQW9kq9gQNDI002KP	River	Joni Mitchell	26	#bd3200	2021-12-28	Viral 50	is
0NwSCkrYuOt16VJNd3ESKZ	Hátíð í bæ	Haukur Morthens	27	#84bd00	2021-12-28	Viral 50	is
0hYFc3HSZHDaDzquLVRwBH	TO THE MOON	Jnr Choi	28	#84bd00	2021-12-28	Viral 50	is
4zkdfzYrkU53benFEZaman	Ég þarf enga gjöf í ár	Valdimar Guðmundsson, Fjölskyldan	29	#bd3200	2021-12-28	Viral 50	is
0IzM8sxWJMvAcMEwGa2UDj	Planið	ISSI	30	#84bd00	2021-12-28	Viral 50	is
22IiXEeYRhD2O5Gez6AKZV	Musclebells	DJ Muscleboy	31	#84bd00	2021-12-28	Viral 50	is
3BMqVk2NJbH4fxf84e8kDC	Swimming Pool	Marie Madeleine	32	#84bd00	2021-12-28	Viral 50	is
35mBYyB61qTcGGj7MXIRM1	Cpr	cupcakKe	33	#bd3200	2021-12-28	Viral 50	is
7es56D0QedGMsK39wl2yFX	Happier Than Ever	ASTN	34	#84bd00	2021-12-28	Viral 50	is
2cx4iaLF05RyNUSlm0p3y4	Ekki Seena	Attan	35	#4687d7	2021-12-28	Viral 50	is
1r9xUipOqoNwggBpENDsvJ	Enemy (with JID) - from the series Arcane League of Legends	Imagine Dragons	36	#bd3200	2021-12-28	Viral 50	is
4A8cWXxKfIL3lAyUDzXbCF	Super Gremlin	Kodak Black	37	#84bd00	2021-12-28	Viral 50	is
5Zxm28ZlWhLCGF044tFU8l	Dingaling	Laddi	38	#bd3200	2021-12-28	Viral 50	is
777i3gdjJMVlWvVJvErZeu	Auld Lang Syne	Fulton Street Players	39	#84bd00	2021-12-28	Viral 50	is
11iIikXxC6NP0Ma8vMD27x	Alien Blues	Vundabar	40	#84bd00	2021-12-28	Viral 50	is
6Lo1WLiGG9asMjrkjxlfSI	Fjara	Sólstafir	41	#4687d7	2021-12-28	Viral 50	is
5IjZHSeqDxHYPjf9zGSCyB	Undir Mistilteini (feat. Svala)	Egill Ploder, Ingi Bauer	42	#bd3200	2021-12-28	Viral 50	is
0sTlGEld0h8kIPZaKDYUf4	Notion	The Rare Occasions	43	#84bd00	2021-12-28	Viral 50	is
2IAR0DziHCjSu16gR4ihvy	Nothing	Bruno Major	44	#4687d7	2021-12-28	Viral 50	is
4b1yxSdlumA8N4fEk4UOZp	The Family Madrigal	Stephanie Beatriz, Olga Merediz, Encanto - Cast	45	#4687d7	2021-12-28	Viral 50	is
62P3CMQAknHW4iftsBD41Y	Eleanor Rigby	Cody Fry	46	#84bd00	2021-12-28	Viral 50	is
20on25jryn53hWghthWWW3	Do It To It	ACRAZE, Cherish	47	#3e3e40	2021-12-28	Viral 50	is
5hlDlZjP8bAtpVfH6LDFW2	Ó, helga nótt	Margrét Eir, Hera Björk	48	#bd3200	2021-12-28	Viral 50	is
7lOvJBqH38ZY59eLU7bioq	all I want is you	Rebzyyx, hoshie star	49	#84bd00	2021-12-28	Viral 50	is
3ItezvVKyAyy0nxf6yJpcx	NO TRENDS	Mike Dimes	50	#4687d7	2021-12-28	Viral 50	is
3VTNVsTTu05dmTsVFrmGpK	Fairytale of New York (feat. Kirsty MacColl)	The Pogues	1	#3e3e40	2021-12-29	Viral 50	is
3veY63DgDUzZB44wMUQVz8	Styttist í það	Baggalútur	2	#3e3e40	2021-12-29	Viral 50	is
4fouWK6XVHhzl78KzQ1UjL	abcdefu	GAYLE	3	#84bd00	2021-12-29	Viral 50	is
52xJxFP6TqMuO4Yt0eOkMz	We Don't Talk About Bruno	Carolina Gaitán - La Gaita, Mauro Castillo, Adassa, Rhenzy Feliz, Diane Guerrero, Stephanie Beatriz, Encanto - Cast	4	#84bd00	2021-12-29	Viral 50	is
2bPQuniBB9x0fRtxDly0kr	Stop The Cavalry	Jona Lewie	5	#bd3200	2021-12-29	Viral 50	is
2KnLkZ3z7PO3kgVGHGqDpD	It'll Be Okay	Shawn Mendes	6	#3e3e40	2021-12-29	Viral 50	is
3RkoMHO82pcLpCosDR7Gbj	Þegar Þú Blikkar (feat. Björgvin Halldórsson)	Herra Hnetusmjör	7	#84bd00	2021-12-29	Viral 50	is
760jhRscwGbIIe1m1IIQpU	Surface Pressure	Jessica Darrow	8	#84bd00	2021-12-29	Viral 50	is
0So2sgVa8aJiARPl2P29u2	Pope Is a Rockstar	SALES	9	#3e3e40	2021-12-29	Viral 50	is
4SkkXTtocKccDPJjq4xutq	Ástarsæla	Júníus Meyvant	10	#84bd00	2021-12-29	Viral 50	is
3nOz1U41SZZ0N3fuUWr9nb	I AM WOMAN	Emmy Meli	11	#bd3200	2021-12-29	Viral 50	is
20on25jryn53hWghthWWW3	Do It To It	ACRAZE, Cherish	12	#84bd00	2021-12-29	Viral 50	is
2x6Hg0OmYnkvCtFmAcyzwX	Love To Keep Me Warm	Laufey, dodie	13	#bd3200	2021-12-29	Viral 50	is
6jHBzdq0by8m9DcQ6lL8VG	Með stjörnunum	Herbert Guðmundsson	14	#bd3200	2021-12-29	Viral 50	is
5t07RuwZAUBBnF2tWKwgmP	Super Idol - Remix	Samstring	15	#84bd00	2021-12-29	Viral 50	is
2cx4iaLF05RyNUSlm0p3y4	Ekki Seena	Attan	16	#84bd00	2021-12-29	Viral 50	is
4lACdvcECsrZT78LbR6bjU	Svart hár	ISSI	17	#84bd00	2021-12-29	Viral 50	is
79nEEoEPY2w8EXj9hjn5oc	Ginseng Strip 2002	Yung Lean	18	#84bd00	2021-12-29	Viral 50	is
3kvm9xedJN0uVx9kFmcFdf	TO THE	GoldSkull	19	#84bd00	2021-12-29	Viral 50	is
2KMLGJ1mPfRE4GNdL92rl3	Toss A Coin To Your Witcher	Sonya Belousova, Giona Ostinelli, Joey Batey	20	#3e3e40	2021-12-29	Viral 50	is
1xIqDFx3KdByBnKMlTECcM	Coming for You (feat. A1 x J1)	SwitchOTR	21	#3e3e40	2021-12-29	Viral 50	is
4A8cWXxKfIL3lAyUDzXbCF	Super Gremlin	Kodak Black	22	#84bd00	2021-12-29	Viral 50	is
1cA4wEmLkKlttS6N89LbJh	Wandered To LA (with Justin Bieber)	Juice WRLD	23	#bd3200	2021-12-29	Viral 50	is
5dXWFMwD7I7zXsInONVl0H	I Hate U	SZA	24	#bd3200	2021-12-29	Viral 50	is
0NwSCkrYuOt16VJNd3ESKZ	Hátíð í bæ	Haukur Morthens	25	#84bd00	2021-12-29	Viral 50	is
1wtUbUzb1kbiEsIeRCl2V4	Það á að gefa börnum brauð	Rock Paper Sisters, Eythor Ingi	26	#bd3200	2021-12-29	Viral 50	is
0pNMg4vnGtU6uOCkUtws88	Komi Desember	Daughters of Reykjavík, Hekla Magnúsdóttir	27	#bd3200	2021-12-29	Viral 50	is
22IiXEeYRhD2O5Gez6AKZV	Musclebells	DJ Muscleboy	28	#84bd00	2021-12-29	Viral 50	is
7es56D0QedGMsK39wl2yFX	Happier Than Ever	ASTN	29	#84bd00	2021-12-29	Viral 50	is
0IzM8sxWJMvAcMEwGa2UDj	Planið	ISSI	30	#3e3e40	2021-12-29	Viral 50	is
0kKVxEL8ia1F3vKQj6GVeL	Ætla ekki að eyða þeim ein	Jóhanna Guðrún	31	#bd3200	2021-12-29	Viral 50	is
3BMqVk2NJbH4fxf84e8kDC	Swimming Pool	Marie Madeleine	32	#3e3e40	2021-12-29	Viral 50	is
6Jzdxguk63s6CVVXHIrQ0x	Own Brand Freestyle	FelixThe1st, Dréya Mac, Finch Fetti	33	#bd3200	2021-12-29	Viral 50	is
0DAmSYQW9kq9gQNDI002KP	River	Joni Mitchell	34	#bd3200	2021-12-29	Viral 50	is
5LLrxqwqc8Q8cftLi2fJHd	Geimferðalangur (Lifandi)	Frostrósir	35	#bd3200	2021-12-29	Viral 50	is
11iIikXxC6NP0Ma8vMD27x	Alien Blues	Vundabar	36	#84bd00	2021-12-29	Viral 50	is
4b1yxSdlumA8N4fEk4UOZp	The Family Madrigal	Stephanie Beatriz, Olga Merediz, Encanto - Cast	37	#84bd00	2021-12-29	Viral 50	is
6Lo1WLiGG9asMjrkjxlfSI	Fjara	Sólstafir	38	#84bd00	2021-12-29	Viral 50	is
777i3gdjJMVlWvVJvErZeu	Auld Lang Syne	Fulton Street Players	39	#3e3e40	2021-12-29	Viral 50	is
4bLL8O04PMkzYpT4sC47kd	Ástin heldur vöku	Júlí Heiðar	40	#4687d7	2021-12-29	Viral 50	is
7lOvJBqH38ZY59eLU7bioq	all I want is you	Rebzyyx, hoshie star	41	#84bd00	2021-12-29	Viral 50	is
5Zxm28ZlWhLCGF044tFU8l	Dingaling	Laddi	42	#bd3200	2021-12-29	Viral 50	is
2IAR0DziHCjSu16gR4ihvy	Nothing	Bruno Major	43	#84bd00	2021-12-29	Viral 50	is
5rohUzwEoRsUvAA1Bf3DLo	Dos Oruguitas	Sebastian Yatra	44	#4687d7	2021-12-29	Viral 50	is
0sTlGEld0h8kIPZaKDYUf4	Notion	The Rare Occasions	45	#bd3200	2021-12-29	Viral 50	is
62P3CMQAknHW4iftsBD41Y	Eleanor Rigby	Cody Fry	46	#3e3e40	2021-12-29	Viral 50	is
62ke5zFUJN6RvtXZgVH0F8	Only Love Can Hurt Like This	Paloma Faith	47	#4687d7	2021-12-29	Viral 50	is
4zkdfzYrkU53benFEZaman	Ég þarf enga gjöf í ár	Valdimar Guðmundsson, Fjölskyldan	48	#bd3200	2021-12-29	Viral 50	is
3ItezvVKyAyy0nxf6yJpcx	NO TRENDS	Mike Dimes	49	#84bd00	2021-12-29	Viral 50	is
5IjZHSeqDxHYPjf9zGSCyB	Undir Mistilteini (feat. Svala)	Egill Ploder, Ingi Bauer	50	#bd3200	2021-12-29	Viral 50	is
52xJxFP6TqMuO4Yt0eOkMz	We Don't Talk About Bruno	Carolina Gaitán - La Gaita, Mauro Castillo, Adassa, Rhenzy Feliz, Diane Guerrero, Stephanie Beatriz, Encanto - Cast	1	#84bd00	2021-12-30	Viral 50	is
4fouWK6XVHhzl78KzQ1UjL	abcdefu	GAYLE	2	#84bd00	2021-12-30	Viral 50	is
3VTNVsTTu05dmTsVFrmGpK	Fairytale of New York (feat. Kirsty MacColl)	The Pogues	3	#bd3200	2021-12-30	Viral 50	is
3veY63DgDUzZB44wMUQVz8	Styttist í það	Baggalútur	4	#bd3200	2021-12-30	Viral 50	is
2KnLkZ3z7PO3kgVGHGqDpD	It'll Be Okay	Shawn Mendes	5	#84bd00	2021-12-30	Viral 50	is
760jhRscwGbIIe1m1IIQpU	Surface Pressure	Jessica Darrow	6	#84bd00	2021-12-30	Viral 50	is
3nOz1U41SZZ0N3fuUWr9nb	I AM WOMAN	Emmy Meli	7	#84bd00	2021-12-30	Viral 50	is
2bPQuniBB9x0fRtxDly0kr	Stop The Cavalry	Jona Lewie	8	#bd3200	2021-12-30	Viral 50	is
20on25jryn53hWghthWWW3	Do It To It	ACRAZE, Cherish	9	#84bd00	2021-12-30	Viral 50	is
4SkkXTtocKccDPJjq4xutq	Ástarsæla	Júníus Meyvant	10	#3e3e40	2021-12-30	Viral 50	is
6jHBzdq0by8m9DcQ6lL8VG	Með stjörnunum	Herbert Guðmundsson	11	#84bd00	2021-12-30	Viral 50	is
0So2sgVa8aJiARPl2P29u2	Pope Is a Rockstar	SALES	12	#bd3200	2021-12-30	Viral 50	is
2cx4iaLF05RyNUSlm0p3y4	Ekki Seena	Attan	13	#84bd00	2021-12-30	Viral 50	is
4b1yxSdlumA8N4fEk4UOZp	The Family Madrigal	Stephanie Beatriz, Olga Merediz, Encanto - Cast	14	#84bd00	2021-12-30	Viral 50	is
5dXWFMwD7I7zXsInONVl0H	I Hate U	SZA	15	#84bd00	2021-12-30	Viral 50	is
5t07RuwZAUBBnF2tWKwgmP	Super Idol - Remix	Samstring	16	#bd3200	2021-12-30	Viral 50	is
3kvm9xedJN0uVx9kFmcFdf	TO THE	GoldSkull	17	#84bd00	2021-12-30	Viral 50	is
2KMLGJ1mPfRE4GNdL92rl3	Toss A Coin To Your Witcher	Sonya Belousova, Giona Ostinelli, Joey Batey	18	#84bd00	2021-12-30	Viral 50	is
4A8cWXxKfIL3lAyUDzXbCF	Super Gremlin	Kodak Black	19	#84bd00	2021-12-30	Viral 50	is
1cA4wEmLkKlttS6N89LbJh	Wandered To LA (with Justin Bieber)	Juice WRLD	20	#84bd00	2021-12-30	Viral 50	is
7es56D0QedGMsK39wl2yFX	Happier Than Ever	ASTN	21	#84bd00	2021-12-30	Viral 50	is
79nEEoEPY2w8EXj9hjn5oc	Ginseng Strip 2002	Yung Lean	22	#bd3200	2021-12-30	Viral 50	is
5rohUzwEoRsUvAA1Bf3DLo	Dos Oruguitas	Sebastian Yatra	23	#84bd00	2021-12-30	Viral 50	is
0NwSCkrYuOt16VJNd3ESKZ	Hátíð í bæ	Haukur Morthens	24	#84bd00	2021-12-30	Viral 50	is
3RkoMHO82pcLpCosDR7Gbj	Þegar Þú Blikkar (feat. Björgvin Halldórsson)	Herra Hnetusmjör	25	#bd3200	2021-12-30	Viral 50	is
5Ts1DYOuouQLgzTaisxWYh	Love Grows (Where My Rosemary Goes)	Edison Lighthouse	26	#4687d7	2021-12-30	Viral 50	is
35mBYyB61qTcGGj7MXIRM1	Cpr	cupcakKe	27	#4687d7	2021-12-30	Viral 50	is
1xIqDFx3KdByBnKMlTECcM	Coming for You (feat. A1 x J1)	SwitchOTR	28	#bd3200	2021-12-30	Viral 50	is
6Jzdxguk63s6CVVXHIrQ0x	Own Brand Freestyle	FelixThe1st, Dréya Mac, Finch Fetti	29	#84bd00	2021-12-30	Viral 50	is
3BMqVk2NJbH4fxf84e8kDC	Swimming Pool	Marie Madeleine	30	#84bd00	2021-12-30	Viral 50	is
2x6Hg0OmYnkvCtFmAcyzwX	Love To Keep Me Warm	Laufey, dodie	31	#bd3200	2021-12-30	Viral 50	is
11iIikXxC6NP0Ma8vMD27x	Alien Blues	Vundabar	32	#84bd00	2021-12-30	Viral 50	is
4lACdvcECsrZT78LbR6bjU	Svart hár	ISSI	33	#bd3200	2021-12-30	Viral 50	is
4bLL8O04PMkzYpT4sC47kd	Ástin heldur vöku	Júlí Heiðar	34	#84bd00	2021-12-30	Viral 50	is
6Lo1WLiGG9asMjrkjxlfSI	Fjara	Sólstafir	35	#84bd00	2021-12-30	Viral 50	is
18pZAkoz9eNXd6gpy48RQL	Shake	IShowSpeed, Aura The Scientist	36	#4687d7	2021-12-30	Viral 50	is
474uVhyGgK5MtY9gMcDgGl	It's Called: Freefall	Rainbow Kitten Surprise	37	#4687d7	2021-12-30	Viral 50	is
1r9xUipOqoNwggBpENDsvJ	Enemy (with JID) - from the series Arcane League of Legends	Imagine Dragons	38	#4687d7	2021-12-30	Viral 50	is
22IiXEeYRhD2O5Gez6AKZV	Musclebells	DJ Muscleboy	39	#bd3200	2021-12-30	Viral 50	is
7lOvJBqH38ZY59eLU7bioq	all I want is you	Rebzyyx, hoshie star	40	#84bd00	2021-12-30	Viral 50	is
3ItezvVKyAyy0nxf6yJpcx	NO TRENDS	Mike Dimes	41	#84bd00	2021-12-30	Viral 50	is
2CXNjqL7ewOt2bo5VCd1Lj	BACKROOM	Mike Dimes	42	#4687d7	2021-12-30	Viral 50	is
2IAR0DziHCjSu16gR4ihvy	Nothing	Bruno Major	43	#3e3e40	2021-12-30	Viral 50	is
1EQFOouqdKYdpbNoOHRVO2	abcdefu (angrier)	GAYLE	44	#4687d7	2021-12-30	Viral 50	is
0sTlGEld0h8kIPZaKDYUf4	Notion	The Rare Occasions	45	#3e3e40	2021-12-30	Viral 50	is
09gysnJpfQ3ublBmJDfcEC	SAD GIRLZ LUV MONEY Remix (feat. Kali Uchis and Moliy)	Amaarae	46	#4687d7	2021-12-30	Viral 50	is
3XoYqtiWHhsk59frZupImG	What Else Can I Do?	Diane Guerrero, Stephanie Beatriz	47	#4687d7	2021-12-30	Viral 50	is
777i3gdjJMVlWvVJvErZeu	Auld Lang Syne	Fulton Street Players	48	#bd3200	2021-12-30	Viral 50	is
55MIRLbZzpYSmMlRt9ZDWM	"30/90 (from ""tick, tick... BOOM!"" Soundtrack from the Netflix Film)"	Andrew Garfield, Joshua Henry, Vanessa Hudgens, Robin de Jesus, Alexandra Shipp, MJ Rodriguez	49	#4687d7	2021-12-30	Viral 50	is
2TNaQWWTeTyig2wsr1BNaL	Are You That Somebody?	Aaliyah	50	#4687d7	2021-12-30	Viral 50	is
4fouWK6XVHhzl78KzQ1UjL	abcdefu	GAYLE	1	#84bd00	2021-12-31	Viral 50	is
52xJxFP6TqMuO4Yt0eOkMz	We Don't Talk About Bruno	Carolina Gaitán - La Gaita, Mauro Castillo, Adassa, Rhenzy Feliz, Diane Guerrero, Stephanie Beatriz, Encanto - Cast	2	#bd3200	2021-12-31	Viral 50	is
3nOz1U41SZZ0N3fuUWr9nb	I AM WOMAN	Emmy Meli	3	#84bd00	2021-12-31	Viral 50	is
760jhRscwGbIIe1m1IIQpU	Surface Pressure	Jessica Darrow	4	#84bd00	2021-12-31	Viral 50	is
2KnLkZ3z7PO3kgVGHGqDpD	It'll Be Okay	Shawn Mendes	5	#3e3e40	2021-12-31	Viral 50	is
20on25jryn53hWghthWWW3	Do It To It	ACRAZE, Cherish	6	#84bd00	2021-12-31	Viral 50	is
4SkkXTtocKccDPJjq4xutq	Ástarsæla	Júníus Meyvant	7	#84bd00	2021-12-31	Viral 50	is
6jHBzdq0by8m9DcQ6lL8VG	Með stjörnunum	Herbert Guðmundsson	8	#84bd00	2021-12-31	Viral 50	is
3veY63DgDUzZB44wMUQVz8	Styttist í það	Baggalútur	9	#bd3200	2021-12-31	Viral 50	is
2cx4iaLF05RyNUSlm0p3y4	Ekki Seena	Attan	10	#84bd00	2021-12-31	Viral 50	is
0So2sgVa8aJiARPl2P29u2	Pope Is a Rockstar	SALES	11	#84bd00	2021-12-31	Viral 50	is
4b1yxSdlumA8N4fEk4UOZp	The Family Madrigal	Stephanie Beatriz, Olga Merediz, Encanto - Cast	12	#84bd00	2021-12-31	Viral 50	is
5rohUzwEoRsUvAA1Bf3DLo	Dos Oruguitas	Sebastian Yatra	13	#84bd00	2021-12-31	Viral 50	is
5Ts1DYOuouQLgzTaisxWYh	Love Grows (Where My Rosemary Goes)	Edison Lighthouse	14	#84bd00	2021-12-31	Viral 50	is
23UrAQkpPDm0lyokbduSlN	Allir Með (feat. Egill Ólafsson)	Steindi Jr.	15	#4687d7	2021-12-31	Viral 50	is
3kvm9xedJN0uVx9kFmcFdf	TO THE	GoldSkull	16	#84bd00	2021-12-31	Viral 50	is
4A8cWXxKfIL3lAyUDzXbCF	Super Gremlin	Kodak Black	17	#84bd00	2021-12-31	Viral 50	is
1cA4wEmLkKlttS6N89LbJh	Wandered To LA (with Justin Bieber)	Juice WRLD	18	#84bd00	2021-12-31	Viral 50	is
7es56D0QedGMsK39wl2yFX	Happier Than Ever	ASTN	19	#84bd00	2021-12-31	Viral 50	is
79nEEoEPY2w8EXj9hjn5oc	Ginseng Strip 2002	Yung Lean	20	#84bd00	2021-12-31	Viral 50	is
3VTNVsTTu05dmTsVFrmGpK	Fairytale of New York (feat. Kirsty MacColl)	The Pogues	21	#bd3200	2021-12-31	Viral 50	is
2Yxg7ajO1fYkp1cmlIQllx	Bára	Inspector Spacetime	22	#4687d7	2021-12-31	Viral 50	is
5dXWFMwD7I7zXsInONVl0H	I Hate U	SZA	23	#bd3200	2021-12-31	Viral 50	is
5t07RuwZAUBBnF2tWKwgmP	Super Idol - Remix	Samstring	24	#bd3200	2021-12-31	Viral 50	is
35mBYyB61qTcGGj7MXIRM1	Cpr	cupcakKe	25	#84bd00	2021-12-31	Viral 50	is
2KMLGJ1mPfRE4GNdL92rl3	Toss A Coin To Your Witcher	Sonya Belousova, Giona Ostinelli, Joey Batey	26	#bd3200	2021-12-31	Viral 50	is
1xIqDFx3KdByBnKMlTECcM	Coming for You (feat. A1 x J1)	SwitchOTR	27	#84bd00	2021-12-31	Viral 50	is
2bPQuniBB9x0fRtxDly0kr	Stop The Cavalry	Jona Lewie	28	#bd3200	2021-12-31	Viral 50	is
1EQFOouqdKYdpbNoOHRVO2	abcdefu (angrier)	GAYLE	29	#84bd00	2021-12-31	Viral 50	is
11iIikXxC6NP0Ma8vMD27x	Alien Blues	Vundabar	30	#84bd00	2021-12-31	Viral 50	is
4lACdvcECsrZT78LbR6bjU	Svart hár	ISSI	31	#84bd00	2021-12-31	Viral 50	is
62ke5zFUJN6RvtXZgVH0F8	Only Love Can Hurt Like This	Paloma Faith	32	#4687d7	2021-12-31	Viral 50	is
6Lo1WLiGG9asMjrkjxlfSI	Fjara	Sólstafir	33	#84bd00	2021-12-31	Viral 50	is
1r9xUipOqoNwggBpENDsvJ	Enemy (with JID) - from the series Arcane League of Legends	Imagine Dragons	34	#84bd00	2021-12-31	Viral 50	is
7lOvJBqH38ZY59eLU7bioq	all I want is you	Rebzyyx, hoshie star	35	#84bd00	2021-12-31	Viral 50	is
2ITtyZ2dPr76gr1Cp9N9BX	Árið fer í kvöld	Krakkaskaup RÚV	36	#4687d7	2021-12-31	Viral 50	is
473VtdivFn87fWeLaqqWTr	Held í mér andanum (Áramótaskaup 2020)	Villi Neto	37	#4687d7	2021-12-31	Viral 50	is
05EG9LwFCVjkoYEWzsrHHO	Legend	Tevvez	38	#4687d7	2021-12-31	Viral 50	is
3XoYqtiWHhsk59frZupImG	What Else Can I Do?	Diane Guerrero, Stephanie Beatriz	39	#84bd00	2021-12-31	Viral 50	is
4bLL8O04PMkzYpT4sC47kd	Ástin heldur vöku	Júlí Heiðar	40	#bd3200	2021-12-31	Viral 50	is
3ItezvVKyAyy0nxf6yJpcx	NO TRENDS	Mike Dimes	41	#3e3e40	2021-12-31	Viral 50	is
09gysnJpfQ3ublBmJDfcEC	SAD GIRLZ LUV MONEY Remix (feat. Kali Uchis and Moliy)	Amaarae	42	#84bd00	2021-12-31	Viral 50	is
3BMqVk2NJbH4fxf84e8kDC	Swimming Pool	Marie Madeleine	43	#bd3200	2021-12-31	Viral 50	is
2eppXfCeR7XaX7x2zkCBIw	Mér er drull	FLOTT	44	#4687d7	2021-12-31	Viral 50	is
0sTlGEld0h8kIPZaKDYUf4	Notion	The Rare Occasions	45	#3e3e40	2021-12-31	Viral 50	is
2CXNjqL7ewOt2bo5VCd1Lj	BACKROOM	Mike Dimes	46	#bd3200	2021-12-31	Viral 50	is
55MIRLbZzpYSmMlRt9ZDWM	"30/90 (from ""tick, tick... BOOM!"" Soundtrack from the Netflix Film)"	Andrew Garfield, Joshua Henry, Vanessa Hudgens, Robin de Jesus, Alexandra Shipp, MJ Rodriguez	47	#84bd00	2021-12-31	Viral 50	is
1SOClUWhOi8vHZYMz3GluK	Infinity	Jaymes Young	48	#4687d7	2021-12-31	Viral 50	is
18pZAkoz9eNXd6gpy48RQL	Shake	IShowSpeed, Aura The Scientist	49	#bd3200	2021-12-31	Viral 50	is
6Jzdxguk63s6CVVXHIrQ0x	Own Brand Freestyle	FelixThe1st, Dréya Mac, Finch Fetti	50	#bd3200	2021-12-31	Viral 50	is
4fouWK6XVHhzl78KzQ1UjL	abcdefu	GAYLE	1	#3e3e40	2022-01-01	Viral 50	is
3nOz1U41SZZ0N3fuUWr9nb	I AM WOMAN	Emmy Meli	2	#84bd00	2022-01-01	Viral 50	is
52xJxFP6TqMuO4Yt0eOkMz	We Don't Talk About Bruno	Carolina Gaitán - La Gaita, Mauro Castillo, Adassa, Rhenzy Feliz, Diane Guerrero, Stephanie Beatriz, Encanto - Cast	3	#bd3200	2022-01-01	Viral 50	is
760jhRscwGbIIe1m1IIQpU	Surface Pressure	Jessica Darrow	4	#3e3e40	2022-01-01	Viral 50	is
20on25jryn53hWghthWWW3	Do It To It	ACRAZE, Cherish	5	#84bd00	2022-01-01	Viral 50	is
2KnLkZ3z7PO3kgVGHGqDpD	It'll Be Okay	Shawn Mendes	6	#bd3200	2022-01-01	Viral 50	is
6jHBzdq0by8m9DcQ6lL8VG	Með stjörnunum	Herbert Guðmundsson	7	#84bd00	2022-01-01	Viral 50	is
5Ts1DYOuouQLgzTaisxWYh	Love Grows (Where My Rosemary Goes)	Edison Lighthouse	8	#84bd00	2022-01-01	Viral 50	is
2cx4iaLF05RyNUSlm0p3y4	Ekki Seena	Attan	9	#84bd00	2022-01-01	Viral 50	is
5rohUzwEoRsUvAA1Bf3DLo	Dos Oruguitas	Sebastian Yatra	10	#84bd00	2022-01-01	Viral 50	is
4SkkXTtocKccDPJjq4xutq	Ástarsæla	Júníus Meyvant	11	#bd3200	2022-01-01	Viral 50	is
4b1yxSdlumA8N4fEk4UOZp	The Family Madrigal	Stephanie Beatriz, Olga Merediz, Encanto - Cast	12	#3e3e40	2022-01-01	Viral 50	is
3veY63DgDUzZB44wMUQVz8	Styttist í það	Baggalútur	13	#bd3200	2022-01-01	Viral 50	is
0So2sgVa8aJiARPl2P29u2	Pope Is a Rockstar	SALES	14	#bd3200	2022-01-01	Viral 50	is
23UrAQkpPDm0lyokbduSlN	Allir Með (feat. Egill Ólafsson)	Steindi Jr.	15	#3e3e40	2022-01-01	Viral 50	is
2eppXfCeR7XaX7x2zkCBIw	Mér er drull	FLOTT	16	#84bd00	2022-01-01	Viral 50	is
11iIikXxC6NP0Ma8vMD27x	Alien Blues	Vundabar	17	#84bd00	2022-01-01	Viral 50	is
2ITtyZ2dPr76gr1Cp9N9BX	Árið fer í kvöld	Krakkaskaup RÚV	18	#84bd00	2022-01-01	Viral 50	is
2Yxg7ajO1fYkp1cmlIQllx	Bára	Inspector Spacetime	19	#84bd00	2022-01-01	Viral 50	is
35mBYyB61qTcGGj7MXIRM1	Cpr	cupcakKe	20	#84bd00	2022-01-01	Viral 50	is
1xIqDFx3KdByBnKMlTECcM	Coming for You (feat. A1 x J1)	SwitchOTR	21	#84bd00	2022-01-01	Viral 50	is
4A8cWXxKfIL3lAyUDzXbCF	Super Gremlin	Kodak Black	22	#bd3200	2022-01-01	Viral 50	is
1cA4wEmLkKlttS6N89LbJh	Wandered To LA (with Justin Bieber)	Juice WRLD	23	#bd3200	2022-01-01	Viral 50	is
3kvm9xedJN0uVx9kFmcFdf	TO THE	GoldSkull	24	#bd3200	2022-01-01	Viral 50	is
5dXWFMwD7I7zXsInONVl0H	I Hate U	SZA	25	#bd3200	2022-01-01	Viral 50	is
62ke5zFUJN6RvtXZgVH0F8	Only Love Can Hurt Like This	Paloma Faith	26	#84bd00	2022-01-01	Viral 50	is
7es56D0QedGMsK39wl2yFX	Happier Than Ever	ASTN	27	#bd3200	2022-01-01	Viral 50	is
79nEEoEPY2w8EXj9hjn5oc	Ginseng Strip 2002	Yung Lean	28	#bd3200	2022-01-01	Viral 50	is
2KMLGJ1mPfRE4GNdL92rl3	Toss A Coin To Your Witcher	Sonya Belousova, Giona Ostinelli, Joey Batey	29	#bd3200	2022-01-01	Viral 50	is
473VtdivFn87fWeLaqqWTr	Held í mér andanum (Áramótaskaup 2020)	Villi Neto	30	#84bd00	2022-01-01	Viral 50	is
1EQFOouqdKYdpbNoOHRVO2	abcdefu (angrier)	GAYLE	31	#bd3200	2022-01-01	Viral 50	is
5t07RuwZAUBBnF2tWKwgmP	Super Idol - Remix	Samstring	32	#bd3200	2022-01-01	Viral 50	is
1SOClUWhOi8vHZYMz3GluK	Infinity	Jaymes Young	33	#84bd00	2022-01-01	Viral 50	is
2Q5q1q01KOdHt5fM00WUJ8	Colombia, Mi Encanto	Carlos Vives	34	#4687d7	2022-01-01	Viral 50	is
3XoYqtiWHhsk59frZupImG	What Else Can I Do?	Diane Guerrero, Stephanie Beatriz	35	#84bd00	2022-01-01	Viral 50	is
1r9xUipOqoNwggBpENDsvJ	Enemy (with JID) - from the series Arcane League of Legends	Imagine Dragons	36	#bd3200	2022-01-01	Viral 50	is
05EG9LwFCVjkoYEWzsrHHO	Legend	Tevvez	37	#84bd00	2022-01-01	Viral 50	is
7lOvJBqH38ZY59eLU7bioq	all I want is you	Rebzyyx, hoshie star	38	#bd3200	2022-01-01	Viral 50	is
4bLL8O04PMkzYpT4sC47kd	Ástin heldur vöku	Júlí Heiðar	39	#84bd00	2022-01-01	Viral 50	is
3ItezvVKyAyy0nxf6yJpcx	NO TRENDS	Mike Dimes	40	#84bd00	2022-01-01	Viral 50	is
3oRW9ZGPRbLRMneQ5lwflt	Waiting On A Miracle	Stephanie Beatriz	41	#4687d7	2022-01-01	Viral 50	is
0sTlGEld0h8kIPZaKDYUf4	Notion	The Rare Occasions	42	#84bd00	2022-01-01	Viral 50	is
1YC7llsHtz0ScDtiLEVHZG	Næsta	JóiPé, Króli, GDRN, SZK	43	#4687d7	2022-01-01	Viral 50	is
0zCgWGmDF0aih5qexATyBn	After Dark	Mr.Kitty	44	#4687d7	2022-01-01	Viral 50	is
623rRTKwGmgjH6sjE9uWLh	Scatman (ski-ba-bop-ba-dop-bop)	Scatman John	45	#4687d7	2022-01-01	Viral 50	is
4zcjQawjkEucM9GbDcLKG4	Þorraþræll	Savanna tríóið	46	#4687d7	2022-01-01	Viral 50	is
18pZAkoz9eNXd6gpy48RQL	Shake	IShowSpeed, Aura The Scientist	47	#84bd00	2022-01-01	Viral 50	is
474uVhyGgK5MtY9gMcDgGl	It's Called: Freefall	Rainbow Kitten Surprise	48	#4687d7	2022-01-01	Viral 50	is
6Lo1WLiGG9asMjrkjxlfSI	Fjara	Sólstafir	49	#bd3200	2022-01-01	Viral 50	is
2vXKRlJBXyOcvZYTdNeckS	Lost in the Fire (feat. The Weeknd)	Gesaffelstein	50	#4687d7	2022-01-01	Viral 50	is
4fouWK6XVHhzl78KzQ1UjL	abcdefu	GAYLE	1	#3e3e40	2022-01-02	Viral 50	is
52xJxFP6TqMuO4Yt0eOkMz	We Don't Talk About Bruno	Carolina Gaitán - La Gaita, Mauro Castillo, Adassa, Rhenzy Feliz, Diane Guerrero, Stephanie Beatriz, Encanto - Cast	2	#84bd00	2022-01-02	Viral 50	is
3nOz1U41SZZ0N3fuUWr9nb	I AM WOMAN	Emmy Meli	3	#bd3200	2022-01-02	Viral 50	is
20on25jryn53hWghthWWW3	Do It To It	ACRAZE, Cherish	4	#84bd00	2022-01-02	Viral 50	is
760jhRscwGbIIe1m1IIQpU	Surface Pressure	Jessica Darrow	5	#bd3200	2022-01-02	Viral 50	is
5Ts1DYOuouQLgzTaisxWYh	Love Grows (Where My Rosemary Goes)	Edison Lighthouse	6	#84bd00	2022-01-02	Viral 50	is
2KnLkZ3z7PO3kgVGHGqDpD	It'll Be Okay	Shawn Mendes	7	#bd3200	2022-01-02	Viral 50	is
5rohUzwEoRsUvAA1Bf3DLo	Dos Oruguitas	Sebastian Yatra	8	#84bd00	2022-01-02	Viral 50	is
6jHBzdq0by8m9DcQ6lL8VG	Með stjörnunum	Herbert Guðmundsson	9	#bd3200	2022-01-02	Viral 50	is
2cx4iaLF05RyNUSlm0p3y4	Ekki Seena	Attan	10	#bd3200	2022-01-02	Viral 50	is
4b1yxSdlumA8N4fEk4UOZp	The Family Madrigal	Stephanie Beatriz, Olga Merediz, Encanto - Cast	11	#84bd00	2022-01-02	Viral 50	is
4SkkXTtocKccDPJjq4xutq	Ástarsæla	Júníus Meyvant	12	#bd3200	2022-01-02	Viral 50	is
23UrAQkpPDm0lyokbduSlN	Allir Með (feat. Egill Ólafsson)	Steindi Jr.	13	#84bd00	2022-01-02	Viral 50	is
2eppXfCeR7XaX7x2zkCBIw	Mér er drull	FLOTT	14	#84bd00	2022-01-02	Viral 50	is
0So2sgVa8aJiARPl2P29u2	Pope Is a Rockstar	SALES	15	#bd3200	2022-01-02	Viral 50	is
3veY63DgDUzZB44wMUQVz8	Styttist í það	Baggalútur	16	#bd3200	2022-01-02	Viral 50	is
3kvm9xedJN0uVx9kFmcFdf	TO THE	GoldSkull	17	#84bd00	2022-01-02	Viral 50	is
62ke5zFUJN6RvtXZgVH0F8	Only Love Can Hurt Like This	Paloma Faith	18	#84bd00	2022-01-02	Viral 50	is
2ITtyZ2dPr76gr1Cp9N9BX	Árið fer í kvöld	Krakkaskaup RÚV	19	#bd3200	2022-01-02	Viral 50	is
35mBYyB61qTcGGj7MXIRM1	Cpr	cupcakKe	20	#3e3e40	2022-01-02	Viral 50	is
1xIqDFx3KdByBnKMlTECcM	Coming for You (feat. A1 x J1)	SwitchOTR	21	#3e3e40	2022-01-02	Viral 50	is
11iIikXxC6NP0Ma8vMD27x	Alien Blues	Vundabar	22	#bd3200	2022-01-02	Viral 50	is
4A8cWXxKfIL3lAyUDzXbCF	Super Gremlin	Kodak Black	23	#bd3200	2022-01-02	Viral 50	is
1SOClUWhOi8vHZYMz3GluK	Infinity	Jaymes Young	24	#84bd00	2022-01-02	Viral 50	is
5dXWFMwD7I7zXsInONVl0H	I Hate U	SZA	25	#3e3e40	2022-01-02	Viral 50	is
7es56D0QedGMsK39wl2yFX	Happier Than Ever	ASTN	26	#84bd00	2022-01-02	Viral 50	is
473VtdivFn87fWeLaqqWTr	Held í mér andanum (Áramótaskaup 2020)	Villi Neto	27	#84bd00	2022-01-02	Viral 50	is
2Q5q1q01KOdHt5fM00WUJ8	Colombia, Mi Encanto	Carlos Vives	28	#84bd00	2022-01-02	Viral 50	is
2Yxg7ajO1fYkp1cmlIQllx	Bára	Inspector Spacetime	29	#bd3200	2022-01-02	Viral 50	is
1EQFOouqdKYdpbNoOHRVO2	abcdefu (angrier)	GAYLE	30	#84bd00	2022-01-02	Viral 50	is
3XoYqtiWHhsk59frZupImG	What Else Can I Do?	Diane Guerrero, Stephanie Beatriz	31	#84bd00	2022-01-02	Viral 50	is
1cA4wEmLkKlttS6N89LbJh	Wandered To LA (with Justin Bieber)	Juice WRLD	32	#bd3200	2022-01-02	Viral 50	is
1r9xUipOqoNwggBpENDsvJ	Enemy (with JID) - from the series Arcane League of Legends	Imagine Dragons	33	#84bd00	2022-01-02	Viral 50	is
4lACdvcECsrZT78LbR6bjU	Svart hár	ISSI	34	#4687d7	2022-01-02	Viral 50	is
79nEEoEPY2w8EXj9hjn5oc	Ginseng Strip 2002	Yung Lean	35	#bd3200	2022-01-02	Viral 50	is
4nfpbsiYbB0TVBOeJ7X7Z0	"What A Life - From the Motion Picture ""Another Round"""	Scarlet Pleasure	36	#4687d7	2022-01-02	Viral 50	is
05EG9LwFCVjkoYEWzsrHHO	Legend	Tevvez	37	#3e3e40	2022-01-02	Viral 50	is
3oRW9ZGPRbLRMneQ5lwflt	Waiting On A Miracle	Stephanie Beatriz	38	#84bd00	2022-01-02	Viral 50	is
0LBpzdYnWesRulHJOxWlC4	Sunset	pixelbobby	39	#4687d7	2022-01-02	Viral 50	is
55MIRLbZzpYSmMlRt9ZDWM	"30/90 (from ""tick, tick... BOOM!"" Soundtrack from the Netflix Film)"	Andrew Garfield, Joshua Henry, Vanessa Hudgens, Robin de Jesus, Alexandra Shipp, MJ Rodriguez	40	#4687d7	2022-01-02	Viral 50	is
1YC7llsHtz0ScDtiLEVHZG	Næsta	JóiPé, Króli, GDRN, SZK	41	#84bd00	2022-01-02	Viral 50	is
3ItezvVKyAyy0nxf6yJpcx	NO TRENDS	Mike Dimes	42	#bd3200	2022-01-02	Viral 50	is
0zCgWGmDF0aih5qexATyBn	After Dark	Mr.Kitty	43	#84bd00	2022-01-02	Viral 50	is
2B4GHvToeLTOBB4QLzW3Ni	Pepas	Farruko	44	#4687d7	2022-01-02	Viral 50	is
623rRTKwGmgjH6sjE9uWLh	Scatman (ski-ba-bop-ba-dop-bop)	Scatman John	45	#3e3e40	2022-01-02	Viral 50	is
5t07RuwZAUBBnF2tWKwgmP	Super Idol - Remix	Samstring	46	#bd3200	2022-01-02	Viral 50	is
4zcjQawjkEucM9GbDcLKG4	Þorraþræll	Savanna tríóið	47	#bd3200	2022-01-02	Viral 50	is
4bLL8O04PMkzYpT4sC47kd	Ástin heldur vöku	Júlí Heiðar	48	#bd3200	2022-01-02	Viral 50	is
0IzM8sxWJMvAcMEwGa2UDj	Planið	ISSI	49	#4687d7	2022-01-02	Viral 50	is
474uVhyGgK5MtY9gMcDgGl	It's Called: Freefall	Rainbow Kitten Surprise	50	#bd3200	2022-01-02	Viral 50	is
52xJxFP6TqMuO4Yt0eOkMz	We Don't Talk About Bruno	Carolina Gaitán - La Gaita, Mauro Castillo, Adassa, Rhenzy Feliz, Diane Guerrero, Stephanie Beatriz, Encanto - Cast	1	#84bd00	2022-01-03	Viral 50	is
4fouWK6XVHhzl78KzQ1UjL	abcdefu	GAYLE	2	#bd3200	2022-01-03	Viral 50	is
5Ts1DYOuouQLgzTaisxWYh	Love Grows (Where My Rosemary Goes)	Edison Lighthouse	3	#84bd00	2022-01-03	Viral 50	is
20on25jryn53hWghthWWW3	Do It To It	ACRAZE, Cherish	4	#3e3e40	2022-01-03	Viral 50	is
5rohUzwEoRsUvAA1Bf3DLo	Dos Oruguitas	Sebastian Yatra	5	#84bd00	2022-01-03	Viral 50	is
2KnLkZ3z7PO3kgVGHGqDpD	It'll Be Okay	Shawn Mendes	6	#84bd00	2022-01-03	Viral 50	is
760jhRscwGbIIe1m1IIQpU	Surface Pressure	Jessica Darrow	7	#bd3200	2022-01-03	Viral 50	is
3nOz1U41SZZ0N3fuUWr9nb	I AM WOMAN	Emmy Meli	8	#bd3200	2022-01-03	Viral 50	is
2cx4iaLF05RyNUSlm0p3y4	Ekki Seena	Attan	9	#84bd00	2022-01-03	Viral 50	is
4SkkXTtocKccDPJjq4xutq	Ástarsæla	Júníus Meyvant	10	#84bd00	2022-01-03	Viral 50	is
2eppXfCeR7XaX7x2zkCBIw	Mér er drull	FLOTT	11	#84bd00	2022-01-03	Viral 50	is
23UrAQkpPDm0lyokbduSlN	Allir Með (feat. Egill Ólafsson)	Steindi Jr.	12	#84bd00	2022-01-03	Viral 50	is
6jHBzdq0by8m9DcQ6lL8VG	Með stjörnunum	Herbert Guðmundsson	13	#bd3200	2022-01-03	Viral 50	is
0So2sgVa8aJiARPl2P29u2	Pope Is a Rockstar	SALES	14	#84bd00	2022-01-03	Viral 50	is
0hYFc3HSZHDaDzquLVRwBH	TO THE MOON	Jnr Choi	15	#84bd00	2022-01-03	Viral 50	is
4b1yxSdlumA8N4fEk4UOZp	The Family Madrigal	Stephanie Beatriz, Olga Merediz, Encanto - Cast	16	#bd3200	2022-01-03	Viral 50	is
62ke5zFUJN6RvtXZgVH0F8	Only Love Can Hurt Like This	Paloma Faith	17	#84bd00	2022-01-03	Viral 50	is
473VtdivFn87fWeLaqqWTr	Held í mér andanum (Áramótaskaup 2020)	Villi Neto	18	#84bd00	2022-01-03	Viral 50	is
11iIikXxC6NP0Ma8vMD27x	Alien Blues	Vundabar	19	#84bd00	2022-01-03	Viral 50	is
2ITtyZ2dPr76gr1Cp9N9BX	Árið fer í kvöld	Krakkaskaup RÚV	20	#bd3200	2022-01-03	Viral 50	is
05EG9LwFCVjkoYEWzsrHHO	Legend	Tevvez	21	#84bd00	2022-01-03	Viral 50	is
35mBYyB61qTcGGj7MXIRM1	Cpr	cupcakKe	22	#bd3200	2022-01-03	Viral 50	is
4A8cWXxKfIL3lAyUDzXbCF	Super Gremlin	Kodak Black	23	#3e3e40	2022-01-03	Viral 50	is
1xIqDFx3KdByBnKMlTECcM	Coming for You (feat. A1 x J1)	SwitchOTR	24	#bd3200	2022-01-03	Viral 50	is
4nfpbsiYbB0TVBOeJ7X7Z0	"What A Life - From the Motion Picture ""Another Round"""	Scarlet Pleasure	25	#84bd00	2022-01-03	Viral 50	is
3XoYqtiWHhsk59frZupImG	What Else Can I Do?	Diane Guerrero, Stephanie Beatriz	26	#84bd00	2022-01-03	Viral 50	is
1SOClUWhOi8vHZYMz3GluK	Infinity	Jaymes Young	27	#bd3200	2022-01-03	Viral 50	is
2Yxg7ajO1fYkp1cmlIQllx	Bára	Inspector Spacetime	28	#84bd00	2022-01-03	Viral 50	is
4bLL8O04PMkzYpT4sC47kd	Ástin heldur vöku	Júlí Heiðar	29	#84bd00	2022-01-03	Viral 50	is
7es56D0QedGMsK39wl2yFX	Happier Than Ever	ASTN	30	#bd3200	2022-01-03	Viral 50	is
3oRW9ZGPRbLRMneQ5lwflt	Waiting On A Miracle	Stephanie Beatriz	31	#84bd00	2022-01-03	Viral 50	is
2IAR0DziHCjSu16gR4ihvy	Nothing	Bruno Major	32	#4687d7	2022-01-03	Viral 50	is
3ZBeHiRJUj1vdiU8zzGPgb	WYD Now?	Sadie Jean	33	#4687d7	2022-01-03	Viral 50	is
1r9xUipOqoNwggBpENDsvJ	Enemy (with JID) - from the series Arcane League of Legends	Imagine Dragons	34	#bd3200	2022-01-03	Viral 50	is
55MIRLbZzpYSmMlRt9ZDWM	"30/90 (from ""tick, tick... BOOM!"" Soundtrack from the Netflix Film)"	Andrew Garfield, Joshua Henry, Vanessa Hudgens, Robin de Jesus, Alexandra Shipp, MJ Rodriguez	35	#84bd00	2022-01-03	Viral 50	is
1YC7llsHtz0ScDtiLEVHZG	Næsta	JóiPé, Króli, GDRN, SZK	36	#84bd00	2022-01-03	Viral 50	is
3veY63DgDUzZB44wMUQVz8	Styttist í það	Baggalútur	37	#bd3200	2022-01-03	Viral 50	is
2Q5q1q01KOdHt5fM00WUJ8	Colombia, Mi Encanto	Carlos Vives	38	#bd3200	2022-01-03	Viral 50	is
21xzFXSL2XkZ2mIzDDAqTK	God Must Hate Me	Catie Turner	39	#4687d7	2022-01-03	Viral 50	is
623rRTKwGmgjH6sjE9uWLh	Scatman (ski-ba-bop-ba-dop-bop)	Scatman John	40	#84bd00	2022-01-03	Viral 50	is
2CXNjqL7ewOt2bo5VCd1Lj	BACKROOM	Mike Dimes	41	#4687d7	2022-01-03	Viral 50	is
0WSlOSMLJWoWUpWci9nnRb	Cissy Strut	The Meters	42	#4687d7	2022-01-03	Viral 50	is
1EQFOouqdKYdpbNoOHRVO2	abcdefu (angrier)	GAYLE	43	#bd3200	2022-01-03	Viral 50	is
79nEEoEPY2w8EXj9hjn5oc	Ginseng Strip 2002	Yung Lean	44	#bd3200	2022-01-03	Viral 50	is
474uVhyGgK5MtY9gMcDgGl	It's Called: Freefall	Rainbow Kitten Surprise	45	#84bd00	2022-01-03	Viral 50	is
5t07RuwZAUBBnF2tWKwgmP	Super Idol - Remix	Samstring	46	#3e3e40	2022-01-03	Viral 50	is
2vXKRlJBXyOcvZYTdNeckS	Lost in the Fire (feat. The Weeknd)	Gesaffelstein	47	#4687d7	2022-01-03	Viral 50	is
0LBpzdYnWesRulHJOxWlC4	Sunset	pixelbobby	48	#bd3200	2022-01-03	Viral 50	is
2B4GHvToeLTOBB4QLzW3Ni	Pepas	Farruko	49	#bd3200	2022-01-03	Viral 50	is
4lACdvcECsrZT78LbR6bjU	Svart hár	ISSI	50	#bd3200	2022-01-03	Viral 50	is
52xJxFP6TqMuO4Yt0eOkMz	We Don't Talk About Bruno	Carolina Gaitán - La Gaita, Mauro Castillo, Adassa, Rhenzy Feliz, Diane Guerrero, Stephanie Beatriz, Encanto - Cast	1	#3e3e40	2022-01-04	Viral 50	is
5Ts1DYOuouQLgzTaisxWYh	Love Grows (Where My Rosemary Goes)	Edison Lighthouse	2	#84bd00	2022-01-04	Viral 50	is
760jhRscwGbIIe1m1IIQpU	Surface Pressure	Jessica Darrow	3	#84bd00	2022-01-04	Viral 50	is
20on25jryn53hWghthWWW3	Do It To It	ACRAZE, Cherish	4	#3e3e40	2022-01-04	Viral 50	is
5rohUzwEoRsUvAA1Bf3DLo	Dos Oruguitas	Sebastian Yatra	5	#3e3e40	2022-01-04	Viral 50	is
3nOz1U41SZZ0N3fuUWr9nb	I AM WOMAN	Emmy Meli	6	#84bd00	2022-01-04	Viral 50	is
4fouWK6XVHhzl78KzQ1UjL	abcdefu	GAYLE	7	#bd3200	2022-01-04	Viral 50	is
2KnLkZ3z7PO3kgVGHGqDpD	It'll Be Okay	Shawn Mendes	8	#bd3200	2022-01-04	Viral 50	is
2eppXfCeR7XaX7x2zkCBIw	Mér er drull	FLOTT	9	#84bd00	2022-01-04	Viral 50	is
0hYFc3HSZHDaDzquLVRwBH	TO THE MOON	Jnr Choi	10	#84bd00	2022-01-04	Viral 50	is
4SkkXTtocKccDPJjq4xutq	Ástarsæla	Júníus Meyvant	11	#bd3200	2022-01-04	Viral 50	is
23UrAQkpPDm0lyokbduSlN	Allir Með (feat. Egill Ólafsson)	Steindi Jr.	12	#3e3e40	2022-01-04	Viral 50	is
6jHBzdq0by8m9DcQ6lL8VG	Með stjörnunum	Herbert Guðmundsson	13	#3e3e40	2022-01-04	Viral 50	is
2cx4iaLF05RyNUSlm0p3y4	Ekki Seena	Attan	14	#bd3200	2022-01-04	Viral 50	is
4b1yxSdlumA8N4fEk4UOZp	The Family Madrigal	Stephanie Beatriz, Olga Merediz, Encanto - Cast	15	#84bd00	2022-01-04	Viral 50	is
11iIikXxC6NP0Ma8vMD27x	Alien Blues	Vundabar	16	#84bd00	2022-01-04	Viral 50	is
0So2sgVa8aJiARPl2P29u2	Pope Is a Rockstar	SALES	17	#bd3200	2022-01-04	Viral 50	is
05EG9LwFCVjkoYEWzsrHHO	Legend	Tevvez	18	#84bd00	2022-01-04	Viral 50	is
4A8cWXxKfIL3lAyUDzXbCF	Super Gremlin	Kodak Black	19	#84bd00	2022-01-04	Viral 50	is
62ke5zFUJN6RvtXZgVH0F8	Only Love Can Hurt Like This	Paloma Faith	20	#bd3200	2022-01-04	Viral 50	is
473VtdivFn87fWeLaqqWTr	Held í mér andanum (Áramótaskaup 2020)	Villi Neto	21	#bd3200	2022-01-04	Viral 50	is
2ITtyZ2dPr76gr1Cp9N9BX	Árið fer í kvöld	Krakkaskaup RÚV	22	#bd3200	2022-01-04	Viral 50	is
35mBYyB61qTcGGj7MXIRM1	Cpr	cupcakKe	23	#bd3200	2022-01-04	Viral 50	is
4nfpbsiYbB0TVBOeJ7X7Z0	"What A Life - From the Motion Picture ""Another Round"""	Scarlet Pleasure	24	#84bd00	2022-01-04	Viral 50	is
2Yxg7ajO1fYkp1cmlIQllx	Bára	Inspector Spacetime	25	#84bd00	2022-01-04	Viral 50	is
4bLL8O04PMkzYpT4sC47kd	Ástin heldur vöku	Júlí Heiðar	26	#84bd00	2022-01-04	Viral 50	is
3oRW9ZGPRbLRMneQ5lwflt	Waiting On A Miracle	Stephanie Beatriz	27	#84bd00	2022-01-04	Viral 50	is
1xIqDFx3KdByBnKMlTECcM	Coming for You (feat. A1 x J1)	SwitchOTR	28	#bd3200	2022-01-04	Viral 50	is
1SOClUWhOi8vHZYMz3GluK	Infinity	Jaymes Young	29	#bd3200	2022-01-04	Viral 50	is
4X25mFLehFnxa1TwtLKcE2	All Of You	Stephanie Beatriz, Olga Merediz, John Leguizamo, Adassa, Maluma, Encanto - Cast	30	#4687d7	2022-01-04	Viral 50	is
1r9xUipOqoNwggBpENDsvJ	Enemy (with JID) - from the series Arcane League of Legends	Imagine Dragons	31	#84bd00	2022-01-04	Viral 50	is
2Q5q1q01KOdHt5fM00WUJ8	Colombia, Mi Encanto	Carlos Vives	32	#84bd00	2022-01-04	Viral 50	is
1YC7llsHtz0ScDtiLEVHZG	Næsta	JóiPé, Króli, GDRN, SZK	33	#84bd00	2022-01-04	Viral 50	is
18pZAkoz9eNXd6gpy48RQL	Shake	IShowSpeed, Aura The Scientist	34	#4687d7	2022-01-04	Viral 50	is
0WSlOSMLJWoWUpWci9nnRb	Cissy Strut	The Meters	35	#84bd00	2022-01-04	Viral 50	is
2CXNjqL7ewOt2bo5VCd1Lj	BACKROOM	Mike Dimes	36	#84bd00	2022-01-04	Viral 50	is
0zCgWGmDF0aih5qexATyBn	After Dark	Mr.Kitty	37	#4687d7	2022-01-04	Viral 50	is
1EQFOouqdKYdpbNoOHRVO2	abcdefu (angrier)	GAYLE	38	#84bd00	2022-01-04	Viral 50	is
2B4GHvToeLTOBB4QLzW3Ni	Pepas	Farruko	39	#84bd00	2022-01-04	Viral 50	is
0V5cvmTKsYmF5FmGGEAfmS	Je te laisserai des mots	Patrick Watson	40	#4687d7	2022-01-04	Viral 50	is
3veY63DgDUzZB44wMUQVz8	Styttist í það	Baggalútur	41	#bd3200	2022-01-04	Viral 50	is
474uVhyGgK5MtY9gMcDgGl	It's Called: Freefall	Rainbow Kitten Surprise	42	#84bd00	2022-01-04	Viral 50	is
55MIRLbZzpYSmMlRt9ZDWM	"30/90 (from ""tick, tick... BOOM!"" Soundtrack from the Netflix Film)"	Andrew Garfield, Joshua Henry, Vanessa Hudgens, Robin de Jesus, Alexandra Shipp, MJ Rodriguez	43	#bd3200	2022-01-04	Viral 50	is
2zpZkOV7sD9C4Cv0cukoHV	Always Been You	Jessie Murph	44	#4687d7	2022-01-04	Viral 50	is
2vXKRlJBXyOcvZYTdNeckS	Lost in the Fire (feat. The Weeknd)	Gesaffelstein	45	#84bd00	2022-01-04	Viral 50	is
7DF8lvLdV3htIbuTWpc7lR	Girl Of My Dreams (with SUGA of BTS)	Juice WRLD	46	#4687d7	2022-01-04	Viral 50	is
2gpWyfu7eZ01zzncHpxOtA	Moth To A Flame (with The Weeknd)	Swedish House Mafia	47	#4687d7	2022-01-04	Viral 50	is
7lOvJBqH38ZY59eLU7bioq	all I want is you	Rebzyyx, hoshie star	48	#4687d7	2022-01-04	Viral 50	is
4lACdvcECsrZT78LbR6bjU	Svart hár	ISSI	49	#84bd00	2022-01-04	Viral 50	is
7es56D0QedGMsK39wl2yFX	Happier Than Ever	ASTN	50	#bd3200	2022-01-04	Viral 50	is
52xJxFP6TqMuO4Yt0eOkMz	We Don't Talk About Bruno	Carolina Gaitán - La Gaita, Mauro Castillo, Adassa, Rhenzy Feliz, Diane Guerrero, Stephanie Beatriz, Encanto - Cast	1	#3e3e40	2022-01-05	Viral 50	is
760jhRscwGbIIe1m1IIQpU	Surface Pressure	Jessica Darrow	2	#84bd00	2022-01-05	Viral 50	is
5Ts1DYOuouQLgzTaisxWYh	Love Grows (Where My Rosemary Goes)	Edison Lighthouse	3	#bd3200	2022-01-05	Viral 50	is
3nOz1U41SZZ0N3fuUWr9nb	I AM WOMAN	Emmy Meli	4	#84bd00	2022-01-05	Viral 50	is
5rohUzwEoRsUvAA1Bf3DLo	Dos Oruguitas	Sebastian Yatra	5	#3e3e40	2022-01-05	Viral 50	is
2KnLkZ3z7PO3kgVGHGqDpD	It'll Be Okay	Shawn Mendes	6	#84bd00	2022-01-05	Viral 50	is
4fouWK6XVHhzl78KzQ1UjL	abcdefu	GAYLE	7	#3e3e40	2022-01-05	Viral 50	is
20on25jryn53hWghthWWW3	Do It To It	ACRAZE, Cherish	8	#bd3200	2022-01-05	Viral 50	is
2eppXfCeR7XaX7x2zkCBIw	Mér er drull	FLOTT	9	#3e3e40	2022-01-05	Viral 50	is
0hYFc3HSZHDaDzquLVRwBH	TO THE MOON	Jnr Choi	10	#3e3e40	2022-01-05	Viral 50	is
4SkkXTtocKccDPJjq4xutq	Ástarsæla	Júníus Meyvant	11	#3e3e40	2022-01-05	Viral 50	is
23UrAQkpPDm0lyokbduSlN	Allir Með (feat. Egill Ólafsson)	Steindi Jr.	12	#3e3e40	2022-01-05	Viral 50	is
6jHBzdq0by8m9DcQ6lL8VG	Með stjörnunum	Herbert Guðmundsson	13	#3e3e40	2022-01-05	Viral 50	is
4b1yxSdlumA8N4fEk4UOZp	The Family Madrigal	Stephanie Beatriz, Olga Merediz, Encanto - Cast	14	#84bd00	2022-01-05	Viral 50	is
05EG9LwFCVjkoYEWzsrHHO	Legend	Tevvez	15	#84bd00	2022-01-05	Viral 50	is
11iIikXxC6NP0Ma8vMD27x	Alien Blues	Vundabar	16	#3e3e40	2022-01-05	Viral 50	is
0So2sgVa8aJiARPl2P29u2	Pope Is a Rockstar	SALES	17	#3e3e40	2022-01-05	Viral 50	is
473VtdivFn87fWeLaqqWTr	Held í mér andanum (Áramótaskaup 2020)	Villi Neto	18	#84bd00	2022-01-05	Viral 50	is
35mBYyB61qTcGGj7MXIRM1	Cpr	cupcakKe	19	#84bd00	2022-01-05	Viral 50	is
62ke5zFUJN6RvtXZgVH0F8	Only Love Can Hurt Like This	Paloma Faith	20	#3e3e40	2022-01-05	Viral 50	is
2ITtyZ2dPr76gr1Cp9N9BX	Árið fer í kvöld	Krakkaskaup RÚV	21	#84bd00	2022-01-05	Viral 50	is
2cx4iaLF05RyNUSlm0p3y4	Ekki Seena	Attan	22	#bd3200	2022-01-05	Viral 50	is
4A8cWXxKfIL3lAyUDzXbCF	Super Gremlin	Kodak Black	23	#bd3200	2022-01-05	Viral 50	is
4nfpbsiYbB0TVBOeJ7X7Z0	"What A Life - From the Motion Picture ""Another Round"""	Scarlet Pleasure	24	#3e3e40	2022-01-05	Viral 50	is
1r9xUipOqoNwggBpENDsvJ	Enemy (with JID) - from the series Arcane League of Legends	Imagine Dragons	25	#84bd00	2022-01-05	Viral 50	is
2Yxg7ajO1fYkp1cmlIQllx	Bára	Inspector Spacetime	26	#bd3200	2022-01-05	Viral 50	is
2zpZkOV7sD9C4Cv0cukoHV	Always Been You	Jessie Murph	27	#84bd00	2022-01-05	Viral 50	is
18pZAkoz9eNXd6gpy48RQL	Shake	IShowSpeed, Aura The Scientist	28	#84bd00	2022-01-05	Viral 50	is
4X25mFLehFnxa1TwtLKcE2	All Of You	Stephanie Beatriz, Olga Merediz, John Leguizamo, Adassa, Maluma, Encanto - Cast	29	#84bd00	2022-01-05	Viral 50	is
4bLL8O04PMkzYpT4sC47kd	Ástin heldur vöku	Júlí Heiðar	30	#bd3200	2022-01-05	Viral 50	is
1SOClUWhOi8vHZYMz3GluK	Infinity	Jaymes Young	31	#bd3200	2022-01-05	Viral 50	is
4lACdvcECsrZT78LbR6bjU	Svart hár	ISSI	32	#84bd00	2022-01-05	Viral 50	is
2Q5q1q01KOdHt5fM00WUJ8	Colombia, Mi Encanto	Carlos Vives	33	#bd3200	2022-01-05	Viral 50	is
2CXNjqL7ewOt2bo5VCd1Lj	BACKROOM	Mike Dimes	34	#84bd00	2022-01-05	Viral 50	is
0WSlOSMLJWoWUpWci9nnRb	Cissy Strut	The Meters	35	#3e3e40	2022-01-05	Viral 50	is
2KMLGJ1mPfRE4GNdL92rl3	Toss A Coin To Your Witcher	Sonya Belousova, Giona Ostinelli, Joey Batey	36	#4687d7	2022-01-05	Viral 50	is
5dXWFMwD7I7zXsInONVl0H	I Hate U	SZA	37	#4687d7	2022-01-05	Viral 50	is
2gpWyfu7eZ01zzncHpxOtA	Moth To A Flame (with The Weeknd)	Swedish House Mafia	38	#84bd00	2022-01-05	Viral 50	is
2vXKRlJBXyOcvZYTdNeckS	Lost in the Fire (feat. The Weeknd)	Gesaffelstein	39	#84bd00	2022-01-05	Viral 50	is
0zCgWGmDF0aih5qexATyBn	After Dark	Mr.Kitty	40	#bd3200	2022-01-05	Viral 50	is
0V5cvmTKsYmF5FmGGEAfmS	Je te laisserai des mots	Patrick Watson	41	#bd3200	2022-01-05	Viral 50	is
1YC7llsHtz0ScDtiLEVHZG	Næsta	JóiPé, Króli, GDRN, SZK	42	#bd3200	2022-01-05	Viral 50	is
1EQFOouqdKYdpbNoOHRVO2	abcdefu (angrier)	GAYLE	43	#bd3200	2022-01-05	Viral 50	is
1dxcQA922vdRVtSlGunpGX	Fjólublátt ljós við barinn	Klíkan	44	#4687d7	2022-01-05	Viral 50	is
3veY63DgDUzZB44wMUQVz8	Styttist í það	Baggalútur	45	#bd3200	2022-01-05	Viral 50	is
55MIRLbZzpYSmMlRt9ZDWM	"30/90 (from ""tick, tick... BOOM!"" Soundtrack from the Netflix Film)"	Andrew Garfield, Joshua Henry, Vanessa Hudgens, Robin de Jesus, Alexandra Shipp, MJ Rodriguez	46	#bd3200	2022-01-05	Viral 50	is
1xIqDFx3KdByBnKMlTECcM	Coming for You (feat. A1 x J1)	SwitchOTR	47	#bd3200	2022-01-05	Viral 50	is
4zcjQawjkEucM9GbDcLKG4	Þorraþræll	Savanna tríóið	48	#4687d7	2022-01-05	Viral 50	is
21xzFXSL2XkZ2mIzDDAqTK	God Must Hate Me	Catie Turner	49	#4687d7	2022-01-05	Viral 50	is
3xGOOOPD2HjErQLyRFk5Wf	Helikopter	Fazlija	50	#4687d7	2022-01-05	Viral 50	is
52xJxFP6TqMuO4Yt0eOkMz	We Don't Talk About Bruno	Carolina Gaitán - La Gaita, Mauro Castillo, Adassa, Rhenzy Feliz, Diane Guerrero, Stephanie Beatriz, Encanto - Cast	1	#3e3e40	2022-01-06	Viral 50	is
760jhRscwGbIIe1m1IIQpU	Surface Pressure	Jessica Darrow	2	#3e3e40	2022-01-06	Viral 50	is
5rohUzwEoRsUvAA1Bf3DLo	Dos Oruguitas	Sebastian Yatra	3	#84bd00	2022-01-06	Viral 50	is
5Ts1DYOuouQLgzTaisxWYh	Love Grows (Where My Rosemary Goes)	Edison Lighthouse	4	#bd3200	2022-01-06	Viral 50	is
3nOz1U41SZZ0N3fuUWr9nb	I AM WOMAN	Emmy Meli	5	#bd3200	2022-01-06	Viral 50	is
20on25jryn53hWghthWWW3	Do It To It	ACRAZE, Cherish	6	#84bd00	2022-01-06	Viral 50	is
4fouWK6XVHhzl78KzQ1UjL	abcdefu	GAYLE	7	#3e3e40	2022-01-06	Viral 50	is
0hYFc3HSZHDaDzquLVRwBH	TO THE MOON	Jnr Choi	8	#84bd00	2022-01-06	Viral 50	is
2eppXfCeR7XaX7x2zkCBIw	Mér er drull	FLOTT	9	#3e3e40	2022-01-06	Viral 50	is
4SkkXTtocKccDPJjq4xutq	Ástarsæla	Júníus Meyvant	10	#84bd00	2022-01-06	Viral 50	is
2KnLkZ3z7PO3kgVGHGqDpD	It'll Be Okay	Shawn Mendes	11	#bd3200	2022-01-06	Viral 50	is
05EG9LwFCVjkoYEWzsrHHO	Legend	Tevvez	12	#84bd00	2022-01-06	Viral 50	is
4b1yxSdlumA8N4fEk4UOZp	The Family Madrigal	Stephanie Beatriz, Olga Merediz, Encanto - Cast	13	#84bd00	2022-01-06	Viral 50	is
4A8cWXxKfIL3lAyUDzXbCF	Super Gremlin	Kodak Black	14	#84bd00	2022-01-06	Viral 50	is
11iIikXxC6NP0Ma8vMD27x	Alien Blues	Vundabar	15	#84bd00	2022-01-06	Viral 50	is
62ke5zFUJN6RvtXZgVH0F8	Only Love Can Hurt Like This	Paloma Faith	16	#84bd00	2022-01-06	Viral 50	is
2ITtyZ2dPr76gr1Cp9N9BX	Árið fer í kvöld	Krakkaskaup RÚV	17	#84bd00	2022-01-06	Viral 50	is
2cx4iaLF05RyNUSlm0p3y4	Ekki Seena	Attan	18	#84bd00	2022-01-06	Viral 50	is
4nfpbsiYbB0TVBOeJ7X7Z0	"What A Life - From the Motion Picture ""Another Round"""	Scarlet Pleasure	19	#84bd00	2022-01-06	Viral 50	is
473VtdivFn87fWeLaqqWTr	Held í mér andanum (Áramótaskaup 2020)	Villi Neto	20	#bd3200	2022-01-06	Viral 50	is
35mBYyB61qTcGGj7MXIRM1	Cpr	cupcakKe	21	#bd3200	2022-01-06	Viral 50	is
2zpZkOV7sD9C4Cv0cukoHV	Always Been You	Jessie Murph	22	#84bd00	2022-01-06	Viral 50	is
23UrAQkpPDm0lyokbduSlN	Allir Með (feat. Egill Ólafsson)	Steindi Jr.	23	#bd3200	2022-01-06	Viral 50	is
6jHBzdq0by8m9DcQ6lL8VG	Með stjörnunum	Herbert Guðmundsson	24	#bd3200	2022-01-06	Viral 50	is
0WSlOSMLJWoWUpWci9nnRb	Cissy Strut	The Meters	25	#84bd00	2022-01-06	Viral 50	is
4X25mFLehFnxa1TwtLKcE2	All Of You	Stephanie Beatriz, Olga Merediz, John Leguizamo, Adassa, Maluma, Encanto - Cast	26	#84bd00	2022-01-06	Viral 50	is
2KMLGJ1mPfRE4GNdL92rl3	Toss A Coin To Your Witcher	Sonya Belousova, Giona Ostinelli, Joey Batey	27	#84bd00	2022-01-06	Viral 50	is
2Q5q1q01KOdHt5fM00WUJ8	Colombia, Mi Encanto	Carlos Vives	28	#84bd00	2022-01-06	Viral 50	is
1SOClUWhOi8vHZYMz3GluK	Infinity	Jaymes Young	29	#84bd00	2022-01-06	Viral 50	is
1r9xUipOqoNwggBpENDsvJ	Enemy (with JID) - from the series Arcane League of Legends	Imagine Dragons	30	#bd3200	2022-01-06	Viral 50	is
21xzFXSL2XkZ2mIzDDAqTK	God Must Hate Me	Catie Turner	31	#84bd00	2022-01-06	Viral 50	is
4lACdvcECsrZT78LbR6bjU	Svart hár	ISSI	32	#3e3e40	2022-01-06	Viral 50	is
18pZAkoz9eNXd6gpy48RQL	Shake	IShowSpeed, Aura The Scientist	33	#bd3200	2022-01-06	Viral 50	is
0V5cvmTKsYmF5FmGGEAfmS	Je te laisserai des mots	Patrick Watson	34	#84bd00	2022-01-06	Viral 50	is
623rRTKwGmgjH6sjE9uWLh	Scatman (ski-ba-bop-ba-dop-bop)	Scatman John	35	#4687d7	2022-01-06	Viral 50	is
2gpWyfu7eZ01zzncHpxOtA	Moth To A Flame (with The Weeknd)	Swedish House Mafia	36	#84bd00	2022-01-06	Viral 50	is
2vXKRlJBXyOcvZYTdNeckS	Lost in the Fire (feat. The Weeknd)	Gesaffelstein	37	#84bd00	2022-01-06	Viral 50	is
1dxcQA922vdRVtSlGunpGX	Fjólublátt ljós við barinn	Klíkan	38	#84bd00	2022-01-06	Viral 50	is
4SqWKzw0CbA05TGszDgMlc	I Love You So	The Walters	39	#4687d7	2022-01-06	Viral 50	is
3xGOOOPD2HjErQLyRFk5Wf	Helikopter	Fazlija	40	#84bd00	2022-01-06	Viral 50	is
55MIRLbZzpYSmMlRt9ZDWM	"30/90 (from ""tick, tick... BOOM!"" Soundtrack from the Netflix Film)"	Andrew Garfield, Joshua Henry, Vanessa Hudgens, Robin de Jesus, Alexandra Shipp, MJ Rodriguez	41	#84bd00	2022-01-06	Viral 50	is
2gQPv5jvVPqU2a9HhMNO1v	Toxic	BoyWithUke	42	#4687d7	2022-01-06	Viral 50	is
2Yxg7ajO1fYkp1cmlIQllx	Bára	Inspector Spacetime	43	#bd3200	2022-01-06	Viral 50	is
4bLL8O04PMkzYpT4sC47kd	Ástin heldur vöku	Júlí Heiðar	44	#bd3200	2022-01-06	Viral 50	is
1xIqDFx3KdByBnKMlTECcM	Coming for You (feat. A1 x J1)	SwitchOTR	45	#84bd00	2022-01-06	Viral 50	is
4zcjQawjkEucM9GbDcLKG4	Þorraþræll	Savanna tríóið	46	#84bd00	2022-01-06	Viral 50	is
2B4GHvToeLTOBB4QLzW3Ni	Pepas	Farruko	47	#4687d7	2022-01-06	Viral 50	is
1YC7llsHtz0ScDtiLEVHZG	Næsta	JóiPé, Króli, GDRN, SZK	48	#bd3200	2022-01-06	Viral 50	is
2AaJeBEq3WLcfFW1y8svDf	By Your Side	Rod Wave	49	#4687d7	2022-01-06	Viral 50	is
3BMqVk2NJbH4fxf84e8kDC	Swimming Pool	Marie Madeleine	50	#4687d7	2022-01-06	Viral 50	is
760jhRscwGbIIe1m1IIQpU	Surface Pressure	Jessica Darrow	1	#84bd00	2022-01-07	Viral 50	is
52xJxFP6TqMuO4Yt0eOkMz	We Don't Talk About Bruno	Carolina Gaitán - La Gaita, Mauro Castillo, Adassa, Rhenzy Feliz, Diane Guerrero, Stephanie Beatriz, Encanto - Cast	2	#bd3200	2022-01-07	Viral 50	is
5Ts1DYOuouQLgzTaisxWYh	Love Grows (Where My Rosemary Goes)	Edison Lighthouse	3	#84bd00	2022-01-07	Viral 50	is
5rohUzwEoRsUvAA1Bf3DLo	Dos Oruguitas	Sebastian Yatra	4	#bd3200	2022-01-07	Viral 50	is
3nOz1U41SZZ0N3fuUWr9nb	I AM WOMAN	Emmy Meli	5	#3e3e40	2022-01-07	Viral 50	is
4fouWK6XVHhzl78KzQ1UjL	abcdefu	GAYLE	6	#84bd00	2022-01-07	Viral 50	is
0hYFc3HSZHDaDzquLVRwBH	TO THE MOON	Jnr Choi	7	#84bd00	2022-01-07	Viral 50	is
20on25jryn53hWghthWWW3	Do It To It	ACRAZE, Cherish	8	#bd3200	2022-01-07	Viral 50	is
2KnLkZ3z7PO3kgVGHGqDpD	It'll Be Okay	Shawn Mendes	9	#84bd00	2022-01-07	Viral 50	is
4SkkXTtocKccDPJjq4xutq	Ástarsæla	Júníus Meyvant	10	#3e3e40	2022-01-07	Viral 50	is
11iIikXxC6NP0Ma8vMD27x	Alien Blues	Vundabar	11	#84bd00	2022-01-07	Viral 50	is
05EG9LwFCVjkoYEWzsrHHO	Legend	Tevvez	12	#3e3e40	2022-01-07	Viral 50	is
4b1yxSdlumA8N4fEk4UOZp	The Family Madrigal	Stephanie Beatriz, Olga Merediz, Encanto - Cast	13	#3e3e40	2022-01-07	Viral 50	is
62ke5zFUJN6RvtXZgVH0F8	Only Love Can Hurt Like This	Paloma Faith	14	#84bd00	2022-01-07	Viral 50	is
4A8cWXxKfIL3lAyUDzXbCF	Super Gremlin	Kodak Black	15	#bd3200	2022-01-07	Viral 50	is
4nfpbsiYbB0TVBOeJ7X7Z0	"What A Life - From the Motion Picture ""Another Round"""	Scarlet Pleasure	16	#84bd00	2022-01-07	Viral 50	is
2eppXfCeR7XaX7x2zkCBIw	Mér er drull	FLOTT	17	#bd3200	2022-01-07	Viral 50	is
6jHBzdq0by8m9DcQ6lL8VG	Með stjörnunum	Herbert Guðmundsson	18	#84bd00	2022-01-07	Viral 50	is
35mBYyB61qTcGGj7MXIRM1	Cpr	cupcakKe	19	#84bd00	2022-01-07	Viral 50	is
1r9xUipOqoNwggBpENDsvJ	Enemy (with JID) - from the series Arcane League of Legends	Imagine Dragons	20	#84bd00	2022-01-07	Viral 50	is
2zpZkOV7sD9C4Cv0cukoHV	Always Been You	Jessie Murph	21	#84bd00	2022-01-07	Viral 50	is
2cx4iaLF05RyNUSlm0p3y4	Ekki Seena	Attan	22	#bd3200	2022-01-07	Viral 50	is
21xzFXSL2XkZ2mIzDDAqTK	God Must Hate Me	Catie Turner	23	#84bd00	2022-01-07	Viral 50	is
0WSlOSMLJWoWUpWci9nnRb	Cissy Strut	The Meters	24	#84bd00	2022-01-07	Viral 50	is
0So2sgVa8aJiARPl2P29u2	Pope Is a Rockstar	SALES	25	#4687d7	2022-01-07	Viral 50	is
4X25mFLehFnxa1TwtLKcE2	All Of You	Stephanie Beatriz, Olga Merediz, John Leguizamo, Adassa, Maluma, Encanto - Cast	26	#3e3e40	2022-01-07	Viral 50	is
2Q5q1q01KOdHt5fM00WUJ8	Colombia, Mi Encanto	Carlos Vives	27	#84bd00	2022-01-07	Viral 50	is
2KMLGJ1mPfRE4GNdL92rl3	Toss A Coin To Your Witcher	Sonya Belousova, Giona Ostinelli, Joey Batey	28	#bd3200	2022-01-07	Viral 50	is
1xIqDFx3KdByBnKMlTECcM	Coming for You (feat. A1 x J1)	SwitchOTR	29	#84bd00	2022-01-07	Viral 50	is
1SOClUWhOi8vHZYMz3GluK	Infinity	Jaymes Young	30	#bd3200	2022-01-07	Viral 50	is
2IAR0DziHCjSu16gR4ihvy	Nothing	Bruno Major	31	#4687d7	2022-01-07	Viral 50	is
4lACdvcECsrZT78LbR6bjU	Svart hár	ISSI	32	#3e3e40	2022-01-07	Viral 50	is
473VtdivFn87fWeLaqqWTr	Held í mér andanum (Áramótaskaup 2020)	Villi Neto	33	#bd3200	2022-01-07	Viral 50	is
6jPVyjPqp2BNUJnDSwm8tK	Two Oruguitas	Sebastian Yatra	34	#4687d7	2022-01-07	Viral 50	is
4bLL8O04PMkzYpT4sC47kd	Ástin heldur vöku	Júlí Heiðar	35	#84bd00	2022-01-07	Viral 50	is
463r5bsN1VqGXtaMctn4Rr	It's Been So Long	The Living Tombstone	36	#4687d7	2022-01-07	Viral 50	is
7AVyve7cFYTd51ha5i9kE2	Down Under (feat. Colin Hay)	Luude	37	#4687d7	2022-01-07	Viral 50	is
3xGOOOPD2HjErQLyRFk5Wf	Helikopter	Fazlija	38	#84bd00	2022-01-07	Viral 50	is
2gpWyfu7eZ01zzncHpxOtA	Moth To A Flame (with The Weeknd)	Swedish House Mafia	39	#bd3200	2022-01-07	Viral 50	is
1dxcQA922vdRVtSlGunpGX	Fjólublátt ljós við barinn	Klíkan	40	#bd3200	2022-01-07	Viral 50	is
0V5cvmTKsYmF5FmGGEAfmS	Je te laisserai des mots	Patrick Watson	41	#bd3200	2022-01-07	Viral 50	is
4SqWKzw0CbA05TGszDgMlc	I Love You So	The Walters	42	#bd3200	2022-01-07	Viral 50	is
55MIRLbZzpYSmMlRt9ZDWM	"30/90 (from ""tick, tick... BOOM!"" Soundtrack from the Netflix Film)"	Andrew Garfield, Joshua Henry, Vanessa Hudgens, Robin de Jesus, Alexandra Shipp, MJ Rodriguez	43	#bd3200	2022-01-07	Viral 50	is
2gQPv5jvVPqU2a9HhMNO1v	Toxic	BoyWithUke	44	#bd3200	2022-01-07	Viral 50	is
0sTlGEld0h8kIPZaKDYUf4	Notion	The Rare Occasions	45	#4687d7	2022-01-07	Viral 50	is
2AaJeBEq3WLcfFW1y8svDf	By Your Side	Rod Wave	46	#84bd00	2022-01-07	Viral 50	is
2WYs5LxOZfEyURXu7V0O1a	Stay With Me	1nonly	47	#4687d7	2022-01-07	Viral 50	is
3BMqVk2NJbH4fxf84e8kDC	Swimming Pool	Marie Madeleine	48	#84bd00	2022-01-07	Viral 50	is
1EQFOouqdKYdpbNoOHRVO2	abcdefu (angrier)	GAYLE	49	#4687d7	2022-01-07	Viral 50	is
6lknMmJZALXxx7emwwZWLX	Frozen	Madonna, Sickick	50	#4687d7	2022-01-07	Viral 50	is
760jhRscwGbIIe1m1IIQpU	Surface Pressure	Jessica Darrow	1	#3e3e40	2022-01-08	Viral 50	is
52xJxFP6TqMuO4Yt0eOkMz	We Don't Talk About Bruno	Carolina Gaitán - La Gaita, Mauro Castillo, Adassa, Rhenzy Feliz, Diane Guerrero, Stephanie Beatriz, Encanto - Cast	2	#3e3e40	2022-01-08	Viral 50	is
5Ts1DYOuouQLgzTaisxWYh	Love Grows (Where My Rosemary Goes)	Edison Lighthouse	3	#3e3e40	2022-01-08	Viral 50	is
3nOz1U41SZZ0N3fuUWr9nb	I AM WOMAN	Emmy Meli	4	#84bd00	2022-01-08	Viral 50	is
5rohUzwEoRsUvAA1Bf3DLo	Dos Oruguitas	Sebastian Yatra	5	#bd3200	2022-01-08	Viral 50	is
2KnLkZ3z7PO3kgVGHGqDpD	It'll Be Okay	Shawn Mendes	6	#84bd00	2022-01-08	Viral 50	is
4fouWK6XVHhzl78KzQ1UjL	abcdefu	GAYLE	7	#bd3200	2022-01-08	Viral 50	is
0hYFc3HSZHDaDzquLVRwBH	TO THE MOON	Jnr Choi	8	#bd3200	2022-01-08	Viral 50	is
4SkkXTtocKccDPJjq4xutq	Ástarsæla	Júníus Meyvant	9	#84bd00	2022-01-08	Viral 50	is
20on25jryn53hWghthWWW3	Do It To It	ACRAZE, Cherish	10	#bd3200	2022-01-08	Viral 50	is
62ke5zFUJN6RvtXZgVH0F8	Only Love Can Hurt Like This	Paloma Faith	11	#84bd00	2022-01-08	Viral 50	is
4b1yxSdlumA8N4fEk4UOZp	The Family Madrigal	Stephanie Beatriz, Olga Merediz, Encanto - Cast	12	#84bd00	2022-01-08	Viral 50	is
11iIikXxC6NP0Ma8vMD27x	Alien Blues	Vundabar	13	#bd3200	2022-01-08	Viral 50	is
4A8cWXxKfIL3lAyUDzXbCF	Super Gremlin	Kodak Black	14	#84bd00	2022-01-08	Viral 50	is
05EG9LwFCVjkoYEWzsrHHO	Legend	Tevvez	15	#bd3200	2022-01-08	Viral 50	is
6jHBzdq0by8m9DcQ6lL8VG	Með stjörnunum	Herbert Guðmundsson	16	#84bd00	2022-01-08	Viral 50	is
35mBYyB61qTcGGj7MXIRM1	Cpr	cupcakKe	17	#84bd00	2022-01-08	Viral 50	is
3oRW9ZGPRbLRMneQ5lwflt	Waiting On A Miracle	Stephanie Beatriz	18	#4687d7	2022-01-08	Viral 50	is
4nfpbsiYbB0TVBOeJ7X7Z0	"What A Life - From the Motion Picture ""Another Round"""	Scarlet Pleasure	19	#bd3200	2022-01-08	Viral 50	is
1r9xUipOqoNwggBpENDsvJ	Enemy (with JID) - from the series Arcane League of Legends	Imagine Dragons	20	#3e3e40	2022-01-08	Viral 50	is
7AVyve7cFYTd51ha5i9kE2	Down Under (feat. Colin Hay)	Luude	21	#84bd00	2022-01-08	Viral 50	is
2cx4iaLF05RyNUSlm0p3y4	Ekki Seena	Attan	22	#3e3e40	2022-01-08	Viral 50	is
2KMLGJ1mPfRE4GNdL92rl3	Toss A Coin To Your Witcher	Sonya Belousova, Giona Ostinelli, Joey Batey	23	#84bd00	2022-01-08	Viral 50	is
4X25mFLehFnxa1TwtLKcE2	All Of You	Stephanie Beatriz, Olga Merediz, John Leguizamo, Adassa, Maluma, Encanto - Cast	24	#84bd00	2022-01-08	Viral 50	is
0So2sgVa8aJiARPl2P29u2	Pope Is a Rockstar	SALES	25	#3e3e40	2022-01-08	Viral 50	is
0WSlOSMLJWoWUpWci9nnRb	Cissy Strut	The Meters	26	#bd3200	2022-01-08	Viral 50	is
7es56D0QedGMsK39wl2yFX	Happier Than Ever	ASTN	27	#4687d7	2022-01-08	Viral 50	is
21xzFXSL2XkZ2mIzDDAqTK	God Must Hate Me	Catie Turner	28	#bd3200	2022-01-08	Viral 50	is
1xIqDFx3KdByBnKMlTECcM	Coming for You (feat. A1 x J1)	SwitchOTR	29	#3e3e40	2022-01-08	Viral 50	is
463r5bsN1VqGXtaMctn4Rr	It's Been So Long	The Living Tombstone	30	#84bd00	2022-01-08	Viral 50	is
2IAR0DziHCjSu16gR4ihvy	Nothing	Bruno Major	31	#3e3e40	2022-01-08	Viral 50	is
4lACdvcECsrZT78LbR6bjU	Svart hár	ISSI	32	#3e3e40	2022-01-08	Viral 50	is
4bLL8O04PMkzYpT4sC47kd	Ástin heldur vöku	Júlí Heiðar	33	#84bd00	2022-01-08	Viral 50	is
2zpZkOV7sD9C4Cv0cukoHV	Always Been You	Jessie Murph	34	#bd3200	2022-01-08	Viral 50	is
3dMPfZLIVv662b5xJkKJdX	Shake	yossiking	35	#4687d7	2022-01-08	Viral 50	is
2gpWyfu7eZ01zzncHpxOtA	Moth To A Flame (with The Weeknd)	Swedish House Mafia	36	#84bd00	2022-01-08	Viral 50	is
1dxcQA922vdRVtSlGunpGX	Fjólublátt ljós við barinn	Klíkan	37	#84bd00	2022-01-08	Viral 50	is
5dXWFMwD7I7zXsInONVl0H	I Hate U	SZA	38	#4687d7	2022-01-08	Viral 50	is
3xGOOOPD2HjErQLyRFk5Wf	Helikopter	Fazlija	39	#bd3200	2022-01-08	Viral 50	is
0V5cvmTKsYmF5FmGGEAfmS	Je te laisserai des mots	Patrick Watson	40	#84bd00	2022-01-08	Viral 50	is
4SqWKzw0CbA05TGszDgMlc	I Love You So	The Walters	41	#84bd00	2022-01-08	Viral 50	is
55MIRLbZzpYSmMlRt9ZDWM	"30/90 (from ""tick, tick... BOOM!"" Soundtrack from the Netflix Film)"	Andrew Garfield, Joshua Henry, Vanessa Hudgens, Robin de Jesus, Alexandra Shipp, MJ Rodriguez	42	#84bd00	2022-01-08	Viral 50	is
1SOClUWhOi8vHZYMz3GluK	Infinity	Jaymes Young	43	#bd3200	2022-01-08	Viral 50	is
473VtdivFn87fWeLaqqWTr	Held í mér andanum (Áramótaskaup 2020)	Villi Neto	44	#bd3200	2022-01-08	Viral 50	is
2gQPv5jvVPqU2a9HhMNO1v	Toxic	BoyWithUke	45	#bd3200	2022-01-08	Viral 50	is
2Hph3X77ySNgBCIak5CMc6	too easy	Gunna, Future	46	#4687d7	2022-01-08	Viral 50	is
0IzM8sxWJMvAcMEwGa2UDj	Planið	ISSI	47	#4687d7	2022-01-08	Viral 50	is
6lknMmJZALXxx7emwwZWLX	Frozen	Madonna, Sickick	48	#84bd00	2022-01-08	Viral 50	is
6jPVyjPqp2BNUJnDSwm8tK	Two Oruguitas	Sebastian Yatra	49	#bd3200	2022-01-08	Viral 50	is
3hRV0jL3vUpRrcy398teAU	The Night We Met	Lord Huron	50	#4687d7	2022-01-08	Viral 50	is
760jhRscwGbIIe1m1IIQpU	Surface Pressure	Jessica Darrow	1	#3e3e40	2022-01-09	Viral 50	is
52xJxFP6TqMuO4Yt0eOkMz	We Don't Talk About Bruno	Carolina Gaitán - La Gaita, Mauro Castillo, Adassa, Rhenzy Feliz, Diane Guerrero, Stephanie Beatriz, Encanto - Cast	2	#3e3e40	2022-01-09	Viral 50	is
3nOz1U41SZZ0N3fuUWr9nb	I AM WOMAN	Emmy Meli	3	#84bd00	2022-01-09	Viral 50	is
5rohUzwEoRsUvAA1Bf3DLo	Dos Oruguitas	Sebastian Yatra	4	#84bd00	2022-01-09	Viral 50	is
5Ts1DYOuouQLgzTaisxWYh	Love Grows (Where My Rosemary Goes)	Edison Lighthouse	5	#bd3200	2022-01-09	Viral 50	is
4fouWK6XVHhzl78KzQ1UjL	abcdefu	GAYLE	6	#84bd00	2022-01-09	Viral 50	is
2KnLkZ3z7PO3kgVGHGqDpD	It'll Be Okay	Shawn Mendes	7	#bd3200	2022-01-09	Viral 50	is
0hYFc3HSZHDaDzquLVRwBH	TO THE MOON	Jnr Choi	8	#3e3e40	2022-01-09	Viral 50	is
4SkkXTtocKccDPJjq4xutq	Ástarsæla	Júníus Meyvant	9	#3e3e40	2022-01-09	Viral 50	is
20on25jryn53hWghthWWW3	Do It To It	ACRAZE, Cherish	10	#3e3e40	2022-01-09	Viral 50	is
3oRW9ZGPRbLRMneQ5lwflt	Waiting On A Miracle	Stephanie Beatriz	11	#84bd00	2022-01-09	Viral 50	is
7AVyve7cFYTd51ha5i9kE2	Down Under (feat. Colin Hay)	Luude	12	#84bd00	2022-01-09	Viral 50	is
62ke5zFUJN6RvtXZgVH0F8	Only Love Can Hurt Like This	Paloma Faith	13	#bd3200	2022-01-09	Viral 50	is
6jHBzdq0by8m9DcQ6lL8VG	Með stjörnunum	Herbert Guðmundsson	14	#84bd00	2022-01-09	Viral 50	is
05EG9LwFCVjkoYEWzsrHHO	Legend	Tevvez	15	#3e3e40	2022-01-09	Viral 50	is
4b1yxSdlumA8N4fEk4UOZp	The Family Madrigal	Stephanie Beatriz, Olga Merediz, Encanto - Cast	16	#bd3200	2022-01-09	Viral 50	is
35mBYyB61qTcGGj7MXIRM1	Cpr	cupcakKe	17	#3e3e40	2022-01-09	Viral 50	is
4A8cWXxKfIL3lAyUDzXbCF	Super Gremlin	Kodak Black	18	#bd3200	2022-01-09	Viral 50	is
11iIikXxC6NP0Ma8vMD27x	Alien Blues	Vundabar	19	#bd3200	2022-01-09	Viral 50	is
2cx4iaLF05RyNUSlm0p3y4	Ekki Seena	Attan	20	#84bd00	2022-01-09	Viral 50	is
1r9xUipOqoNwggBpENDsvJ	Enemy (with JID) - from the series Arcane League of Legends	Imagine Dragons	21	#bd3200	2022-01-09	Viral 50	is
4X25mFLehFnxa1TwtLKcE2	All Of You	Stephanie Beatriz, Olga Merediz, John Leguizamo, Adassa, Maluma, Encanto - Cast	22	#84bd00	2022-01-09	Viral 50	is
2KMLGJ1mPfRE4GNdL92rl3	Toss A Coin To Your Witcher	Sonya Belousova, Giona Ostinelli, Joey Batey	23	#3e3e40	2022-01-09	Viral 50	is
2Q5q1q01KOdHt5fM00WUJ8	Colombia, Mi Encanto	Carlos Vives	24	#4687d7	2022-01-09	Viral 50	is
0So2sgVa8aJiARPl2P29u2	Pope Is a Rockstar	SALES	25	#3e3e40	2022-01-09	Viral 50	is
2IAR0DziHCjSu16gR4ihvy	Nothing	Bruno Major	26	#84bd00	2022-01-09	Viral 50	is
463r5bsN1VqGXtaMctn4Rr	It's Been So Long	The Living Tombstone	27	#84bd00	2022-01-09	Viral 50	is
7es56D0QedGMsK39wl2yFX	Happier Than Ever	ASTN	28	#bd3200	2022-01-09	Viral 50	is
21xzFXSL2XkZ2mIzDDAqTK	God Must Hate Me	Catie Turner	29	#bd3200	2022-01-09	Viral 50	is
5dXWFMwD7I7zXsInONVl0H	I Hate U	SZA	30	#84bd00	2022-01-09	Viral 50	is
2gpWyfu7eZ01zzncHpxOtA	Moth To A Flame (with The Weeknd)	Swedish House Mafia	31	#84bd00	2022-01-09	Viral 50	is
1xIqDFx3KdByBnKMlTECcM	Coming for You (feat. A1 x J1)	SwitchOTR	32	#bd3200	2022-01-09	Viral 50	is
1SOClUWhOi8vHZYMz3GluK	Infinity	Jaymes Young	33	#84bd00	2022-01-09	Viral 50	is
1dxcQA922vdRVtSlGunpGX	Fjólublátt ljós við barinn	Klíkan	34	#84bd00	2022-01-09	Viral 50	is
2zpZkOV7sD9C4Cv0cukoHV	Always Been You	Jessie Murph	35	#bd3200	2022-01-09	Viral 50	is
4bLL8O04PMkzYpT4sC47kd	Ástin heldur vöku	Júlí Heiðar	36	#bd3200	2022-01-09	Viral 50	is
2B4GHvToeLTOBB4QLzW3Ni	Pepas	Farruko	37	#4687d7	2022-01-09	Viral 50	is
4nfpbsiYbB0TVBOeJ7X7Z0	"What A Life - From the Motion Picture ""Another Round"""	Scarlet Pleasure	38	#bd3200	2022-01-09	Viral 50	is
3dMPfZLIVv662b5xJkKJdX	Shake	yossiking	39	#bd3200	2022-01-09	Viral 50	is
4SqWKzw0CbA05TGszDgMlc	I Love You So	The Walters	40	#84bd00	2022-01-09	Viral 50	is
0V5cvmTKsYmF5FmGGEAfmS	Je te laisserai des mots	Patrick Watson	41	#bd3200	2022-01-09	Viral 50	is
6GomT970rCOkKAyyrwJeZi	Move Your Body	Öwnboss, Sevek	42	#4687d7	2022-01-09	Viral 50	is
2Hph3X77ySNgBCIak5CMc6	too easy	Gunna, Future	43	#84bd00	2022-01-09	Viral 50	is
58eOTmtMDTcTxRPXbZAvcR	too easy (Remix) [feat. Future & Roddy Ricch]	Gunna	44	#4687d7	2022-01-09	Viral 50	is
473VtdivFn87fWeLaqqWTr	Held í mér andanum (Áramótaskaup 2020)	Villi Neto	45	#bd3200	2022-01-09	Viral 50	is
3xGOOOPD2HjErQLyRFk5Wf	Helikopter	Fazlija	46	#bd3200	2022-01-09	Viral 50	is
3ZBeHiRJUj1vdiU8zzGPgb	WYD Now?	Sadie Jean	47	#4687d7	2022-01-09	Viral 50	is
6jPVyjPqp2BNUJnDSwm8tK	Two Oruguitas	Sebastian Yatra	48	#84bd00	2022-01-09	Viral 50	is
6M47gaKejso9772SKTa3yH	Face Off	Tech N9ne, Joey Cool, King Iso, Dwayne Johnson	49	#4687d7	2022-01-09	Viral 50	is
2K7xn816oNHJZ0aVqdQsha	Softcore	The Neighbourhood	50	#4687d7	2022-01-09	Viral 50	is
760jhRscwGbIIe1m1IIQpU	Surface Pressure	Jessica Darrow	1	#3e3e40	2022-01-10	Viral 50	is
52xJxFP6TqMuO4Yt0eOkMz	We Don't Talk About Bruno	Carolina Gaitán - La Gaita, Mauro Castillo, Adassa, Rhenzy Feliz, Diane Guerrero, Stephanie Beatriz, Encanto - Cast	2	#3e3e40	2022-01-10	Viral 50	is
5Ts1DYOuouQLgzTaisxWYh	Love Grows (Where My Rosemary Goes)	Edison Lighthouse	3	#84bd00	2022-01-10	Viral 50	is
5rohUzwEoRsUvAA1Bf3DLo	Dos Oruguitas	Sebastian Yatra	4	#3e3e40	2022-01-10	Viral 50	is
3nOz1U41SZZ0N3fuUWr9nb	I AM WOMAN	Emmy Meli	5	#bd3200	2022-01-10	Viral 50	is
2KnLkZ3z7PO3kgVGHGqDpD	It'll Be Okay	Shawn Mendes	6	#84bd00	2022-01-10	Viral 50	is
0hYFc3HSZHDaDzquLVRwBH	TO THE MOON	Jnr Choi	7	#84bd00	2022-01-10	Viral 50	is
4fouWK6XVHhzl78KzQ1UjL	abcdefu	GAYLE	8	#bd3200	2022-01-10	Viral 50	is
4SkkXTtocKccDPJjq4xutq	Ástarsæla	Júníus Meyvant	9	#3e3e40	2022-01-10	Viral 50	is
3oRW9ZGPRbLRMneQ5lwflt	Waiting On A Miracle	Stephanie Beatriz	10	#84bd00	2022-01-10	Viral 50	is
7AVyve7cFYTd51ha5i9kE2	Down Under (feat. Colin Hay)	Luude	11	#84bd00	2022-01-10	Viral 50	is
4b1yxSdlumA8N4fEk4UOZp	The Family Madrigal	Stephanie Beatriz, Olga Merediz, Encanto - Cast	12	#84bd00	2022-01-10	Viral 50	is
62ke5zFUJN6RvtXZgVH0F8	Only Love Can Hurt Like This	Paloma Faith	13	#3e3e40	2022-01-10	Viral 50	is
20on25jryn53hWghthWWW3	Do It To It	ACRAZE, Cherish	14	#bd3200	2022-01-10	Viral 50	is
35mBYyB61qTcGGj7MXIRM1	Cpr	cupcakKe	15	#84bd00	2022-01-10	Viral 50	is
6jHBzdq0by8m9DcQ6lL8VG	Með stjörnunum	Herbert Guðmundsson	16	#bd3200	2022-01-10	Viral 50	is
6Hp57iv0VLGgmWyOFx8iUm	"Burn Butcher Burn - from ""The Witcher: Season 2"" Soundtrack"	Joseph Trapanese, Joey Batey	17	#4687d7	2022-01-10	Viral 50	is
2zpZkOV7sD9C4Cv0cukoHV	Always Been You	Jessie Murph	18	#84bd00	2022-01-10	Viral 50	is
05EG9LwFCVjkoYEWzsrHHO	Legend	Tevvez	19	#bd3200	2022-01-10	Viral 50	is
2KMLGJ1mPfRE4GNdL92rl3	Toss A Coin To Your Witcher	Sonya Belousova, Giona Ostinelli, Joey Batey	20	#84bd00	2022-01-10	Viral 50	is
7es56D0QedGMsK39wl2yFX	Happier Than Ever	ASTN	21	#84bd00	2022-01-10	Viral 50	is
4X25mFLehFnxa1TwtLKcE2	All Of You	Stephanie Beatriz, Olga Merediz, John Leguizamo, Adassa, Maluma, Encanto - Cast	22	#3e3e40	2022-01-10	Viral 50	is
4A8cWXxKfIL3lAyUDzXbCF	Super Gremlin	Kodak Black	23	#bd3200	2022-01-10	Viral 50	is
463r5bsN1VqGXtaMctn4Rr	It's Been So Long	The Living Tombstone	24	#84bd00	2022-01-10	Viral 50	is
2Q5q1q01KOdHt5fM00WUJ8	Colombia, Mi Encanto	Carlos Vives	25	#bd3200	2022-01-10	Viral 50	is
2cx4iaLF05RyNUSlm0p3y4	Ekki Seena	Attan	26	#bd3200	2022-01-10	Viral 50	is
2gpWyfu7eZ01zzncHpxOtA	Moth To A Flame (with The Weeknd)	Swedish House Mafia	27	#84bd00	2022-01-10	Viral 50	is
1r9xUipOqoNwggBpENDsvJ	Enemy (with JID) - from the series Arcane League of Legends	Imagine Dragons	28	#bd3200	2022-01-10	Viral 50	is
6GomT970rCOkKAyyrwJeZi	Move Your Body	Öwnboss, Sevek	29	#84bd00	2022-01-10	Viral 50	is
0V5cvmTKsYmF5FmGGEAfmS	Je te laisserai des mots	Patrick Watson	30	#84bd00	2022-01-10	Viral 50	is
11iIikXxC6NP0Ma8vMD27x	Alien Blues	Vundabar	31	#bd3200	2022-01-10	Viral 50	is
2IAR0DziHCjSu16gR4ihvy	Nothing	Bruno Major	32	#bd3200	2022-01-10	Viral 50	is
2B4GHvToeLTOBB4QLzW3Ni	Pepas	Farruko	33	#84bd00	2022-01-10	Viral 50	is
4bLL8O04PMkzYpT4sC47kd	Ástin heldur vöku	Júlí Heiðar	34	#84bd00	2022-01-10	Viral 50	is
1xIqDFx3KdByBnKMlTECcM	Coming for You (feat. A1 x J1)	SwitchOTR	35	#bd3200	2022-01-10	Viral 50	is
1dxcQA922vdRVtSlGunpGX	Fjólublátt ljós við barinn	Klíkan	36	#bd3200	2022-01-10	Viral 50	is
1SOClUWhOi8vHZYMz3GluK	Infinity	Jaymes Young	37	#bd3200	2022-01-10	Viral 50	is
3dMPfZLIVv662b5xJkKJdX	Shake	yossiking	38	#84bd00	2022-01-10	Viral 50	is
21xzFXSL2XkZ2mIzDDAqTK	God Must Hate Me	Catie Turner	39	#bd3200	2022-01-10	Viral 50	is
2Hph3X77ySNgBCIak5CMc6	too easy	Gunna, Future	40	#84bd00	2022-01-10	Viral 50	is
58eOTmtMDTcTxRPXbZAvcR	too easy (Remix) [feat. Future & Roddy Ricch]	Gunna	41	#84bd00	2022-01-10	Viral 50	is
5dXWFMwD7I7zXsInONVl0H	I Hate U	SZA	42	#bd3200	2022-01-10	Viral 50	is
1WGmhglF1ghRiHsx4YUq86	Love & War	Kodak Black	43	#4687d7	2022-01-10	Viral 50	is
4nfpbsiYbB0TVBOeJ7X7Z0	"What A Life - From the Motion Picture ""Another Round"""	Scarlet Pleasure	44	#bd3200	2022-01-10	Viral 50	is
4SqWKzw0CbA05TGszDgMlc	I Love You So	The Walters	45	#bd3200	2022-01-10	Viral 50	is
6jPVyjPqp2BNUJnDSwm8tK	Two Oruguitas	Sebastian Yatra	46	#84bd00	2022-01-10	Viral 50	is
0So2sgVa8aJiARPl2P29u2	Pope Is a Rockstar	SALES	47	#bd3200	2022-01-10	Viral 50	is
3ZBeHiRJUj1vdiU8zzGPgb	WYD Now?	Sadie Jean	48	#bd3200	2022-01-10	Viral 50	is
5TMLavqGRKNxgzMBrVpC9R	Mon Amour - Remix	zzoilo, Aitana	49	#4687d7	2022-01-10	Viral 50	is
3GsQ0jSw8803wGtchonp6N	1989	Haukur H	50	#4687d7	2022-01-10	Viral 50	is
760jhRscwGbIIe1m1IIQpU	Surface Pressure	Jessica Darrow	1	#3e3e40	2022-01-11	Viral 50	is
52xJxFP6TqMuO4Yt0eOkMz	We Don't Talk About Bruno	Carolina Gaitán - La Gaita, Mauro Castillo, Adassa, Rhenzy Feliz, Diane Guerrero, Stephanie Beatriz, Encanto - Cast	2	#3e3e40	2022-01-11	Viral 50	is
5Ts1DYOuouQLgzTaisxWYh	Love Grows (Where My Rosemary Goes)	Edison Lighthouse	3	#3e3e40	2022-01-11	Viral 50	is
5rohUzwEoRsUvAA1Bf3DLo	Dos Oruguitas	Sebastian Yatra	4	#3e3e40	2022-01-11	Viral 50	is
3nOz1U41SZZ0N3fuUWr9nb	I AM WOMAN	Emmy Meli	5	#3e3e40	2022-01-11	Viral 50	is
7AVyve7cFYTd51ha5i9kE2	Down Under (feat. Colin Hay)	Luude	6	#84bd00	2022-01-11	Viral 50	is
4fouWK6XVHhzl78KzQ1UjL	abcdefu	GAYLE	7	#84bd00	2022-01-11	Viral 50	is
4SkkXTtocKccDPJjq4xutq	Ástarsæla	Júníus Meyvant	8	#84bd00	2022-01-11	Viral 50	is
0hYFc3HSZHDaDzquLVRwBH	TO THE MOON	Jnr Choi	9	#bd3200	2022-01-11	Viral 50	is
2KnLkZ3z7PO3kgVGHGqDpD	It'll Be Okay	Shawn Mendes	10	#bd3200	2022-01-11	Viral 50	is
3oRW9ZGPRbLRMneQ5lwflt	Waiting On A Miracle	Stephanie Beatriz	11	#bd3200	2022-01-11	Viral 50	is
4b1yxSdlumA8N4fEk4UOZp	The Family Madrigal	Stephanie Beatriz, Olga Merediz, Encanto - Cast	12	#3e3e40	2022-01-11	Viral 50	is
20on25jryn53hWghthWWW3	Do It To It	ACRAZE, Cherish	13	#84bd00	2022-01-11	Viral 50	is
62ke5zFUJN6RvtXZgVH0F8	Only Love Can Hurt Like This	Paloma Faith	14	#bd3200	2022-01-11	Viral 50	is
35mBYyB61qTcGGj7MXIRM1	Cpr	cupcakKe	15	#3e3e40	2022-01-11	Viral 50	is
6jHBzdq0by8m9DcQ6lL8VG	Með stjörnunum	Herbert Guðmundsson	16	#3e3e40	2022-01-11	Viral 50	is
2zpZkOV7sD9C4Cv0cukoHV	Always Been You	Jessie Murph	17	#84bd00	2022-01-11	Viral 50	is
05EG9LwFCVjkoYEWzsrHHO	Legend	Tevvez	18	#84bd00	2022-01-11	Viral 50	is
7es56D0QedGMsK39wl2yFX	Happier Than Ever	ASTN	19	#84bd00	2022-01-11	Viral 50	is
6Hp57iv0VLGgmWyOFx8iUm	"Burn Butcher Burn - from ""The Witcher: Season 2"" Soundtrack"	Joseph Trapanese, Joey Batey	20	#bd3200	2022-01-11	Viral 50	is
2Q5q1q01KOdHt5fM00WUJ8	Colombia, Mi Encanto	Carlos Vives	21	#84bd00	2022-01-11	Viral 50	is
2KMLGJ1mPfRE4GNdL92rl3	Toss A Coin To Your Witcher	Sonya Belousova, Giona Ostinelli, Joey Batey	22	#bd3200	2022-01-11	Viral 50	is
463r5bsN1VqGXtaMctn4Rr	It's Been So Long	The Living Tombstone	23	#84bd00	2022-01-11	Viral 50	is
1r9xUipOqoNwggBpENDsvJ	Enemy (with JID) - from the series Arcane League of Legends	Imagine Dragons	24	#84bd00	2022-01-11	Viral 50	is
6GomT970rCOkKAyyrwJeZi	Move Your Body	Öwnboss, Sevek	25	#84bd00	2022-01-11	Viral 50	is
2cx4iaLF05RyNUSlm0p3y4	Ekki Seena	Attan	26	#3e3e40	2022-01-11	Viral 50	is
4A8cWXxKfIL3lAyUDzXbCF	Super Gremlin	Kodak Black	27	#bd3200	2022-01-11	Viral 50	is
1SOClUWhOi8vHZYMz3GluK	Infinity	Jaymes Young	28	#84bd00	2022-01-11	Viral 50	is
2Hph3X77ySNgBCIak5CMc6	too easy	Gunna, Future	29	#84bd00	2022-01-11	Viral 50	is
2K7xn816oNHJZ0aVqdQsha	Softcore	The Neighbourhood	30	#4687d7	2022-01-11	Viral 50	is
2IAR0DziHCjSu16gR4ihvy	Nothing	Bruno Major	31	#84bd00	2022-01-11	Viral 50	is
4bLL8O04PMkzYpT4sC47kd	Ástin heldur vöku	Júlí Heiðar	32	#84bd00	2022-01-11	Viral 50	is
2B4GHvToeLTOBB4QLzW3Ni	Pepas	Farruko	33	#3e3e40	2022-01-11	Viral 50	is
1xIqDFx3KdByBnKMlTECcM	Coming for You (feat. A1 x J1)	SwitchOTR	34	#84bd00	2022-01-11	Viral 50	is
0V5cvmTKsYmF5FmGGEAfmS	Je te laisserai des mots	Patrick Watson	35	#bd3200	2022-01-11	Viral 50	is
58eOTmtMDTcTxRPXbZAvcR	too easy (Remix) [feat. Future & Roddy Ricch]	Gunna	36	#84bd00	2022-01-11	Viral 50	is
21xzFXSL2XkZ2mIzDDAqTK	God Must Hate Me	Catie Turner	37	#84bd00	2022-01-11	Viral 50	is
1dxcQA922vdRVtSlGunpGX	Fjólublátt ljós við barinn	Klíkan	38	#bd3200	2022-01-11	Viral 50	is
2gpWyfu7eZ01zzncHpxOtA	Moth To A Flame (with The Weeknd)	Swedish House Mafia	39	#bd3200	2022-01-11	Viral 50	is
5TMLavqGRKNxgzMBrVpC9R	Mon Amour - Remix	zzoilo, Aitana	40	#84bd00	2022-01-11	Viral 50	is
1WGmhglF1ghRiHsx4YUq86	Love & War	Kodak Black	41	#84bd00	2022-01-11	Viral 50	is
3dMPfZLIVv662b5xJkKJdX	Shake	yossiking	42	#bd3200	2022-01-11	Viral 50	is
5dXWFMwD7I7zXsInONVl0H	I Hate U	SZA	43	#bd3200	2022-01-11	Viral 50	is
7uLFOXgLrS90tEYPO1DGXy	Man in the Mirror	A Boogie Wit da Hoodie	44	#4687d7	2022-01-11	Viral 50	is
6jPVyjPqp2BNUJnDSwm8tK	Two Oruguitas	Sebastian Yatra	45	#84bd00	2022-01-11	Viral 50	is
73rusSG4BflgMx84QD3X99	Daily Duppy, Pt. 1	Kwengface	46	#4687d7	2022-01-11	Viral 50	is
4SqWKzw0CbA05TGszDgMlc	I Love You So	The Walters	47	#bd3200	2022-01-11	Viral 50	is
3ZBeHiRJUj1vdiU8zzGPgb	WYD Now?	Sadie Jean	48	#3e3e40	2022-01-11	Viral 50	is
6lknMmJZALXxx7emwwZWLX	Frozen	Madonna, Sickick	49	#4687d7	2022-01-11	Viral 50	is
4nfpbsiYbB0TVBOeJ7X7Z0	"What A Life - From the Motion Picture ""Another Round"""	Scarlet Pleasure	50	#bd3200	2022-01-11	Viral 50	is
52xJxFP6TqMuO4Yt0eOkMz	We Don't Talk About Bruno	Carolina Gaitán - La Gaita, Mauro Castillo, Adassa, Rhenzy Feliz, Diane Guerrero, Stephanie Beatriz, Encanto - Cast	1	#84bd00	2022-01-12	Viral 50	is
760jhRscwGbIIe1m1IIQpU	Surface Pressure	Jessica Darrow	2	#bd3200	2022-01-12	Viral 50	is
5Ts1DYOuouQLgzTaisxWYh	Love Grows (Where My Rosemary Goes)	Edison Lighthouse	3	#3e3e40	2022-01-12	Viral 50	is
5rohUzwEoRsUvAA1Bf3DLo	Dos Oruguitas	Sebastian Yatra	4	#3e3e40	2022-01-12	Viral 50	is
3nOz1U41SZZ0N3fuUWr9nb	I AM WOMAN	Emmy Meli	5	#3e3e40	2022-01-12	Viral 50	is
7AVyve7cFYTd51ha5i9kE2	Down Under (feat. Colin Hay)	Luude	6	#3e3e40	2022-01-12	Viral 50	is
4fouWK6XVHhzl78KzQ1UjL	abcdefu	GAYLE	7	#3e3e40	2022-01-12	Viral 50	is
3oRW9ZGPRbLRMneQ5lwflt	Waiting On A Miracle	Stephanie Beatriz	8	#84bd00	2022-01-12	Viral 50	is
0hYFc3HSZHDaDzquLVRwBH	TO THE MOON	Jnr Choi	9	#3e3e40	2022-01-12	Viral 50	is
4SkkXTtocKccDPJjq4xutq	Ástarsæla	Júníus Meyvant	10	#bd3200	2022-01-12	Viral 50	is
2KnLkZ3z7PO3kgVGHGqDpD	It'll Be Okay	Shawn Mendes	11	#bd3200	2022-01-12	Viral 50	is
4b1yxSdlumA8N4fEk4UOZp	The Family Madrigal	Stephanie Beatriz, Olga Merediz, Encanto - Cast	12	#3e3e40	2022-01-12	Viral 50	is
20on25jryn53hWghthWWW3	Do It To It	ACRAZE, Cherish	13	#3e3e40	2022-01-12	Viral 50	is
62ke5zFUJN6RvtXZgVH0F8	Only Love Can Hurt Like This	Paloma Faith	14	#3e3e40	2022-01-12	Viral 50	is
6jHBzdq0by8m9DcQ6lL8VG	Með stjörnunum	Herbert Guðmundsson	15	#84bd00	2022-01-12	Viral 50	is
35mBYyB61qTcGGj7MXIRM1	Cpr	cupcakKe	16	#bd3200	2022-01-12	Viral 50	is
3XoYqtiWHhsk59frZupImG	What Else Can I Do?	Diane Guerrero, Stephanie Beatriz	17	#4687d7	2022-01-12	Viral 50	is
2zpZkOV7sD9C4Cv0cukoHV	Always Been You	Jessie Murph	18	#bd3200	2022-01-12	Viral 50	is
7es56D0QedGMsK39wl2yFX	Happier Than Ever	ASTN	19	#3e3e40	2022-01-12	Viral 50	is
4nfpbsiYbB0TVBOeJ7X7Z0	"What A Life - From the Motion Picture ""Another Round"""	Scarlet Pleasure	20	#84bd00	2022-01-12	Viral 50	is
2Q5q1q01KOdHt5fM00WUJ8	Colombia, Mi Encanto	Carlos Vives	21	#3e3e40	2022-01-12	Viral 50	is
6Hp57iv0VLGgmWyOFx8iUm	"Burn Butcher Burn - from ""The Witcher: Season 2"" Soundtrack"	Joseph Trapanese, Joey Batey	22	#bd3200	2022-01-12	Viral 50	is
6jPVyjPqp2BNUJnDSwm8tK	Two Oruguitas	Sebastian Yatra	23	#84bd00	2022-01-12	Viral 50	is
463r5bsN1VqGXtaMctn4Rr	It's Been So Long	The Living Tombstone	24	#bd3200	2022-01-12	Viral 50	is
05EG9LwFCVjkoYEWzsrHHO	Legend	Tevvez	25	#bd3200	2022-01-12	Viral 50	is
2K7xn816oNHJZ0aVqdQsha	Softcore	The Neighbourhood	26	#84bd00	2022-01-12	Viral 50	is
4bLL8O04PMkzYpT4sC47kd	Ástin heldur vöku	Júlí Heiðar	27	#84bd00	2022-01-12	Viral 50	is
4A8cWXxKfIL3lAyUDzXbCF	Super Gremlin	Kodak Black	28	#bd3200	2022-01-12	Viral 50	is
2Hph3X77ySNgBCIak5CMc6	too easy	Gunna, Future	29	#3e3e40	2022-01-12	Viral 50	is
1SOClUWhOi8vHZYMz3GluK	Infinity	Jaymes Young	30	#bd3200	2022-01-12	Viral 50	is
0So2sgVa8aJiARPl2P29u2	Pope Is a Rockstar	SALES	31	#4687d7	2022-01-12	Viral 50	is
7uLFOXgLrS90tEYPO1DGXy	Man in the Mirror	A Boogie Wit da Hoodie	32	#84bd00	2022-01-12	Viral 50	is
2cx4iaLF05RyNUSlm0p3y4	Ekki Seena	Attan	33	#bd3200	2022-01-12	Viral 50	is
2KMLGJ1mPfRE4GNdL92rl3	Toss A Coin To Your Witcher	Sonya Belousova, Giona Ostinelli, Joey Batey	34	#bd3200	2022-01-12	Viral 50	is
2gpWyfu7eZ01zzncHpxOtA	Moth To A Flame (with The Weeknd)	Swedish House Mafia	35	#84bd00	2022-01-12	Viral 50	is
58eOTmtMDTcTxRPXbZAvcR	too easy (Remix) [feat. Future & Roddy Ricch]	Gunna	36	#3e3e40	2022-01-12	Viral 50	is
2B4GHvToeLTOBB4QLzW3Ni	Pepas	Farruko	37	#bd3200	2022-01-12	Viral 50	is
1xIqDFx3KdByBnKMlTECcM	Coming for You (feat. A1 x J1)	SwitchOTR	38	#bd3200	2022-01-12	Viral 50	is
21xzFXSL2XkZ2mIzDDAqTK	God Must Hate Me	Catie Turner	39	#bd3200	2022-01-12	Viral 50	is
6GomT970rCOkKAyyrwJeZi	Move Your Body	Öwnboss, Sevek	40	#bd3200	2022-01-12	Viral 50	is
2AaJeBEq3WLcfFW1y8svDf	By Your Side	Rod Wave	41	#4687d7	2022-01-12	Viral 50	is
55MIRLbZzpYSmMlRt9ZDWM	"30/90 (from ""tick, tick... BOOM!"" Soundtrack from the Netflix Film)"	Andrew Garfield, Joshua Henry, Vanessa Hudgens, Robin de Jesus, Alexandra Shipp, MJ Rodriguez	42	#4687d7	2022-01-12	Viral 50	is
6lknMmJZALXxx7emwwZWLX	Frozen	Madonna, Sickick	43	#84bd00	2022-01-12	Viral 50	is
1r9xUipOqoNwggBpENDsvJ	Enemy (with JID) - from the series Arcane League of Legends	Imagine Dragons	44	#bd3200	2022-01-12	Viral 50	is
4lACdvcECsrZT78LbR6bjU	Svart hár	ISSI	45	#4687d7	2022-01-12	Viral 50	is
0V5cvmTKsYmF5FmGGEAfmS	Je te laisserai des mots	Patrick Watson	46	#bd3200	2022-01-12	Viral 50	is
2IAR0DziHCjSu16gR4ihvy	Nothing	Bruno Major	47	#bd3200	2022-01-12	Viral 50	is
3ZBeHiRJUj1vdiU8zzGPgb	WYD Now?	Sadie Jean	48	#3e3e40	2022-01-12	Viral 50	is
7rglLriMNBPAyuJOMGwi39	Cold Heart - PNAU Remix	Elton John, Dua Lipa	49	#4687d7	2022-01-12	Viral 50	is
4SqWKzw0CbA05TGszDgMlc	I Love You So	The Walters	50	#bd3200	2022-01-12	Viral 50	is
52xJxFP6TqMuO4Yt0eOkMz	We Don't Talk About Bruno	Carolina Gaitán - La Gaita, Mauro Castillo, Adassa, Rhenzy Feliz, Diane Guerrero, Stephanie Beatriz, Encanto - Cast	1	#3e3e40	2022-01-13	Viral 50	is
760jhRscwGbIIe1m1IIQpU	Surface Pressure	Jessica Darrow	2	#3e3e40	2022-01-13	Viral 50	is
5Ts1DYOuouQLgzTaisxWYh	Love Grows (Where My Rosemary Goes)	Edison Lighthouse	3	#3e3e40	2022-01-13	Viral 50	is
3nOz1U41SZZ0N3fuUWr9nb	I AM WOMAN	Emmy Meli	4	#84bd00	2022-01-13	Viral 50	is
5rohUzwEoRsUvAA1Bf3DLo	Dos Oruguitas	Sebastian Yatra	5	#bd3200	2022-01-13	Viral 50	is
7AVyve7cFYTd51ha5i9kE2	Down Under (feat. Colin Hay)	Luude	6	#3e3e40	2022-01-13	Viral 50	is
0hYFc3HSZHDaDzquLVRwBH	TO THE MOON	Jnr Choi	7	#84bd00	2022-01-13	Viral 50	is
4fouWK6XVHhzl78KzQ1UjL	abcdefu	GAYLE	8	#bd3200	2022-01-13	Viral 50	is
3oRW9ZGPRbLRMneQ5lwflt	Waiting On A Miracle	Stephanie Beatriz	9	#bd3200	2022-01-13	Viral 50	is
4SkkXTtocKccDPJjq4xutq	Ástarsæla	Júníus Meyvant	10	#3e3e40	2022-01-13	Viral 50	is
20on25jryn53hWghthWWW3	Do It To It	ACRAZE, Cherish	11	#84bd00	2022-01-13	Viral 50	is
2KnLkZ3z7PO3kgVGHGqDpD	It'll Be Okay	Shawn Mendes	12	#bd3200	2022-01-13	Viral 50	is
35mBYyB61qTcGGj7MXIRM1	Cpr	cupcakKe	13	#84bd00	2022-01-13	Viral 50	is
6jHBzdq0by8m9DcQ6lL8VG	Með stjörnunum	Herbert Guðmundsson	14	#84bd00	2022-01-13	Viral 50	is
62ke5zFUJN6RvtXZgVH0F8	Only Love Can Hurt Like This	Paloma Faith	15	#bd3200	2022-01-13	Viral 50	is
4b1yxSdlumA8N4fEk4UOZp	The Family Madrigal	Stephanie Beatriz, Olga Merediz, Encanto - Cast	16	#bd3200	2022-01-13	Viral 50	is
3XoYqtiWHhsk59frZupImG	What Else Can I Do?	Diane Guerrero, Stephanie Beatriz	17	#3e3e40	2022-01-13	Viral 50	is
4bLL8O04PMkzYpT4sC47kd	Ástin heldur vöku	Júlí Heiðar	18	#84bd00	2022-01-13	Viral 50	is
2zpZkOV7sD9C4Cv0cukoHV	Always Been You	Jessie Murph	19	#bd3200	2022-01-13	Viral 50	is
4nfpbsiYbB0TVBOeJ7X7Z0	"What A Life - From the Motion Picture ""Another Round"""	Scarlet Pleasure	20	#3e3e40	2022-01-13	Viral 50	is
7es56D0QedGMsK39wl2yFX	Happier Than Ever	ASTN	21	#bd3200	2022-01-13	Viral 50	is
2Q5q1q01KOdHt5fM00WUJ8	Colombia, Mi Encanto	Carlos Vives	22	#bd3200	2022-01-13	Viral 50	is
463r5bsN1VqGXtaMctn4Rr	It's Been So Long	The Living Tombstone	23	#84bd00	2022-01-13	Viral 50	is
2B4GHvToeLTOBB4QLzW3Ni	Pepas	Farruko	24	#84bd00	2022-01-13	Viral 50	is
6jPVyjPqp2BNUJnDSwm8tK	Two Oruguitas	Sebastian Yatra	25	#bd3200	2022-01-13	Viral 50	is
6GomT970rCOkKAyyrwJeZi	Move Your Body	Öwnboss, Sevek	26	#84bd00	2022-01-13	Viral 50	is
05EG9LwFCVjkoYEWzsrHHO	Legend	Tevvez	27	#bd3200	2022-01-13	Viral 50	is
2Hph3X77ySNgBCIak5CMc6	too easy	Gunna, Future	28	#84bd00	2022-01-13	Viral 50	is
6Hp57iv0VLGgmWyOFx8iUm	"Burn Butcher Burn - from ""The Witcher: Season 2"" Soundtrack"	Joseph Trapanese, Joey Batey	29	#bd3200	2022-01-13	Viral 50	is
1SOClUWhOi8vHZYMz3GluK	Infinity	Jaymes Young	30	#3e3e40	2022-01-13	Viral 50	is
2K7xn816oNHJZ0aVqdQsha	Softcore	The Neighbourhood	31	#bd3200	2022-01-13	Viral 50	is
11iIikXxC6NP0Ma8vMD27x	Alien Blues	Vundabar	32	#4687d7	2022-01-13	Viral 50	is
0So2sgVa8aJiARPl2P29u2	Pope Is a Rockstar	SALES	33	#bd3200	2022-01-13	Viral 50	is
2cx4iaLF05RyNUSlm0p3y4	Ekki Seena	Attan	34	#bd3200	2022-01-13	Viral 50	is
5TMLavqGRKNxgzMBrVpC9R	Mon Amour - Remix	zzoilo, Aitana	35	#4687d7	2022-01-13	Viral 50	is
58eOTmtMDTcTxRPXbZAvcR	too easy (Remix) [feat. Future & Roddy Ricch]	Gunna	36	#3e3e40	2022-01-13	Viral 50	is
2gpWyfu7eZ01zzncHpxOtA	Moth To A Flame (with The Weeknd)	Swedish House Mafia	37	#bd3200	2022-01-13	Viral 50	is
1xIqDFx3KdByBnKMlTECcM	Coming for You (feat. A1 x J1)	SwitchOTR	38	#3e3e40	2022-01-13	Viral 50	is
6lknMmJZALXxx7emwwZWLX	Frozen	Madonna, Sickick	39	#84bd00	2022-01-13	Viral 50	is
473VtdivFn87fWeLaqqWTr	Held í mér andanum (Áramótaskaup 2020)	Villi Neto	40	#4687d7	2022-01-13	Viral 50	is
1r9xUipOqoNwggBpENDsvJ	Enemy (with JID) - from the series Arcane League of Legends	Imagine Dragons	41	#84bd00	2022-01-13	Viral 50	is
7uLFOXgLrS90tEYPO1DGXy	Man in the Mirror	A Boogie Wit da Hoodie	42	#bd3200	2022-01-13	Viral 50	is
4lACdvcECsrZT78LbR6bjU	Svart hár	ISSI	43	#84bd00	2022-01-13	Viral 50	is
2AaJeBEq3WLcfFW1y8svDf	By Your Side	Rod Wave	44	#bd3200	2022-01-13	Viral 50	is
2IAR0DziHCjSu16gR4ihvy	Nothing	Bruno Major	45	#84bd00	2022-01-13	Viral 50	is
0V5cvmTKsYmF5FmGGEAfmS	Je te laisserai des mots	Patrick Watson	46	#3e3e40	2022-01-13	Viral 50	is
4A8cWXxKfIL3lAyUDzXbCF	Super Gremlin	Kodak Black	47	#bd3200	2022-01-13	Viral 50	is
1Mze7crzF9BWo82DiAsmjj	Tour	Macky Gee	48	#4687d7	2022-01-13	Viral 50	is
3dMPfZLIVv662b5xJkKJdX	Shake	yossiking	49	#4687d7	2022-01-13	Viral 50	is
0sTlGEld0h8kIPZaKDYUf4	Notion	The Rare Occasions	50	#4687d7	2022-01-13	Viral 50	is
52xJxFP6TqMuO4Yt0eOkMz	We Don't Talk About Bruno	Carolina Gaitán - La Gaita, Mauro Castillo, Adassa, Rhenzy Feliz, Diane Guerrero, Stephanie Beatriz, Encanto - Cast	1	#3e3e40	2022-01-14	Viral 50	is
760jhRscwGbIIe1m1IIQpU	Surface Pressure	Jessica Darrow	2	#3e3e40	2022-01-14	Viral 50	is
7AVyve7cFYTd51ha5i9kE2	Down Under (feat. Colin Hay)	Luude	3	#84bd00	2022-01-14	Viral 50	is
5Ts1DYOuouQLgzTaisxWYh	Love Grows (Where My Rosemary Goes)	Edison Lighthouse	4	#bd3200	2022-01-14	Viral 50	is
3nOz1U41SZZ0N3fuUWr9nb	I AM WOMAN	Emmy Meli	5	#bd3200	2022-01-14	Viral 50	is
0hYFc3HSZHDaDzquLVRwBH	TO THE MOON	Jnr Choi	6	#84bd00	2022-01-14	Viral 50	is
4fouWK6XVHhzl78KzQ1UjL	abcdefu	GAYLE	7	#84bd00	2022-01-14	Viral 50	is
5rohUzwEoRsUvAA1Bf3DLo	Dos Oruguitas	Sebastian Yatra	8	#bd3200	2022-01-14	Viral 50	is
3oRW9ZGPRbLRMneQ5lwflt	Waiting On A Miracle	Stephanie Beatriz	9	#3e3e40	2022-01-14	Viral 50	is
20on25jryn53hWghthWWW3	Do It To It	ACRAZE, Cherish	10	#84bd00	2022-01-14	Viral 50	is
4SkkXTtocKccDPJjq4xutq	Ástarsæla	Júníus Meyvant	11	#bd3200	2022-01-14	Viral 50	is
4b1yxSdlumA8N4fEk4UOZp	The Family Madrigal	Stephanie Beatriz, Olga Merediz, Encanto - Cast	12	#84bd00	2022-01-14	Viral 50	is
3XoYqtiWHhsk59frZupImG	What Else Can I Do?	Diane Guerrero, Stephanie Beatriz	13	#84bd00	2022-01-14	Viral 50	is
35mBYyB61qTcGGj7MXIRM1	Cpr	cupcakKe	14	#bd3200	2022-01-14	Viral 50	is
6jHBzdq0by8m9DcQ6lL8VG	Með stjörnunum	Herbert Guðmundsson	15	#bd3200	2022-01-14	Viral 50	is
2KnLkZ3z7PO3kgVGHGqDpD	It'll Be Okay	Shawn Mendes	16	#bd3200	2022-01-14	Viral 50	is
2Q5q1q01KOdHt5fM00WUJ8	Colombia, Mi Encanto	Carlos Vives	17	#84bd00	2022-01-14	Viral 50	is
62ke5zFUJN6RvtXZgVH0F8	Only Love Can Hurt Like This	Paloma Faith	18	#bd3200	2022-01-14	Viral 50	is
4bLL8O04PMkzYpT4sC47kd	Ástin heldur vöku	Júlí Heiðar	19	#bd3200	2022-01-14	Viral 50	is
4nfpbsiYbB0TVBOeJ7X7Z0	"What A Life - From the Motion Picture ""Another Round"""	Scarlet Pleasure	20	#3e3e40	2022-01-14	Viral 50	is
2zpZkOV7sD9C4Cv0cukoHV	Always Been You	Jessie Murph	21	#bd3200	2022-01-14	Viral 50	is
2K7xn816oNHJZ0aVqdQsha	Softcore	The Neighbourhood	22	#84bd00	2022-01-14	Viral 50	is
2B4GHvToeLTOBB4QLzW3Ni	Pepas	Farruko	23	#84bd00	2022-01-14	Viral 50	is
1xIqDFx3KdByBnKMlTECcM	Coming for You (feat. A1 x J1)	SwitchOTR	24	#84bd00	2022-01-14	Viral 50	is
7es56D0QedGMsK39wl2yFX	Happier Than Ever	ASTN	25	#bd3200	2022-01-14	Viral 50	is
6GomT970rCOkKAyyrwJeZi	Move Your Body	Öwnboss, Sevek	26	#3e3e40	2022-01-14	Viral 50	is
1Mze7crzF9BWo82DiAsmjj	Tour	Macky Gee	27	#84bd00	2022-01-14	Viral 50	is
463r5bsN1VqGXtaMctn4Rr	It's Been So Long	The Living Tombstone	28	#bd3200	2022-01-14	Viral 50	is
5hbjWmsPxsoUf8xupri1g7	Shakey x off these drugs	ShakeyFunnyAzz	29	#4687d7	2022-01-14	Viral 50	is
2cx4iaLF05RyNUSlm0p3y4	Ekki Seena	Attan	30	#84bd00	2022-01-14	Viral 50	is
11iIikXxC6NP0Ma8vMD27x	Alien Blues	Vundabar	31	#84bd00	2022-01-14	Viral 50	is
0So2sgVa8aJiARPl2P29u2	Pope Is a Rockstar	SALES	32	#84bd00	2022-01-14	Viral 50	is
2gpWyfu7eZ01zzncHpxOtA	Moth To A Flame (with The Weeknd)	Swedish House Mafia	33	#84bd00	2022-01-14	Viral 50	is
1SOClUWhOi8vHZYMz3GluK	Infinity	Jaymes Young	34	#bd3200	2022-01-14	Viral 50	is
6lknMmJZALXxx7emwwZWLX	Frozen	Madonna, Sickick	35	#84bd00	2022-01-14	Viral 50	is
55MIRLbZzpYSmMlRt9ZDWM	"30/90 (from ""tick, tick... BOOM!"" Soundtrack from the Netflix Film)"	Andrew Garfield, Joshua Henry, Vanessa Hudgens, Robin de Jesus, Alexandra Shipp, MJ Rodriguez	36	#4687d7	2022-01-14	Viral 50	is
05EG9LwFCVjkoYEWzsrHHO	Legend	Tevvez	37	#bd3200	2022-01-14	Viral 50	is
2KMLGJ1mPfRE4GNdL92rl3	Toss A Coin To Your Witcher	Sonya Belousova, Giona Ostinelli, Joey Batey	38	#4687d7	2022-01-14	Viral 50	is
6jPVyjPqp2BNUJnDSwm8tK	Two Oruguitas	Sebastian Yatra	39	#bd3200	2022-01-14	Viral 50	is
58eOTmtMDTcTxRPXbZAvcR	too easy (Remix) [feat. Future & Roddy Ricch]	Gunna	40	#bd3200	2022-01-14	Viral 50	is
7uLFOXgLrS90tEYPO1DGXy	Man in the Mirror	A Boogie Wit da Hoodie	41	#84bd00	2022-01-14	Viral 50	is
1r9xUipOqoNwggBpENDsvJ	Enemy (with JID) - from the series Arcane League of Legends	Imagine Dragons	42	#bd3200	2022-01-14	Viral 50	is
4lACdvcECsrZT78LbR6bjU	Svart hár	ISSI	43	#3e3e40	2022-01-14	Viral 50	is
0V5cvmTKsYmF5FmGGEAfmS	Je te laisserai des mots	Patrick Watson	44	#84bd00	2022-01-14	Viral 50	is
2AaJeBEq3WLcfFW1y8svDf	By Your Side	Rod Wave	45	#bd3200	2022-01-14	Viral 50	is
6RiiSy9GzSwiyDEJDiMuKe	Something About You	Eyedress, Dent May	46	#4687d7	2022-01-14	Viral 50	is
1GsSM1Fju5J1Fsu51jEsTg	tears in the club (feat. the weeknd)	FKA twigs	47	#4687d7	2022-01-14	Viral 50	is
6Hp57iv0VLGgmWyOFx8iUm	"Burn Butcher Burn - from ""The Witcher: Season 2"" Soundtrack"	Joseph Trapanese, Joey Batey	48	#bd3200	2022-01-14	Viral 50	is
2vXKRlJBXyOcvZYTdNeckS	Lost in the Fire (feat. The Weeknd)	Gesaffelstein	49	#4687d7	2022-01-14	Viral 50	is
5B6Kjha6RRIMWGN7zGsAaT	So Hot You're Hurting My Feelings	Caroline Polachek	50	#4687d7	2022-01-14	Viral 50	is
52xJxFP6TqMuO4Yt0eOkMz	We Don't Talk About Bruno	Carolina Gaitán - La Gaita, Mauro Castillo, Adassa, Rhenzy Feliz, Diane Guerrero, Stephanie Beatriz, Encanto - Cast	1	#3e3e40	2022-01-15	Viral 50	is
760jhRscwGbIIe1m1IIQpU	Surface Pressure	Jessica Darrow	2	#3e3e40	2022-01-15	Viral 50	is
7AVyve7cFYTd51ha5i9kE2	Down Under (feat. Colin Hay)	Luude	3	#3e3e40	2022-01-15	Viral 50	is
3nOz1U41SZZ0N3fuUWr9nb	I AM WOMAN	Emmy Meli	4	#84bd00	2022-01-15	Viral 50	is
5Ts1DYOuouQLgzTaisxWYh	Love Grows (Where My Rosemary Goes)	Edison Lighthouse	5	#bd3200	2022-01-15	Viral 50	is
5rohUzwEoRsUvAA1Bf3DLo	Dos Oruguitas	Sebastian Yatra	6	#84bd00	2022-01-15	Viral 50	is
0hYFc3HSZHDaDzquLVRwBH	TO THE MOON	Jnr Choi	7	#bd3200	2022-01-15	Viral 50	is
4fouWK6XVHhzl78KzQ1UjL	abcdefu	GAYLE	8	#bd3200	2022-01-15	Viral 50	is
4b1yxSdlumA8N4fEk4UOZp	The Family Madrigal	Stephanie Beatriz, Olga Merediz, Encanto - Cast	9	#84bd00	2022-01-15	Viral 50	is
3oRW9ZGPRbLRMneQ5lwflt	Waiting On A Miracle	Stephanie Beatriz	10	#bd3200	2022-01-15	Viral 50	is
20on25jryn53hWghthWWW3	Do It To It	ACRAZE, Cherish	11	#bd3200	2022-01-15	Viral 50	is
35mBYyB61qTcGGj7MXIRM1	Cpr	cupcakKe	12	#84bd00	2022-01-15	Viral 50	is
3XoYqtiWHhsk59frZupImG	What Else Can I Do?	Diane Guerrero, Stephanie Beatriz	13	#3e3e40	2022-01-15	Viral 50	is
4SkkXTtocKccDPJjq4xutq	Ástarsæla	Júníus Meyvant	14	#bd3200	2022-01-15	Viral 50	is
2Q5q1q01KOdHt5fM00WUJ8	Colombia, Mi Encanto	Carlos Vives	15	#84bd00	2022-01-15	Viral 50	is
62ke5zFUJN6RvtXZgVH0F8	Only Love Can Hurt Like This	Paloma Faith	16	#84bd00	2022-01-15	Viral 50	is
2K7xn816oNHJZ0aVqdQsha	Softcore	The Neighbourhood	17	#84bd00	2022-01-15	Viral 50	is
6jHBzdq0by8m9DcQ6lL8VG	Með stjörnunum	Herbert Guðmundsson	18	#bd3200	2022-01-15	Viral 50	is
4bLL8O04PMkzYpT4sC47kd	Ástin heldur vöku	Júlí Heiðar	19	#3e3e40	2022-01-15	Viral 50	is
2B4GHvToeLTOBB4QLzW3Ni	Pepas	Farruko	20	#84bd00	2022-01-15	Viral 50	is
2zpZkOV7sD9C4Cv0cukoHV	Always Been You	Jessie Murph	21	#3e3e40	2022-01-15	Viral 50	is
4nfpbsiYbB0TVBOeJ7X7Z0	"What A Life - From the Motion Picture ""Another Round"""	Scarlet Pleasure	22	#bd3200	2022-01-15	Viral 50	is
1xIqDFx3KdByBnKMlTECcM	Coming for You (feat. A1 x J1)	SwitchOTR	23	#84bd00	2022-01-15	Viral 50	is
1Mze7crzF9BWo82DiAsmjj	Tour	Macky Gee	24	#84bd00	2022-01-15	Viral 50	is
5hbjWmsPxsoUf8xupri1g7	Shakey x off these drugs	ShakeyFunnyAzz	25	#84bd00	2022-01-15	Viral 50	is
6GomT970rCOkKAyyrwJeZi	Move Your Body	Öwnboss, Sevek	26	#3e3e40	2022-01-15	Viral 50	is
2KnLkZ3z7PO3kgVGHGqDpD	It'll Be Okay	Shawn Mendes	27	#bd3200	2022-01-15	Viral 50	is
2cx4iaLF05RyNUSlm0p3y4	Ekki Seena	Attan	28	#84bd00	2022-01-15	Viral 50	is
463r5bsN1VqGXtaMctn4Rr	It's Been So Long	The Living Tombstone	29	#bd3200	2022-01-15	Viral 50	is
11iIikXxC6NP0Ma8vMD27x	Alien Blues	Vundabar	30	#84bd00	2022-01-15	Viral 50	is
2gpWyfu7eZ01zzncHpxOtA	Moth To A Flame (with The Weeknd)	Swedish House Mafia	31	#84bd00	2022-01-15	Viral 50	is
1SOClUWhOi8vHZYMz3GluK	Infinity	Jaymes Young	32	#84bd00	2022-01-15	Viral 50	is
0V5cvmTKsYmF5FmGGEAfmS	Je te laisserai des mots	Patrick Watson	33	#84bd00	2022-01-15	Viral 50	is
05EG9LwFCVjkoYEWzsrHHO	Legend	Tevvez	34	#84bd00	2022-01-15	Viral 50	is
6jPVyjPqp2BNUJnDSwm8tK	Two Oruguitas	Sebastian Yatra	35	#84bd00	2022-01-15	Viral 50	is
55MIRLbZzpYSmMlRt9ZDWM	"30/90 (from ""tick, tick... BOOM!"" Soundtrack from the Netflix Film)"	Andrew Garfield, Joshua Henry, Vanessa Hudgens, Robin de Jesus, Alexandra Shipp, MJ Rodriguez	36	#3e3e40	2022-01-15	Viral 50	is
1WGmhglF1ghRiHsx4YUq86	Love & War	Kodak Black	37	#4687d7	2022-01-15	Viral 50	is
6RiiSy9GzSwiyDEJDiMuKe	Something About You	Eyedress, Dent May	38	#84bd00	2022-01-15	Viral 50	is
2yYb6Ru1cwcDUBS4txRYQL	No Fun	Armin van Buuren, The Stickmen Project	39	#4687d7	2022-01-15	Viral 50	is
1GsSM1Fju5J1Fsu51jEsTg	tears in the club (feat. the weeknd)	FKA twigs	40	#84bd00	2022-01-15	Viral 50	is
4lACdvcECsrZT78LbR6bjU	Svart hár	ISSI	41	#84bd00	2022-01-15	Viral 50	is
7uLFOXgLrS90tEYPO1DGXy	Man in the Mirror	A Boogie Wit da Hoodie	42	#bd3200	2022-01-15	Viral 50	is
4A8cWXxKfIL3lAyUDzXbCF	Super Gremlin	Kodak Black	43	#4687d7	2022-01-15	Viral 50	is
2vXKRlJBXyOcvZYTdNeckS	Lost in the Fire (feat. The Weeknd)	Gesaffelstein	44	#84bd00	2022-01-15	Viral 50	is
58eOTmtMDTcTxRPXbZAvcR	too easy (Remix) [feat. Future & Roddy Ricch]	Gunna	45	#bd3200	2022-01-15	Viral 50	is
2AaJeBEq3WLcfFW1y8svDf	By Your Side	Rod Wave	46	#bd3200	2022-01-15	Viral 50	is
5RBOcBpJXaNnHCGViJmYhh	The Perfect Girl	Mareux	47	#4687d7	2022-01-15	Viral 50	is
6lknMmJZALXxx7emwwZWLX	Frozen	Madonna, Sickick	48	#bd3200	2022-01-15	Viral 50	is
3ZBeHiRJUj1vdiU8zzGPgb	WYD Now?	Sadie Jean	49	#4687d7	2022-01-15	Viral 50	is
5TMLavqGRKNxgzMBrVpC9R	Mon Amour - Remix	zzoilo, Aitana	50	#4687d7	2022-01-15	Viral 50	is
52xJxFP6TqMuO4Yt0eOkMz	We Don't Talk About Bruno	Carolina Gaitán - La Gaita, Mauro Castillo, Adassa, Rhenzy Feliz, Diane Guerrero, Stephanie Beatriz, Encanto - Cast	1	#3e3e40	2022-01-16	Viral 50	is
760jhRscwGbIIe1m1IIQpU	Surface Pressure	Jessica Darrow	2	#3e3e40	2022-01-16	Viral 50	is
7AVyve7cFYTd51ha5i9kE2	Down Under (feat. Colin Hay)	Luude	3	#3e3e40	2022-01-16	Viral 50	is
3nOz1U41SZZ0N3fuUWr9nb	I AM WOMAN	Emmy Meli	4	#3e3e40	2022-01-16	Viral 50	is
5Ts1DYOuouQLgzTaisxWYh	Love Grows (Where My Rosemary Goes)	Edison Lighthouse	5	#3e3e40	2022-01-16	Viral 50	is
0hYFc3HSZHDaDzquLVRwBH	TO THE MOON	Jnr Choi	6	#84bd00	2022-01-16	Viral 50	is
5rohUzwEoRsUvAA1Bf3DLo	Dos Oruguitas	Sebastian Yatra	7	#bd3200	2022-01-16	Viral 50	is
4b1yxSdlumA8N4fEk4UOZp	The Family Madrigal	Stephanie Beatriz, Olga Merediz, Encanto - Cast	8	#84bd00	2022-01-16	Viral 50	is
4fouWK6XVHhzl78KzQ1UjL	abcdefu	GAYLE	9	#bd3200	2022-01-16	Viral 50	is
20on25jryn53hWghthWWW3	Do It To It	ACRAZE, Cherish	10	#84bd00	2022-01-16	Viral 50	is
3XoYqtiWHhsk59frZupImG	What Else Can I Do?	Diane Guerrero, Stephanie Beatriz	11	#84bd00	2022-01-16	Viral 50	is
4SkkXTtocKccDPJjq4xutq	Ástarsæla	Júníus Meyvant	12	#84bd00	2022-01-16	Viral 50	is
2Q5q1q01KOdHt5fM00WUJ8	Colombia, Mi Encanto	Carlos Vives	13	#84bd00	2022-01-16	Viral 50	is
35mBYyB61qTcGGj7MXIRM1	Cpr	cupcakKe	14	#bd3200	2022-01-16	Viral 50	is
2zpZkOV7sD9C4Cv0cukoHV	Always Been You	Jessie Murph	15	#84bd00	2022-01-16	Viral 50	is
4bLL8O04PMkzYpT4sC47kd	Ástin heldur vöku	Júlí Heiðar	16	#84bd00	2022-01-16	Viral 50	is
2K7xn816oNHJZ0aVqdQsha	Softcore	The Neighbourhood	17	#3e3e40	2022-01-16	Viral 50	is
3oRW9ZGPRbLRMneQ5lwflt	Waiting On A Miracle	Stephanie Beatriz	18	#bd3200	2022-01-16	Viral 50	is
62ke5zFUJN6RvtXZgVH0F8	Only Love Can Hurt Like This	Paloma Faith	19	#bd3200	2022-01-16	Viral 50	is
4nfpbsiYbB0TVBOeJ7X7Z0	"What A Life - From the Motion Picture ""Another Round"""	Scarlet Pleasure	20	#84bd00	2022-01-16	Viral 50	is
1xIqDFx3KdByBnKMlTECcM	Coming for You (feat. A1 x J1)	SwitchOTR	21	#84bd00	2022-01-16	Viral 50	is
6jHBzdq0by8m9DcQ6lL8VG	Með stjörnunum	Herbert Guðmundsson	22	#bd3200	2022-01-16	Viral 50	is
5hbjWmsPxsoUf8xupri1g7	Shakey x off these drugs	ShakeyFunnyAzz	23	#84bd00	2022-01-16	Viral 50	is
2B4GHvToeLTOBB4QLzW3Ni	Pepas	Farruko	24	#bd3200	2022-01-16	Viral 50	is
55MIRLbZzpYSmMlRt9ZDWM	"30/90 (from ""tick, tick... BOOM!"" Soundtrack from the Netflix Film)"	Andrew Garfield, Joshua Henry, Vanessa Hudgens, Robin de Jesus, Alexandra Shipp, MJ Rodriguez	25	#84bd00	2022-01-16	Viral 50	is
463r5bsN1VqGXtaMctn4Rr	It's Been So Long	The Living Tombstone	26	#84bd00	2022-01-16	Viral 50	is
2cx4iaLF05RyNUSlm0p3y4	Ekki Seena	Attan	27	#84bd00	2022-01-16	Viral 50	is
11iIikXxC6NP0Ma8vMD27x	Alien Blues	Vundabar	28	#84bd00	2022-01-16	Viral 50	is
0V5cvmTKsYmF5FmGGEAfmS	Je te laisserai des mots	Patrick Watson	29	#84bd00	2022-01-16	Viral 50	is
1Mze7crzF9BWo82DiAsmjj	Tour	Macky Gee	30	#bd3200	2022-01-16	Viral 50	is
6jPVyjPqp2BNUJnDSwm8tK	Two Oruguitas	Sebastian Yatra	31	#84bd00	2022-01-16	Viral 50	is
1WGmhglF1ghRiHsx4YUq86	Love & War	Kodak Black	32	#84bd00	2022-01-16	Viral 50	is
1GsSM1Fju5J1Fsu51jEsTg	tears in the club (feat. the weeknd)	FKA twigs	33	#84bd00	2022-01-16	Viral 50	is
2gpWyfu7eZ01zzncHpxOtA	Moth To A Flame (with The Weeknd)	Swedish House Mafia	34	#bd3200	2022-01-16	Viral 50	is
09gysnJpfQ3ublBmJDfcEC	SAD GIRLZ LUV MONEY Remix (feat. Kali Uchis and Moliy)	Amaarae	35	#4687d7	2022-01-16	Viral 50	is
6GomT970rCOkKAyyrwJeZi	Move Your Body	Öwnboss, Sevek	36	#bd3200	2022-01-16	Viral 50	is
2KnLkZ3z7PO3kgVGHGqDpD	It'll Be Okay	Shawn Mendes	37	#bd3200	2022-01-16	Viral 50	is
05EG9LwFCVjkoYEWzsrHHO	Legend	Tevvez	38	#bd3200	2022-01-16	Viral 50	is
6RiiSy9GzSwiyDEJDiMuKe	Something About You	Eyedress, Dent May	39	#bd3200	2022-01-16	Viral 50	is
0sTlGEld0h8kIPZaKDYUf4	Notion	The Rare Occasions	40	#4687d7	2022-01-16	Viral 50	is
1r9xUipOqoNwggBpENDsvJ	Enemy (with JID) - from the series Arcane League of Legends	Imagine Dragons	41	#4687d7	2022-01-16	Viral 50	is
6lknMmJZALXxx7emwwZWLX	Frozen	Madonna, Sickick	42	#84bd00	2022-01-16	Viral 50	is
4lACdvcECsrZT78LbR6bjU	Svart hár	ISSI	43	#bd3200	2022-01-16	Viral 50	is
4VHkjPgAis9JNfc1URn7zZ	Sorry Bout That	Yeat	44	#4687d7	2022-01-16	Viral 50	is
4A8cWXxKfIL3lAyUDzXbCF	Super Gremlin	Kodak Black	45	#bd3200	2022-01-16	Viral 50	is
7uLFOXgLrS90tEYPO1DGXy	Man in the Mirror	A Boogie Wit da Hoodie	46	#bd3200	2022-01-16	Viral 50	is
2vXKRlJBXyOcvZYTdNeckS	Lost in the Fire (feat. The Weeknd)	Gesaffelstein	47	#bd3200	2022-01-16	Viral 50	is
1Wx3fls2p1CXqXtm3xlJeZ	I Can Feel It	Sickick	48	#4687d7	2022-01-16	Viral 50	is
3jD2vnVTRoqqsAmLRxTPxk	Shake	IShowSpeed, Aura The Scientist	49	#4687d7	2022-01-16	Viral 50	is
2hfIIYL9kIXGExFP1k5Bqy	Háflóð	Teitur Magnússon	50	#4687d7	2022-01-16	Viral 50	is
52xJxFP6TqMuO4Yt0eOkMz	We Don't Talk About Bruno	Carolina Gaitán - La Gaita, Mauro Castillo, Adassa, Rhenzy Feliz, Diane Guerrero, Stephanie Beatriz, Encanto - Cast	1	#3e3e40	2022-01-17	Viral 50	is
760jhRscwGbIIe1m1IIQpU	Surface Pressure	Jessica Darrow	2	#3e3e40	2022-01-17	Viral 50	is
7AVyve7cFYTd51ha5i9kE2	Down Under (feat. Colin Hay)	Luude	3	#3e3e40	2022-01-17	Viral 50	is
4hJhHbkhZFnxmWbAkZRoe0	Peru	Fireboy DML, Ed Sheeran	4	#4687d7	2022-01-17	Viral 50	is
0hYFc3HSZHDaDzquLVRwBH	TO THE MOON	Jnr Choi	5	#84bd00	2022-01-17	Viral 50	is
5Ts1DYOuouQLgzTaisxWYh	Love Grows (Where My Rosemary Goes)	Edison Lighthouse	6	#bd3200	2022-01-17	Viral 50	is
3nOz1U41SZZ0N3fuUWr9nb	I AM WOMAN	Emmy Meli	7	#bd3200	2022-01-17	Viral 50	is
5rohUzwEoRsUvAA1Bf3DLo	Dos Oruguitas	Sebastian Yatra	8	#bd3200	2022-01-17	Viral 50	is
4b1yxSdlumA8N4fEk4UOZp	The Family Madrigal	Stephanie Beatriz, Olga Merediz, Encanto - Cast	9	#bd3200	2022-01-17	Viral 50	is
4fouWK6XVHhzl78KzQ1UjL	abcdefu	GAYLE	10	#bd3200	2022-01-17	Viral 50	is
20on25jryn53hWghthWWW3	Do It To It	ACRAZE, Cherish	11	#bd3200	2022-01-17	Viral 50	is
3XoYqtiWHhsk59frZupImG	What Else Can I Do?	Diane Guerrero, Stephanie Beatriz	12	#bd3200	2022-01-17	Viral 50	is
6NI1jGEu4dRI1g9f6u7hB0	LaLíf	Kjartan Ólafsson	13	#4687d7	2022-01-17	Viral 50	is
2Q5q1q01KOdHt5fM00WUJ8	Colombia, Mi Encanto	Carlos Vives	14	#bd3200	2022-01-17	Viral 50	is
4SkkXTtocKccDPJjq4xutq	Ástarsæla	Júníus Meyvant	15	#bd3200	2022-01-17	Viral 50	is
2K7xn816oNHJZ0aVqdQsha	Softcore	The Neighbourhood	16	#84bd00	2022-01-17	Viral 50	is
35mBYyB61qTcGGj7MXIRM1	Cpr	cupcakKe	17	#bd3200	2022-01-17	Viral 50	is
4bLL8O04PMkzYpT4sC47kd	Ástin heldur vöku	Júlí Heiðar	18	#bd3200	2022-01-17	Viral 50	is
3oRW9ZGPRbLRMneQ5lwflt	Waiting On A Miracle	Stephanie Beatriz	19	#bd3200	2022-01-17	Viral 50	is
4nfpbsiYbB0TVBOeJ7X7Z0	"What A Life - From the Motion Picture ""Another Round"""	Scarlet Pleasure	20	#3e3e40	2022-01-17	Viral 50	is
2zpZkOV7sD9C4Cv0cukoHV	Always Been You	Jessie Murph	21	#bd3200	2022-01-17	Viral 50	is
1xIqDFx3KdByBnKMlTECcM	Coming for You (feat. A1 x J1)	SwitchOTR	22	#bd3200	2022-01-17	Viral 50	is
55MIRLbZzpYSmMlRt9ZDWM	"30/90 (from ""tick, tick... BOOM!"" Soundtrack from the Netflix Film)"	Andrew Garfield, Joshua Henry, Vanessa Hudgens, Robin de Jesus, Alexandra Shipp, MJ Rodriguez	23	#84bd00	2022-01-17	Viral 50	is
2cx4iaLF05RyNUSlm0p3y4	Ekki Seena	Attan	24	#84bd00	2022-01-17	Viral 50	is
2B4GHvToeLTOBB4QLzW3Ni	Pepas	Farruko	25	#bd3200	2022-01-17	Viral 50	is
6jHBzdq0by8m9DcQ6lL8VG	Með stjörnunum	Herbert Guðmundsson	26	#bd3200	2022-01-17	Viral 50	is
2KnLkZ3z7PO3kgVGHGqDpD	It'll Be Okay	Shawn Mendes	27	#84bd00	2022-01-17	Viral 50	is
2IAR0DziHCjSu16gR4ihvy	Nothing	Bruno Major	28	#4687d7	2022-01-17	Viral 50	is
2AaJeBEq3WLcfFW1y8svDf	By Your Side	Rod Wave	29	#4687d7	2022-01-17	Viral 50	is
463r5bsN1VqGXtaMctn4Rr	It's Been So Long	The Living Tombstone	30	#bd3200	2022-01-17	Viral 50	is
62ke5zFUJN6RvtXZgVH0F8	Only Love Can Hurt Like This	Paloma Faith	31	#bd3200	2022-01-17	Viral 50	is
11iIikXxC6NP0Ma8vMD27x	Alien Blues	Vundabar	32	#bd3200	2022-01-17	Viral 50	is
4A8cWXxKfIL3lAyUDzXbCF	Super Gremlin	Kodak Black	33	#84bd00	2022-01-17	Viral 50	is
03eyNjBM2mpx28H6kdaufN	Overwhelmed (Ryan Mack Remix)	Ryan Mack	34	#4687d7	2022-01-17	Viral 50	is
6jPVyjPqp2BNUJnDSwm8tK	Two Oruguitas	Sebastian Yatra	35	#bd3200	2022-01-17	Viral 50	is
3jD2vnVTRoqqsAmLRxTPxk	Shake	IShowSpeed, Aura The Scientist	36	#84bd00	2022-01-17	Viral 50	is
5hbjWmsPxsoUf8xupri1g7	Shakey x off these drugs	ShakeyFunnyAzz	37	#bd3200	2022-01-17	Viral 50	is
58HvfVOeJY7lUuCqF0m3ly	MIDDLE OF THE NIGHT	Elley Duhé	38	#4687d7	2022-01-17	Viral 50	is
1Mze7crzF9BWo82DiAsmjj	Tour	Macky Gee	39	#bd3200	2022-01-17	Viral 50	is
1r9xUipOqoNwggBpENDsvJ	Enemy (with JID) - from the series Arcane League of Legends	Imagine Dragons	40	#84bd00	2022-01-17	Viral 50	is
05EG9LwFCVjkoYEWzsrHHO	Legend	Tevvez	41	#bd3200	2022-01-17	Viral 50	is
2hfIIYL9kIXGExFP1k5Bqy	Háflóð	Teitur Magnússon	42	#84bd00	2022-01-17	Viral 50	is
3GsQ0jSw8803wGtchonp6N	1989	Haukur H	43	#4687d7	2022-01-17	Viral 50	is
1GsSM1Fju5J1Fsu51jEsTg	tears in the club (feat. the weeknd)	FKA twigs	44	#bd3200	2022-01-17	Viral 50	is
1dxcQA922vdRVtSlGunpGX	Fjólublátt ljós við barinn	Klíkan	45	#4687d7	2022-01-17	Viral 50	is
1SHB1hp6267UK9bJQUxYvO	Судно (Борис Рижий)	Molchat Doma	46	#4687d7	2022-01-17	Viral 50	is
2gpWyfu7eZ01zzncHpxOtA	Moth To A Flame (with The Weeknd)	Swedish House Mafia	47	#bd3200	2022-01-17	Viral 50	is
6RiiSy9GzSwiyDEJDiMuKe	Something About You	Eyedress, Dent May	48	#bd3200	2022-01-17	Viral 50	is
0sTlGEld0h8kIPZaKDYUf4	Notion	The Rare Occasions	49	#bd3200	2022-01-17	Viral 50	is
4lACdvcECsrZT78LbR6bjU	Svart hár	ISSI	50	#bd3200	2022-01-17	Viral 50	is
760jhRscwGbIIe1m1IIQpU	Surface Pressure	Jessica Darrow	1	#84bd00	2022-01-18	Viral 50	is
52xJxFP6TqMuO4Yt0eOkMz	We Don't Talk About Bruno	Carolina Gaitán - La Gaita, Mauro Castillo, Adassa, Rhenzy Feliz, Diane Guerrero, Stephanie Beatriz, Encanto - Cast	2	#bd3200	2022-01-18	Viral 50	is
7AVyve7cFYTd51ha5i9kE2	Down Under (feat. Colin Hay)	Luude	3	#3e3e40	2022-01-18	Viral 50	is
4hJhHbkhZFnxmWbAkZRoe0	Peru	Fireboy DML, Ed Sheeran	4	#3e3e40	2022-01-18	Viral 50	is
6NI1jGEu4dRI1g9f6u7hB0	LaLíf	Kjartan Ólafsson	5	#84bd00	2022-01-18	Viral 50	is
0hYFc3HSZHDaDzquLVRwBH	TO THE MOON	Jnr Choi	6	#bd3200	2022-01-18	Viral 50	is
5Ts1DYOuouQLgzTaisxWYh	Love Grows (Where My Rosemary Goes)	Edison Lighthouse	7	#bd3200	2022-01-18	Viral 50	is
3nOz1U41SZZ0N3fuUWr9nb	I AM WOMAN	Emmy Meli	8	#bd3200	2022-01-18	Viral 50	is
4b1yxSdlumA8N4fEk4UOZp	The Family Madrigal	Stephanie Beatriz, Olga Merediz, Encanto - Cast	9	#3e3e40	2022-01-18	Viral 50	is
4fouWK6XVHhzl78KzQ1UjL	abcdefu	GAYLE	10	#3e3e40	2022-01-18	Viral 50	is
20on25jryn53hWghthWWW3	Do It To It	ACRAZE, Cherish	11	#3e3e40	2022-01-18	Viral 50	is
35mBYyB61qTcGGj7MXIRM1	Cpr	cupcakKe	12	#84bd00	2022-01-18	Viral 50	is
3XoYqtiWHhsk59frZupImG	What Else Can I Do?	Diane Guerrero, Stephanie Beatriz	13	#bd3200	2022-01-18	Viral 50	is
5rohUzwEoRsUvAA1Bf3DLo	Dos Oruguitas	Sebastian Yatra	14	#bd3200	2022-01-18	Viral 50	is
2Q5q1q01KOdHt5fM00WUJ8	Colombia, Mi Encanto	Carlos Vives	15	#bd3200	2022-01-18	Viral 50	is
2K7xn816oNHJZ0aVqdQsha	Softcore	The Neighbourhood	16	#3e3e40	2022-01-18	Viral 50	is
4SkkXTtocKccDPJjq4xutq	Ástarsæla	Júníus Meyvant	17	#bd3200	2022-01-18	Viral 50	is
4bLL8O04PMkzYpT4sC47kd	Ástin heldur vöku	Júlí Heiðar	18	#3e3e40	2022-01-18	Viral 50	is
1xIqDFx3KdByBnKMlTECcM	Coming for You (feat. A1 x J1)	SwitchOTR	19	#84bd00	2022-01-18	Viral 50	is
3oRW9ZGPRbLRMneQ5lwflt	Waiting On A Miracle	Stephanie Beatriz	20	#bd3200	2022-01-18	Viral 50	is
4nfpbsiYbB0TVBOeJ7X7Z0	"What A Life - From the Motion Picture ""Another Round"""	Scarlet Pleasure	21	#bd3200	2022-01-18	Viral 50	is
2B4GHvToeLTOBB4QLzW3Ni	Pepas	Farruko	22	#84bd00	2022-01-18	Viral 50	is
2zpZkOV7sD9C4Cv0cukoHV	Always Been You	Jessie Murph	23	#bd3200	2022-01-18	Viral 50	is
21xzFXSL2XkZ2mIzDDAqTK	God Must Hate Me	Catie Turner	24	#4687d7	2022-01-18	Viral 50	is
55MIRLbZzpYSmMlRt9ZDWM	"30/90 (from ""tick, tick... BOOM!"" Soundtrack from the Netflix Film)"	Andrew Garfield, Joshua Henry, Vanessa Hudgens, Robin de Jesus, Alexandra Shipp, MJ Rodriguez	25	#bd3200	2022-01-18	Viral 50	is
6GomT970rCOkKAyyrwJeZi	Move Your Body	Öwnboss, Sevek	26	#4687d7	2022-01-18	Viral 50	is
6jHBzdq0by8m9DcQ6lL8VG	Með stjörnunum	Herbert Guðmundsson	27	#bd3200	2022-01-18	Viral 50	is
1GsSM1Fju5J1Fsu51jEsTg	tears in the club (feat. the weeknd)	FKA twigs	28	#84bd00	2022-01-18	Viral 50	is
2AaJeBEq3WLcfFW1y8svDf	By Your Side	Rod Wave	29	#3e3e40	2022-01-18	Viral 50	is
2gpWyfu7eZ01zzncHpxOtA	Moth To A Flame (with The Weeknd)	Swedish House Mafia	30	#84bd00	2022-01-18	Viral 50	is
2cx4iaLF05RyNUSlm0p3y4	Ekki Seena	Attan	31	#bd3200	2022-01-18	Viral 50	is
2hfIIYL9kIXGExFP1k5Bqy	Háflóð	Teitur Magnússon	32	#84bd00	2022-01-18	Viral 50	is
2IAR0DziHCjSu16gR4ihvy	Nothing	Bruno Major	33	#bd3200	2022-01-18	Viral 50	is
11iIikXxC6NP0Ma8vMD27x	Alien Blues	Vundabar	34	#bd3200	2022-01-18	Viral 50	is
62ke5zFUJN6RvtXZgVH0F8	Only Love Can Hurt Like This	Paloma Faith	35	#bd3200	2022-01-18	Viral 50	is
3jD2vnVTRoqqsAmLRxTPxk	Shake	IShowSpeed, Aura The Scientist	36	#3e3e40	2022-01-18	Viral 50	is
03eyNjBM2mpx28H6kdaufN	Overwhelmed (Ryan Mack Remix)	Ryan Mack	37	#bd3200	2022-01-18	Viral 50	is
6jPVyjPqp2BNUJnDSwm8tK	Two Oruguitas	Sebastian Yatra	38	#bd3200	2022-01-18	Viral 50	is
4A8cWXxKfIL3lAyUDzXbCF	Super Gremlin	Kodak Black	39	#bd3200	2022-01-18	Viral 50	is
58HvfVOeJY7lUuCqF0m3ly	MIDDLE OF THE NIGHT	Elley Duhé	40	#bd3200	2022-01-18	Viral 50	is
1WGmhglF1ghRiHsx4YUq86	Love & War	Kodak Black	41	#4687d7	2022-01-18	Viral 50	is
05EG9LwFCVjkoYEWzsrHHO	Legend	Tevvez	42	#bd3200	2022-01-18	Viral 50	is
5hbjWmsPxsoUf8xupri1g7	Shakey x off these drugs	ShakeyFunnyAzz	43	#bd3200	2022-01-18	Viral 50	is
1r9xUipOqoNwggBpENDsvJ	Enemy (with JID) - from the series Arcane League of Legends	Imagine Dragons	44	#bd3200	2022-01-18	Viral 50	is
6PypGyiu0Y2lCDBN1XZEnP	Everybody Hurts	R.E.M.	45	#4687d7	2022-01-18	Viral 50	is
3GsQ0jSw8803wGtchonp6N	1989	Haukur H	46	#bd3200	2022-01-18	Viral 50	is
2KnLkZ3z7PO3kgVGHGqDpD	It'll Be Okay	Shawn Mendes	47	#bd3200	2022-01-18	Viral 50	is
463r5bsN1VqGXtaMctn4Rr	It's Been So Long	The Living Tombstone	48	#bd3200	2022-01-18	Viral 50	is
0V5cvmTKsYmF5FmGGEAfmS	Je te laisserai des mots	Patrick Watson	49	#4687d7	2022-01-18	Viral 50	is
1SHB1hp6267UK9bJQUxYvO	Судно (Борис Рижий)	Molchat Doma	50	#bd3200	2022-01-18	Viral 50	is
760jhRscwGbIIe1m1IIQpU	Surface Pressure	Jessica Darrow	1	#3e3e40	2022-01-19	Viral 50	is
6NI1jGEu4dRI1g9f6u7hB0	LaLíf	Kjartan Ólafsson	2	#84bd00	2022-01-19	Viral 50	is
7AVyve7cFYTd51ha5i9kE2	Down Under (feat. Colin Hay)	Luude	3	#3e3e40	2022-01-19	Viral 50	is
52xJxFP6TqMuO4Yt0eOkMz	We Don't Talk About Bruno	Carolina Gaitán - La Gaita, Mauro Castillo, Adassa, Rhenzy Feliz, Diane Guerrero, Stephanie Beatriz, Encanto - Cast	4	#bd3200	2022-01-19	Viral 50	is
4hJhHbkhZFnxmWbAkZRoe0	Peru	Fireboy DML, Ed Sheeran	5	#bd3200	2022-01-19	Viral 50	is
0hYFc3HSZHDaDzquLVRwBH	TO THE MOON	Jnr Choi	6	#3e3e40	2022-01-19	Viral 50	is
5Ts1DYOuouQLgzTaisxWYh	Love Grows (Where My Rosemary Goes)	Edison Lighthouse	7	#3e3e40	2022-01-19	Viral 50	is
4b1yxSdlumA8N4fEk4UOZp	The Family Madrigal	Stephanie Beatriz, Olga Merediz, Encanto - Cast	8	#84bd00	2022-01-19	Viral 50	is
4fouWK6XVHhzl78KzQ1UjL	abcdefu	GAYLE	9	#84bd00	2022-01-19	Viral 50	is
3nOz1U41SZZ0N3fuUWr9nb	I AM WOMAN	Emmy Meli	10	#bd3200	2022-01-19	Viral 50	is
20on25jryn53hWghthWWW3	Do It To It	ACRAZE, Cherish	11	#3e3e40	2022-01-19	Viral 50	is
35mBYyB61qTcGGj7MXIRM1	Cpr	cupcakKe	12	#3e3e40	2022-01-19	Viral 50	is
5rohUzwEoRsUvAA1Bf3DLo	Dos Oruguitas	Sebastian Yatra	13	#84bd00	2022-01-19	Viral 50	is
2Q5q1q01KOdHt5fM00WUJ8	Colombia, Mi Encanto	Carlos Vives	14	#84bd00	2022-01-19	Viral 50	is
1xIqDFx3KdByBnKMlTECcM	Coming for You (feat. A1 x J1)	SwitchOTR	15	#84bd00	2022-01-19	Viral 50	is
4bLL8O04PMkzYpT4sC47kd	Ástin heldur vöku	Júlí Heiðar	16	#84bd00	2022-01-19	Viral 50	is
2K7xn816oNHJZ0aVqdQsha	Softcore	The Neighbourhood	17	#bd3200	2022-01-19	Viral 50	is
3XoYqtiWHhsk59frZupImG	What Else Can I Do?	Diane Guerrero, Stephanie Beatriz	18	#bd3200	2022-01-19	Viral 50	is
3oRW9ZGPRbLRMneQ5lwflt	Waiting On A Miracle	Stephanie Beatriz	19	#84bd00	2022-01-19	Viral 50	is
4SkkXTtocKccDPJjq4xutq	Ástarsæla	Júníus Meyvant	20	#bd3200	2022-01-19	Viral 50	is
11iIikXxC6NP0Ma8vMD27x	Alien Blues	Vundabar	21	#84bd00	2022-01-19	Viral 50	is
2B4GHvToeLTOBB4QLzW3Ni	Pepas	Farruko	22	#3e3e40	2022-01-19	Viral 50	is
1GsSM1Fju5J1Fsu51jEsTg	tears in the club (feat. the weeknd)	FKA twigs	23	#84bd00	2022-01-19	Viral 50	is
6GomT970rCOkKAyyrwJeZi	Move Your Body	Öwnboss, Sevek	24	#84bd00	2022-01-19	Viral 50	is
2IAR0DziHCjSu16gR4ihvy	Nothing	Bruno Major	25	#84bd00	2022-01-19	Viral 50	is
1WGmhglF1ghRiHsx4YUq86	Love & War	Kodak Black	26	#84bd00	2022-01-19	Viral 50	is
55MIRLbZzpYSmMlRt9ZDWM	"30/90 (from ""tick, tick... BOOM!"" Soundtrack from the Netflix Film)"	Andrew Garfield, Joshua Henry, Vanessa Hudgens, Robin de Jesus, Alexandra Shipp, MJ Rodriguez	27	#bd3200	2022-01-19	Viral 50	is
6nQ1B216Liiydhgn2gar0o	Material Girl	Saucy Santana	28	#4687d7	2022-01-19	Viral 50	is
21xzFXSL2XkZ2mIzDDAqTK	God Must Hate Me	Catie Turner	29	#bd3200	2022-01-19	Viral 50	is
2hfIIYL9kIXGExFP1k5Bqy	Háflóð	Teitur Magnússon	30	#84bd00	2022-01-19	Viral 50	is
4nfpbsiYbB0TVBOeJ7X7Z0	"What A Life - From the Motion Picture ""Another Round"""	Scarlet Pleasure	31	#bd3200	2022-01-19	Viral 50	is
1r9xUipOqoNwggBpENDsvJ	Enemy (with JID) - from the series Arcane League of Legends	Imagine Dragons	32	#84bd00	2022-01-19	Viral 50	is
03eyNjBM2mpx28H6kdaufN	Overwhelmed (Ryan Mack Remix)	Ryan Mack	33	#84bd00	2022-01-19	Viral 50	is
463r5bsN1VqGXtaMctn4Rr	It's Been So Long	The Living Tombstone	34	#84bd00	2022-01-19	Viral 50	is
6jHBzdq0by8m9DcQ6lL8VG	Með stjörnunum	Herbert Guðmundsson	35	#bd3200	2022-01-19	Viral 50	is
3jD2vnVTRoqqsAmLRxTPxk	Shake	IShowSpeed, Aura The Scientist	36	#3e3e40	2022-01-19	Viral 50	is
2Xb6wJYGi0QXwURw5WWvI5	Right Down the Line	Gerry Rafferty	37	#4687d7	2022-01-19	Viral 50	is
62ke5zFUJN6RvtXZgVH0F8	Only Love Can Hurt Like This	Paloma Faith	38	#bd3200	2022-01-19	Viral 50	is
2gpWyfu7eZ01zzncHpxOtA	Moth To A Flame (with The Weeknd)	Swedish House Mafia	39	#bd3200	2022-01-19	Viral 50	is
2cx4iaLF05RyNUSlm0p3y4	Ekki Seena	Attan	40	#bd3200	2022-01-19	Viral 50	is
4A8cWXxKfIL3lAyUDzXbCF	Super Gremlin	Kodak Black	41	#bd3200	2022-01-19	Viral 50	is
05EG9LwFCVjkoYEWzsrHHO	Legend	Tevvez	42	#3e3e40	2022-01-19	Viral 50	is
2zpZkOV7sD9C4Cv0cukoHV	Always Been You	Jessie Murph	43	#bd3200	2022-01-19	Viral 50	is
5hbjWmsPxsoUf8xupri1g7	Shakey x off these drugs	ShakeyFunnyAzz	44	#bd3200	2022-01-19	Viral 50	is
6PypGyiu0Y2lCDBN1XZEnP	Everybody Hurts	R.E.M.	45	#3e3e40	2022-01-19	Viral 50	is
3GsQ0jSw8803wGtchonp6N	1989	Haukur H	46	#3e3e40	2022-01-19	Viral 50	is
2KnLkZ3z7PO3kgVGHGqDpD	It'll Be Okay	Shawn Mendes	47	#3e3e40	2022-01-19	Viral 50	is
6lknMmJZALXxx7emwwZWLX	Frozen	Madonna, Sickick	48	#4687d7	2022-01-19	Viral 50	is
4VHkjPgAis9JNfc1URn7zZ	Sorry Bout That	Yeat	49	#4687d7	2022-01-19	Viral 50	is
0V5cvmTKsYmF5FmGGEAfmS	Je te laisserai des mots	Patrick Watson	50	#bd3200	2022-01-19	Viral 50	is
6NI1jGEu4dRI1g9f6u7hB0	LaLíf	Kjartan Ólafsson	1	#84bd00	2022-01-20	Viral 50	is
760jhRscwGbIIe1m1IIQpU	Surface Pressure	Jessica Darrow	2	#bd3200	2022-01-20	Viral 50	is
7AVyve7cFYTd51ha5i9kE2	Down Under (feat. Colin Hay)	Luude	3	#3e3e40	2022-01-20	Viral 50	is
52xJxFP6TqMuO4Yt0eOkMz	We Don't Talk About Bruno	Carolina Gaitán - La Gaita, Mauro Castillo, Adassa, Rhenzy Feliz, Diane Guerrero, Stephanie Beatriz, Encanto - Cast	4	#3e3e40	2022-01-20	Viral 50	is
4hJhHbkhZFnxmWbAkZRoe0	Peru	Fireboy DML, Ed Sheeran	5	#3e3e40	2022-01-20	Viral 50	is
5Ts1DYOuouQLgzTaisxWYh	Love Grows (Where My Rosemary Goes)	Edison Lighthouse	6	#84bd00	2022-01-20	Viral 50	is
0hYFc3HSZHDaDzquLVRwBH	TO THE MOON	Jnr Choi	7	#bd3200	2022-01-20	Viral 50	is
4b1yxSdlumA8N4fEk4UOZp	The Family Madrigal	Stephanie Beatriz, Olga Merediz, Encanto - Cast	8	#3e3e40	2022-01-20	Viral 50	is
4fouWK6XVHhzl78KzQ1UjL	abcdefu	GAYLE	9	#3e3e40	2022-01-20	Viral 50	is
35mBYyB61qTcGGj7MXIRM1	Cpr	cupcakKe	10	#84bd00	2022-01-20	Viral 50	is
20on25jryn53hWghthWWW3	Do It To It	ACRAZE, Cherish	11	#3e3e40	2022-01-20	Viral 50	is
3XoYqtiWHhsk59frZupImG	What Else Can I Do?	Diane Guerrero, Stephanie Beatriz	12	#84bd00	2022-01-20	Viral 50	is
3nOz1U41SZZ0N3fuUWr9nb	I AM WOMAN	Emmy Meli	13	#bd3200	2022-01-20	Viral 50	is
2Q5q1q01KOdHt5fM00WUJ8	Colombia, Mi Encanto	Carlos Vives	14	#3e3e40	2022-01-20	Viral 50	is
5rohUzwEoRsUvAA1Bf3DLo	Dos Oruguitas	Sebastian Yatra	15	#bd3200	2022-01-20	Viral 50	is
1xIqDFx3KdByBnKMlTECcM	Coming for You (feat. A1 x J1)	SwitchOTR	16	#bd3200	2022-01-20	Viral 50	is
2K7xn816oNHJZ0aVqdQsha	Softcore	The Neighbourhood	17	#3e3e40	2022-01-20	Viral 50	is
3oRW9ZGPRbLRMneQ5lwflt	Waiting On A Miracle	Stephanie Beatriz	18	#84bd00	2022-01-20	Viral 50	is
2hfIIYL9kIXGExFP1k5Bqy	Háflóð	Teitur Magnússon	19	#84bd00	2022-01-20	Viral 50	is
4SkkXTtocKccDPJjq4xutq	Ástarsæla	Júníus Meyvant	20	#3e3e40	2022-01-20	Viral 50	is
11iIikXxC6NP0Ma8vMD27x	Alien Blues	Vundabar	21	#3e3e40	2022-01-20	Viral 50	is
4bLL8O04PMkzYpT4sC47kd	Ástin heldur vöku	Júlí Heiðar	22	#bd3200	2022-01-20	Viral 50	is
1WGmhglF1ghRiHsx4YUq86	Love & War	Kodak Black	23	#84bd00	2022-01-20	Viral 50	is
55MIRLbZzpYSmMlRt9ZDWM	"30/90 (from ""tick, tick... BOOM!"" Soundtrack from the Netflix Film)"	Andrew Garfield, Joshua Henry, Vanessa Hudgens, Robin de Jesus, Alexandra Shipp, MJ Rodriguez	24	#84bd00	2022-01-20	Viral 50	is
1GsSM1Fju5J1Fsu51jEsTg	tears in the club (feat. the weeknd)	FKA twigs	25	#bd3200	2022-01-20	Viral 50	is
3DRG3HjNz4ZzjDapuZZVOt	Svart-hvíta hetjan mín	Dúkkulísurnar	26	#4687d7	2022-01-20	Viral 50	is
1r9xUipOqoNwggBpENDsvJ	Enemy (with JID) - from the series Arcane League of Legends	Imagine Dragons	27	#84bd00	2022-01-20	Viral 50	is
62ke5zFUJN6RvtXZgVH0F8	Only Love Can Hurt Like This	Paloma Faith	28	#84bd00	2022-01-20	Viral 50	is
2Xb6wJYGi0QXwURw5WWvI5	Right Down the Line	Gerry Rafferty	29	#84bd00	2022-01-20	Viral 50	is
4A8cWXxKfIL3lAyUDzXbCF	Super Gremlin	Kodak Black	30	#84bd00	2022-01-20	Viral 50	is
2B4GHvToeLTOBB4QLzW3Ni	Pepas	Farruko	31	#bd3200	2022-01-20	Viral 50	is
3jD2vnVTRoqqsAmLRxTPxk	Shake	IShowSpeed, Aura The Scientist	32	#84bd00	2022-01-20	Viral 50	is
2IAR0DziHCjSu16gR4ihvy	Nothing	Bruno Major	33	#bd3200	2022-01-20	Viral 50	is
6nQ1B216Liiydhgn2gar0o	Material Girl	Saucy Santana	34	#bd3200	2022-01-20	Viral 50	is
21xzFXSL2XkZ2mIzDDAqTK	God Must Hate Me	Catie Turner	35	#bd3200	2022-01-20	Viral 50	is
4kLLWz7srcuLKA7Et40PQR	I Gotta Feeling	Black Eyed Peas	36	#4687d7	2022-01-20	Viral 50	is
1dxcQA922vdRVtSlGunpGX	Fjólublátt ljós við barinn	Klíkan	37	#4687d7	2022-01-20	Viral 50	is
4VHkjPgAis9JNfc1URn7zZ	Sorry Bout That	Yeat	38	#84bd00	2022-01-20	Viral 50	is
463r5bsN1VqGXtaMctn4Rr	It's Been So Long	The Living Tombstone	39	#bd3200	2022-01-20	Viral 50	is
6GomT970rCOkKAyyrwJeZi	Move Your Body	Öwnboss, Sevek	40	#bd3200	2022-01-20	Viral 50	is
4nfpbsiYbB0TVBOeJ7X7Z0	"What A Life - From the Motion Picture ""Another Round"""	Scarlet Pleasure	41	#bd3200	2022-01-20	Viral 50	is
1bjhYUwKUHEg5fHknxFObO	Lost	Frank Ocean	42	#4687d7	2022-01-20	Viral 50	is
2zpZkOV7sD9C4Cv0cukoHV	Always Been You	Jessie Murph	43	#3e3e40	2022-01-20	Viral 50	is
05EG9LwFCVjkoYEWzsrHHO	Legend	Tevvez	44	#bd3200	2022-01-20	Viral 50	is
2gpWyfu7eZ01zzncHpxOtA	Moth To A Flame (with The Weeknd)	Swedish House Mafia	45	#bd3200	2022-01-20	Viral 50	is
6jHBzdq0by8m9DcQ6lL8VG	Með stjörnunum	Herbert Guðmundsson	46	#bd3200	2022-01-20	Viral 50	is
1SHB1hp6267UK9bJQUxYvO	Судно (Борис Рижий)	Molchat Doma	47	#4687d7	2022-01-20	Viral 50	is
2KnLkZ3z7PO3kgVGHGqDpD	It'll Be Okay	Shawn Mendes	48	#bd3200	2022-01-20	Viral 50	is
3GsQ0jSw8803wGtchonp6N	1989	Haukur H	49	#bd3200	2022-01-20	Viral 50	is
03eyNjBM2mpx28H6kdaufN	Overwhelmed (Ryan Mack Remix)	Ryan Mack	50	#bd3200	2022-01-20	Viral 50	is
6NI1jGEu4dRI1g9f6u7hB0	LaLíf	Kjartan Ólafsson	1	#3e3e40	2022-01-21	Viral 50	is
760jhRscwGbIIe1m1IIQpU	Surface Pressure	Jessica Darrow	2	#3e3e40	2022-01-21	Viral 50	is
7AVyve7cFYTd51ha5i9kE2	Down Under (feat. Colin Hay)	Luude	3	#3e3e40	2022-01-21	Viral 50	is
52xJxFP6TqMuO4Yt0eOkMz	We Don't Talk About Bruno	Carolina Gaitán - La Gaita, Mauro Castillo, Adassa, Rhenzy Feliz, Diane Guerrero, Stephanie Beatriz, Encanto - Cast	4	#3e3e40	2022-01-21	Viral 50	is
7mzHEzbsl5iOvBRuXwReZU	Paradise By the Dashboard Light	Meat Loaf	5	#4687d7	2022-01-21	Viral 50	is
391CwgcBxvUHmEKda2b5In	I'd Do Anything For Love (But I Won't Do That) - Single Edit	Meat Loaf	6	#4687d7	2022-01-21	Viral 50	is
0VafPclbphrwh36WraHWws	Bat Out of Hell	Meat Loaf	7	#4687d7	2022-01-21	Viral 50	is
5Ts1DYOuouQLgzTaisxWYh	Love Grows (Where My Rosemary Goes)	Edison Lighthouse	8	#bd3200	2022-01-21	Viral 50	is
4b1yxSdlumA8N4fEk4UOZp	The Family Madrigal	Stephanie Beatriz, Olga Merediz, Encanto - Cast	9	#bd3200	2022-01-21	Viral 50	is
6zYdoGQaG0LwePeZdTWkg3	Two Out of Three Ain't Bad	Meat Loaf	10	#4687d7	2022-01-21	Viral 50	is
4hJhHbkhZFnxmWbAkZRoe0	Peru	Fireboy DML, Ed Sheeran	11	#bd3200	2022-01-21	Viral 50	is
35mBYyB61qTcGGj7MXIRM1	Cpr	cupcakKe	12	#bd3200	2022-01-21	Viral 50	is
4fouWK6XVHhzl78KzQ1UjL	abcdefu	GAYLE	13	#bd3200	2022-01-21	Viral 50	is
1pwrk7g0CuWEyhcFEN72pv	You Took the Words Right Out of My Mouth (Hot Summer Night)	Meat Loaf	14	#4687d7	2022-01-21	Viral 50	is
20on25jryn53hWghthWWW3	Do It To It	ACRAZE, Cherish	15	#bd3200	2022-01-21	Viral 50	is
5rohUzwEoRsUvAA1Bf3DLo	Dos Oruguitas	Sebastian Yatra	16	#bd3200	2022-01-21	Viral 50	is
4SkkXTtocKccDPJjq4xutq	Ástarsæla	Júníus Meyvant	17	#84bd00	2022-01-21	Viral 50	is
3nOz1U41SZZ0N3fuUWr9nb	I AM WOMAN	Emmy Meli	18	#bd3200	2022-01-21	Viral 50	is
3XoYqtiWHhsk59frZupImG	What Else Can I Do?	Diane Guerrero, Stephanie Beatriz	19	#bd3200	2022-01-21	Viral 50	is
1xIqDFx3KdByBnKMlTECcM	Coming for You (feat. A1 x J1)	SwitchOTR	20	#bd3200	2022-01-21	Viral 50	is
38nkd5HL1PMbaoU7HNqxu9	intertwined	Arny Margret	21	#4687d7	2022-01-21	Viral 50	is
3oRW9ZGPRbLRMneQ5lwflt	Waiting On A Miracle	Stephanie Beatriz	22	#bd3200	2022-01-21	Viral 50	is
4A8cWXxKfIL3lAyUDzXbCF	Super Gremlin	Kodak Black	23	#84bd00	2022-01-21	Viral 50	is
2hfIIYL9kIXGExFP1k5Bqy	Háflóð	Teitur Magnússon	24	#bd3200	2022-01-21	Viral 50	is
2Q5q1q01KOdHt5fM00WUJ8	Colombia, Mi Encanto	Carlos Vives	25	#bd3200	2022-01-21	Viral 50	is
11iIikXxC6NP0Ma8vMD27x	Alien Blues	Vundabar	26	#bd3200	2022-01-21	Viral 50	is
4bLL8O04PMkzYpT4sC47kd	Ástin heldur vöku	Júlí Heiðar	27	#bd3200	2022-01-21	Viral 50	is
2K7xn816oNHJZ0aVqdQsha	Softcore	The Neighbourhood	28	#bd3200	2022-01-21	Viral 50	is
4UrgDocbHywDZv2f3mBhCq	I'd Do Anything For Love (But I Won't Do That)	Meat Loaf	29	#4687d7	2022-01-21	Viral 50	is
2Xb6wJYGi0QXwURw5WWvI5	Right Down the Line	Gerry Rafferty	30	#bd3200	2022-01-21	Viral 50	is
6nQ1B216Liiydhgn2gar0o	Material Girl	Saucy Santana	31	#84bd00	2022-01-21	Viral 50	is
3jD2vnVTRoqqsAmLRxTPxk	Shake	IShowSpeed, Aura The Scientist	32	#3e3e40	2022-01-21	Viral 50	is
1WGmhglF1ghRiHsx4YUq86	Love & War	Kodak Black	33	#bd3200	2022-01-21	Viral 50	is
2B4GHvToeLTOBB4QLzW3Ni	Pepas	Farruko	34	#bd3200	2022-01-21	Viral 50	is
1dxcQA922vdRVtSlGunpGX	Fjólublátt ljós við barinn	Klíkan	35	#84bd00	2022-01-21	Viral 50	is
6GomT970rCOkKAyyrwJeZi	Move Your Body	Öwnboss, Sevek	36	#84bd00	2022-01-21	Viral 50	is
55MIRLbZzpYSmMlRt9ZDWM	"30/90 (from ""tick, tick... BOOM!"" Soundtrack from the Netflix Film)"	Andrew Garfield, Joshua Henry, Vanessa Hudgens, Robin de Jesus, Alexandra Shipp, MJ Rodriguez	37	#bd3200	2022-01-21	Viral 50	is
1r9xUipOqoNwggBpENDsvJ	Enemy (with JID) - from the series Arcane League of Legends	Imagine Dragons	38	#bd3200	2022-01-21	Viral 50	is
463r5bsN1VqGXtaMctn4Rr	It's Been So Long	The Living Tombstone	39	#3e3e40	2022-01-21	Viral 50	is
2D99D3tBgy3TosLzTXTqJS	Hot Patootie - Bless My Soul	Meat Loaf	40	#4687d7	2022-01-21	Viral 50	is
6jzAkKTa5sRAcIG4N1DkV6	Dead Of Night	Orville Peck	41	#4687d7	2022-01-21	Viral 50	is
3xRH6FPVtheDyNla3T1FE7	Hrs and Hrs	Muni Long	42	#4687d7	2022-01-21	Viral 50	is
4kLLWz7srcuLKA7Et40PQR	I Gotta Feeling	Black Eyed Peas	43	#bd3200	2022-01-21	Viral 50	is
3GsQ0jSw8803wGtchonp6N	1989	Haukur H	44	#84bd00	2022-01-21	Viral 50	is
5WYsRclLv4s0Mth7uG7ixg	Heaven Can Wait	Meat Loaf	45	#4687d7	2022-01-21	Viral 50	is
3jJ9djWzDlQnqDd7vTZs9K	"Mon Soleil - from ""Emily in Paris"" Soundtrack"	Ashley Park	46	#4687d7	2022-01-21	Viral 50	is
1SOClUWhOi8vHZYMz3GluK	Infinity	Jaymes Young	47	#4687d7	2022-01-21	Viral 50	is
2IAR0DziHCjSu16gR4ihvy	Nothing	Bruno Major	48	#bd3200	2022-01-21	Viral 50	is
2KnLkZ3z7PO3kgVGHGqDpD	It'll Be Okay	Shawn Mendes	49	#bd3200	2022-01-21	Viral 50	is
62ke5zFUJN6RvtXZgVH0F8	Only Love Can Hurt Like This	Paloma Faith	50	#bd3200	2022-01-21	Viral 50	is
6NI1jGEu4dRI1g9f6u7hB0	LaLíf	Kjartan Ólafsson	1	#3e3e40	2022-01-22	Viral 50	is
760jhRscwGbIIe1m1IIQpU	Surface Pressure	Jessica Darrow	2	#3e3e40	2022-01-22	Viral 50	is
7mzHEzbsl5iOvBRuXwReZU	Paradise By the Dashboard Light	Meat Loaf	3	#84bd00	2022-01-22	Viral 50	is
7AVyve7cFYTd51ha5i9kE2	Down Under (feat. Colin Hay)	Luude	4	#bd3200	2022-01-22	Viral 50	is
391CwgcBxvUHmEKda2b5In	I'd Do Anything For Love (But I Won't Do That) - Single Edit	Meat Loaf	5	#84bd00	2022-01-22	Viral 50	is
0VafPclbphrwh36WraHWws	Bat Out of Hell	Meat Loaf	6	#84bd00	2022-01-22	Viral 50	is
52xJxFP6TqMuO4Yt0eOkMz	We Don't Talk About Bruno	Carolina Gaitán - La Gaita, Mauro Castillo, Adassa, Rhenzy Feliz, Diane Guerrero, Stephanie Beatriz, Encanto - Cast	7	#bd3200	2022-01-22	Viral 50	is
6zYdoGQaG0LwePeZdTWkg3	Two Out of Three Ain't Bad	Meat Loaf	8	#84bd00	2022-01-22	Viral 50	is
5Ts1DYOuouQLgzTaisxWYh	Love Grows (Where My Rosemary Goes)	Edison Lighthouse	9	#bd3200	2022-01-22	Viral 50	is
1pwrk7g0CuWEyhcFEN72pv	You Took the Words Right Out of My Mouth (Hot Summer Night)	Meat Loaf	10	#84bd00	2022-01-22	Viral 50	is
4b1yxSdlumA8N4fEk4UOZp	The Family Madrigal	Stephanie Beatriz, Olga Merediz, Encanto - Cast	11	#bd3200	2022-01-22	Viral 50	is
38nkd5HL1PMbaoU7HNqxu9	intertwined	Arny Margret	12	#84bd00	2022-01-22	Viral 50	is
4fouWK6XVHhzl78KzQ1UjL	abcdefu	GAYLE	13	#3e3e40	2022-01-22	Viral 50	is
20on25jryn53hWghthWWW3	Do It To It	ACRAZE, Cherish	14	#84bd00	2022-01-22	Viral 50	is
4hJhHbkhZFnxmWbAkZRoe0	Peru	Fireboy DML, Ed Sheeran	15	#bd3200	2022-01-22	Viral 50	is
4UrgDocbHywDZv2f3mBhCq	I'd Do Anything For Love (But I Won't Do That)	Meat Loaf	16	#84bd00	2022-01-22	Viral 50	is
2Q5q1q01KOdHt5fM00WUJ8	Colombia, Mi Encanto	Carlos Vives	17	#84bd00	2022-01-22	Viral 50	is
35mBYyB61qTcGGj7MXIRM1	Cpr	cupcakKe	18	#bd3200	2022-01-22	Viral 50	is
5rohUzwEoRsUvAA1Bf3DLo	Dos Oruguitas	Sebastian Yatra	19	#bd3200	2022-01-22	Viral 50	is
5WYsRclLv4s0Mth7uG7ixg	Heaven Can Wait	Meat Loaf	20	#84bd00	2022-01-22	Viral 50	is
4bLL8O04PMkzYpT4sC47kd	Ástin heldur vöku	Júlí Heiðar	21	#84bd00	2022-01-22	Viral 50	is
3xRH6FPVtheDyNla3T1FE7	Hrs and Hrs	Muni Long	22	#84bd00	2022-01-22	Viral 50	is
4SkkXTtocKccDPJjq4xutq	Ástarsæla	Júníus Meyvant	23	#bd3200	2022-01-22	Viral 50	is
3XoYqtiWHhsk59frZupImG	What Else Can I Do?	Diane Guerrero, Stephanie Beatriz	24	#bd3200	2022-01-22	Viral 50	is
6nQ1B216Liiydhgn2gar0o	Material Girl	Saucy Santana	25	#84bd00	2022-01-22	Viral 50	is
2D99D3tBgy3TosLzTXTqJS	Hot Patootie - Bless My Soul	Meat Loaf	26	#84bd00	2022-01-22	Viral 50	is
2Xb6wJYGi0QXwURw5WWvI5	Right Down the Line	Gerry Rafferty	27	#84bd00	2022-01-22	Viral 50	is
2K7xn816oNHJZ0aVqdQsha	Softcore	The Neighbourhood	28	#3e3e40	2022-01-22	Viral 50	is
6GomT970rCOkKAyyrwJeZi	Move Your Body	Öwnboss, Sevek	29	#84bd00	2022-01-22	Viral 50	is
4A8cWXxKfIL3lAyUDzXbCF	Super Gremlin	Kodak Black	30	#bd3200	2022-01-22	Viral 50	is
3nOz1U41SZZ0N3fuUWr9nb	I AM WOMAN	Emmy Meli	31	#bd3200	2022-01-22	Viral 50	is
3jD2vnVTRoqqsAmLRxTPxk	Shake	IShowSpeed, Aura The Scientist	32	#3e3e40	2022-01-22	Viral 50	is
2hfIIYL9kIXGExFP1k5Bqy	Háflóð	Teitur Magnússon	33	#bd3200	2022-01-22	Viral 50	is
11iIikXxC6NP0Ma8vMD27x	Alien Blues	Vundabar	34	#bd3200	2022-01-22	Viral 50	is
2B4GHvToeLTOBB4QLzW3Ni	Pepas	Farruko	35	#bd3200	2022-01-22	Viral 50	is
1xIqDFx3KdByBnKMlTECcM	Coming for You (feat. A1 x J1)	SwitchOTR	36	#bd3200	2022-01-22	Viral 50	is
4AVU6uzFJvRmj40iMHCk8H	For Crying Out Loud	Meat Loaf	37	#4687d7	2022-01-22	Viral 50	is
55MIRLbZzpYSmMlRt9ZDWM	"30/90 (from ""tick, tick... BOOM!"" Soundtrack from the Netflix Film)"	Andrew Garfield, Joshua Henry, Vanessa Hudgens, Robin de Jesus, Alexandra Shipp, MJ Rodriguez	38	#bd3200	2022-01-22	Viral 50	is
463r5bsN1VqGXtaMctn4Rr	It's Been So Long	The Living Tombstone	39	#3e3e40	2022-01-22	Viral 50	is
1dxcQA922vdRVtSlGunpGX	Fjólublátt ljós við barinn	Klíkan	40	#bd3200	2022-01-22	Viral 50	is
6jzAkKTa5sRAcIG4N1DkV6	Dead Of Night	Orville Peck	41	#3e3e40	2022-01-22	Viral 50	is
4kLLWz7srcuLKA7Et40PQR	I Gotta Feeling	Black Eyed Peas	42	#84bd00	2022-01-22	Viral 50	is
1r9xUipOqoNwggBpENDsvJ	Enemy (with JID) - from the series Arcane League of Legends	Imagine Dragons	43	#bd3200	2022-01-22	Viral 50	is
37ROoLBH0Z5rQiDeHzHn2l	Svart-hvíta hetjan mín	Dúkkulísurnar	44	#4687d7	2022-01-22	Viral 50	is
1WGmhglF1ghRiHsx4YUq86	Love & War	Kodak Black	45	#bd3200	2022-01-22	Viral 50	is
1SOClUWhOi8vHZYMz3GluK	Infinity	Jaymes Young	46	#84bd00	2022-01-22	Viral 50	is
4SqWKzw0CbA05TGszDgMlc	I Love You So	The Walters	47	#4687d7	2022-01-22	Viral 50	is
2KnLkZ3z7PO3kgVGHGqDpD	It'll Be Okay	Shawn Mendes	48	#84bd00	2022-01-22	Viral 50	is
2IAR0DziHCjSu16gR4ihvy	Nothing	Bruno Major	49	#bd3200	2022-01-22	Viral 50	is
3GsQ0jSw8803wGtchonp6N	1989	Haukur H	50	#bd3200	2022-01-22	Viral 50	is
6NI1jGEu4dRI1g9f6u7hB0	LaLíf	Kjartan Ólafsson	1	#3e3e40	2022-01-23	Viral 50	is
7mzHEzbsl5iOvBRuXwReZU	Paradise By the Dashboard Light	Meat Loaf	2	#84bd00	2022-01-23	Viral 50	is
760jhRscwGbIIe1m1IIQpU	Surface Pressure	Jessica Darrow	3	#bd3200	2022-01-23	Viral 50	is
391CwgcBxvUHmEKda2b5In	I'd Do Anything For Love (But I Won't Do That) - Single Edit	Meat Loaf	4	#84bd00	2022-01-23	Viral 50	is
7AVyve7cFYTd51ha5i9kE2	Down Under (feat. Colin Hay)	Luude	5	#bd3200	2022-01-23	Viral 50	is
0VafPclbphrwh36WraHWws	Bat Out of Hell	Meat Loaf	6	#3e3e40	2022-01-23	Viral 50	is
52xJxFP6TqMuO4Yt0eOkMz	We Don't Talk About Bruno	Carolina Gaitán - La Gaita, Mauro Castillo, Adassa, Rhenzy Feliz, Diane Guerrero, Stephanie Beatriz, Encanto - Cast	7	#3e3e40	2022-01-23	Viral 50	is
6zYdoGQaG0LwePeZdTWkg3	Two Out of Three Ain't Bad	Meat Loaf	8	#3e3e40	2022-01-23	Viral 50	is
38nkd5HL1PMbaoU7HNqxu9	intertwined	Arny Margret	9	#84bd00	2022-01-23	Viral 50	is
5Ts1DYOuouQLgzTaisxWYh	Love Grows (Where My Rosemary Goes)	Edison Lighthouse	10	#bd3200	2022-01-23	Viral 50	is
1pwrk7g0CuWEyhcFEN72pv	You Took the Words Right Out of My Mouth (Hot Summer Night)	Meat Loaf	11	#bd3200	2022-01-23	Viral 50	is
4b1yxSdlumA8N4fEk4UOZp	The Family Madrigal	Stephanie Beatriz, Olga Merediz, Encanto - Cast	12	#bd3200	2022-01-23	Viral 50	is
4fouWK6XVHhzl78KzQ1UjL	abcdefu	GAYLE	13	#3e3e40	2022-01-23	Viral 50	is
5rohUzwEoRsUvAA1Bf3DLo	Dos Oruguitas	Sebastian Yatra	14	#84bd00	2022-01-23	Viral 50	is
4UrgDocbHywDZv2f3mBhCq	I'd Do Anything For Love (But I Won't Do That)	Meat Loaf	15	#84bd00	2022-01-23	Viral 50	is
20on25jryn53hWghthWWW3	Do It To It	ACRAZE, Cherish	16	#bd3200	2022-01-23	Viral 50	is
35mBYyB61qTcGGj7MXIRM1	Cpr	cupcakKe	17	#84bd00	2022-01-23	Viral 50	is
4hJhHbkhZFnxmWbAkZRoe0	Peru	Fireboy DML, Ed Sheeran	18	#bd3200	2022-01-23	Viral 50	is
4bLL8O04PMkzYpT4sC47kd	Ástin heldur vöku	Júlí Heiðar	19	#84bd00	2022-01-23	Viral 50	is
5WYsRclLv4s0Mth7uG7ixg	Heaven Can Wait	Meat Loaf	20	#3e3e40	2022-01-23	Viral 50	is
4A8cWXxKfIL3lAyUDzXbCF	Super Gremlin	Kodak Black	21	#84bd00	2022-01-23	Viral 50	is
4SkkXTtocKccDPJjq4xutq	Ástarsæla	Júníus Meyvant	22	#84bd00	2022-01-23	Viral 50	is
2D99D3tBgy3TosLzTXTqJS	Hot Patootie - Bless My Soul	Meat Loaf	23	#84bd00	2022-01-23	Viral 50	is
3XoYqtiWHhsk59frZupImG	What Else Can I Do?	Diane Guerrero, Stephanie Beatriz	24	#3e3e40	2022-01-23	Viral 50	is
3xRH6FPVtheDyNla3T1FE7	Hrs and Hrs	Muni Long	25	#bd3200	2022-01-23	Viral 50	is
2Q5q1q01KOdHt5fM00WUJ8	Colombia, Mi Encanto	Carlos Vives	26	#bd3200	2022-01-23	Viral 50	is
2Xb6wJYGi0QXwURw5WWvI5	Right Down the Line	Gerry Rafferty	27	#3e3e40	2022-01-23	Viral 50	is
2B4GHvToeLTOBB4QLzW3Ni	Pepas	Farruko	28	#84bd00	2022-01-23	Viral 50	is
6nQ1B216Liiydhgn2gar0o	Material Girl	Saucy Santana	29	#bd3200	2022-01-23	Viral 50	is
2K7xn816oNHJZ0aVqdQsha	Softcore	The Neighbourhood	30	#bd3200	2022-01-23	Viral 50	is
6GomT970rCOkKAyyrwJeZi	Move Your Body	Öwnboss, Sevek	31	#bd3200	2022-01-23	Viral 50	is
3cqWSJzuxZCsglpaxWtosT	Before I Knew It	Mason Ramsey	32	#4687d7	2022-01-23	Viral 50	is
4AVU6uzFJvRmj40iMHCk8H	For Crying Out Loud	Meat Loaf	33	#84bd00	2022-01-23	Viral 50	is
2hfIIYL9kIXGExFP1k5Bqy	Háflóð	Teitur Magnússon	34	#bd3200	2022-01-23	Viral 50	is
11iIikXxC6NP0Ma8vMD27x	Alien Blues	Vundabar	35	#bd3200	2022-01-23	Viral 50	is
463r5bsN1VqGXtaMctn4Rr	It's Been So Long	The Living Tombstone	36	#84bd00	2022-01-23	Viral 50	is
6jzAkKTa5sRAcIG4N1DkV6	Dead Of Night	Orville Peck	37	#84bd00	2022-01-23	Viral 50	is
1xIqDFx3KdByBnKMlTECcM	Coming for You (feat. A1 x J1)	SwitchOTR	38	#bd3200	2022-01-23	Viral 50	is
1dxcQA922vdRVtSlGunpGX	Fjólublátt ljós við barinn	Klíkan	39	#84bd00	2022-01-23	Viral 50	is
2KnLkZ3z7PO3kgVGHGqDpD	It'll Be Okay	Shawn Mendes	40	#84bd00	2022-01-23	Viral 50	is
7BbaIYAdi3pg4MGl6PHwPv	Monëy so big	Yeat	41	#4687d7	2022-01-23	Viral 50	is
4kLLWz7srcuLKA7Et40PQR	I Gotta Feeling	Black Eyed Peas	42	#3e3e40	2022-01-23	Viral 50	is
3nOz1U41SZZ0N3fuUWr9nb	I AM WOMAN	Emmy Meli	43	#bd3200	2022-01-23	Viral 50	is
3jD2vnVTRoqqsAmLRxTPxk	Shake	IShowSpeed, Aura The Scientist	44	#bd3200	2022-01-23	Viral 50	is
37ROoLBH0Z5rQiDeHzHn2l	Svart-hvíta hetjan mín	Dúkkulísurnar	45	#bd3200	2022-01-23	Viral 50	is
1SOClUWhOi8vHZYMz3GluK	Infinity	Jaymes Young	46	#3e3e40	2022-01-23	Viral 50	is
1WGmhglF1ghRiHsx4YUq86	Love & War	Kodak Black	47	#bd3200	2022-01-23	Viral 50	is
3GsQ0jSw8803wGtchonp6N	1989	Haukur H	48	#84bd00	2022-01-23	Viral 50	is
4VHkjPgAis9JNfc1URn7zZ	Sorry Bout That	Yeat	49	#4687d7	2022-01-23	Viral 50	is
1bjhYUwKUHEg5fHknxFObO	Lost	Frank Ocean	50	#4687d7	2022-01-23	Viral 50	is
6NI1jGEu4dRI1g9f6u7hB0	LaLíf	Kjartan Ólafsson	1	#3e3e40	2022-01-24	Viral 50	is
7mzHEzbsl5iOvBRuXwReZU	Paradise By the Dashboard Light	Meat Loaf	2	#3e3e40	2022-01-24	Viral 50	is
760jhRscwGbIIe1m1IIQpU	Surface Pressure	Jessica Darrow	3	#3e3e40	2022-01-24	Viral 50	is
391CwgcBxvUHmEKda2b5In	I'd Do Anything For Love (But I Won't Do That) - Single Edit	Meat Loaf	4	#3e3e40	2022-01-24	Viral 50	is
0VafPclbphrwh36WraHWws	Bat Out of Hell	Meat Loaf	5	#84bd00	2022-01-24	Viral 50	is
52xJxFP6TqMuO4Yt0eOkMz	We Don't Talk About Bruno	Carolina Gaitán - La Gaita, Mauro Castillo, Adassa, Rhenzy Feliz, Diane Guerrero, Stephanie Beatriz, Encanto - Cast	6	#84bd00	2022-01-24	Viral 50	is
6zYdoGQaG0LwePeZdTWkg3	Two Out of Three Ain't Bad	Meat Loaf	7	#84bd00	2022-01-24	Viral 50	is
7AVyve7cFYTd51ha5i9kE2	Down Under (feat. Colin Hay)	Luude	8	#bd3200	2022-01-24	Viral 50	is
38nkd5HL1PMbaoU7HNqxu9	intertwined	Arny Margret	9	#3e3e40	2022-01-24	Viral 50	is
5Ts1DYOuouQLgzTaisxWYh	Love Grows (Where My Rosemary Goes)	Edison Lighthouse	10	#3e3e40	2022-01-24	Viral 50	is
1pwrk7g0CuWEyhcFEN72pv	You Took the Words Right Out of My Mouth (Hot Summer Night)	Meat Loaf	11	#3e3e40	2022-01-24	Viral 50	is
4UrgDocbHywDZv2f3mBhCq	I'd Do Anything For Love (But I Won't Do That)	Meat Loaf	12	#84bd00	2022-01-24	Viral 50	is
5rohUzwEoRsUvAA1Bf3DLo	Dos Oruguitas	Sebastian Yatra	13	#84bd00	2022-01-24	Viral 50	is
4b1yxSdlumA8N4fEk4UOZp	The Family Madrigal	Stephanie Beatriz, Olga Merediz, Encanto - Cast	14	#bd3200	2022-01-24	Viral 50	is
4bLL8O04PMkzYpT4sC47kd	Ástin heldur vöku	Júlí Heiðar	15	#84bd00	2022-01-24	Viral 50	is
5WYsRclLv4s0Mth7uG7ixg	Heaven Can Wait	Meat Loaf	16	#84bd00	2022-01-24	Viral 50	is
3cqWSJzuxZCsglpaxWtosT	Before I Knew It	Mason Ramsey	17	#84bd00	2022-01-24	Viral 50	is
4fouWK6XVHhzl78KzQ1UjL	abcdefu	GAYLE	18	#bd3200	2022-01-24	Viral 50	is
20on25jryn53hWghthWWW3	Do It To It	ACRAZE, Cherish	19	#bd3200	2022-01-24	Viral 50	is
4hJhHbkhZFnxmWbAkZRoe0	Peru	Fireboy DML, Ed Sheeran	20	#bd3200	2022-01-24	Viral 50	is
2Xb6wJYGi0QXwURw5WWvI5	Right Down the Line	Gerry Rafferty	21	#84bd00	2022-01-24	Viral 50	is
35mBYyB61qTcGGj7MXIRM1	Cpr	cupcakKe	22	#bd3200	2022-01-24	Viral 50	is
3xRH6FPVtheDyNla3T1FE7	Hrs and Hrs	Muni Long	23	#84bd00	2022-01-24	Viral 50	is
4SkkXTtocKccDPJjq4xutq	Ástarsæla	Júníus Meyvant	24	#bd3200	2022-01-24	Viral 50	is
2D99D3tBgy3TosLzTXTqJS	Hot Patootie - Bless My Soul	Meat Loaf	25	#bd3200	2022-01-24	Viral 50	is
5vUnjhBzRJJIAOJPde6zDx	TO THE MOON	Jnr Choi, Sam Tompkins	26	#4687d7	2022-01-24	Viral 50	is
2K7xn816oNHJZ0aVqdQsha	Softcore	The Neighbourhood	27	#84bd00	2022-01-24	Viral 50	is
3XoYqtiWHhsk59frZupImG	What Else Can I Do?	Diane Guerrero, Stephanie Beatriz	28	#bd3200	2022-01-24	Viral 50	is
2Q5q1q01KOdHt5fM00WUJ8	Colombia, Mi Encanto	Carlos Vives	29	#bd3200	2022-01-24	Viral 50	is
2B4GHvToeLTOBB4QLzW3Ni	Pepas	Farruko	30	#bd3200	2022-01-24	Viral 50	is
6nQ1B216Liiydhgn2gar0o	Material Girl	Saucy Santana	31	#bd3200	2022-01-24	Viral 50	is
6GomT970rCOkKAyyrwJeZi	Move Your Body	Öwnboss, Sevek	32	#bd3200	2022-01-24	Viral 50	is
6zwp5dM2tL5hOWpfEmMpTB	Ef þú hugsar eins og ég	FLOTT, Unnsteinn	33	#4687d7	2022-01-24	Viral 50	is
4AVU6uzFJvRmj40iMHCk8H	For Crying Out Loud	Meat Loaf	34	#bd3200	2022-01-24	Viral 50	is
73od4vMaU69sR2IOm04yh2	Gerum okkar besta	Landslið Íslands í handknattleik, Valgeir Guðjónsson	35	#4687d7	2022-01-24	Viral 50	is
4A8cWXxKfIL3lAyUDzXbCF	Super Gremlin	Kodak Black	36	#bd3200	2022-01-24	Viral 50	is
6APsKoj3WzGnctxf5fjqCh	UNGUR DRENGUR DRIPPIN	FLUGFÉLAGIÐ, Gísli Pálmi, Yung Nigo Drippin'	37	#4687d7	2022-01-24	Viral 50	is
6jzAkKTa5sRAcIG4N1DkV6	Dead Of Night	Orville Peck	38	#bd3200	2022-01-24	Viral 50	is
2hfIIYL9kIXGExFP1k5Bqy	Háflóð	Teitur Magnússon	39	#bd3200	2022-01-24	Viral 50	is
463r5bsN1VqGXtaMctn4Rr	It's Been So Long	The Living Tombstone	40	#bd3200	2022-01-24	Viral 50	is
4VHkjPgAis9JNfc1URn7zZ	Sorry Bout That	Yeat	41	#84bd00	2022-01-24	Viral 50	is
1WGmhglF1ghRiHsx4YUq86	Love & War	Kodak Black	42	#84bd00	2022-01-24	Viral 50	is
6jPVyjPqp2BNUJnDSwm8tK	Two Oruguitas	Sebastian Yatra	43	#4687d7	2022-01-24	Viral 50	is
1xIqDFx3KdByBnKMlTECcM	Coming for You (feat. A1 x J1)	SwitchOTR	44	#bd3200	2022-01-24	Viral 50	is
62ke5zFUJN6RvtXZgVH0F8	Only Love Can Hurt Like This	Paloma Faith	45	#4687d7	2022-01-24	Viral 50	is
7BbaIYAdi3pg4MGl6PHwPv	Monëy so big	Yeat	46	#bd3200	2022-01-24	Viral 50	is
11iIikXxC6NP0Ma8vMD27x	Alien Blues	Vundabar	47	#bd3200	2022-01-24	Viral 50	is
1dxcQA922vdRVtSlGunpGX	Fjólublátt ljós við barinn	Klíkan	48	#bd3200	2022-01-24	Viral 50	is
55MIRLbZzpYSmMlRt9ZDWM	"30/90 (from ""tick, tick... BOOM!"" Soundtrack from the Netflix Film)"	Andrew Garfield, Joshua Henry, Vanessa Hudgens, Robin de Jesus, Alexandra Shipp, MJ Rodriguez	49	#4687d7	2022-01-24	Viral 50	is
3jJ9djWzDlQnqDd7vTZs9K	"Mon Soleil - from ""Emily in Paris"" Soundtrack"	Ashley Park	50	#4687d7	2022-01-24	Viral 50	is
7mzHEzbsl5iOvBRuXwReZU	Paradise By the Dashboard Light	Meat Loaf	1	#84bd00	2022-01-25	Viral 50	is
760jhRscwGbIIe1m1IIQpU	Surface Pressure	Jessica Darrow	2	#84bd00	2022-01-25	Viral 50	is
391CwgcBxvUHmEKda2b5In	I'd Do Anything For Love (But I Won't Do That) - Single Edit	Meat Loaf	3	#84bd00	2022-01-25	Viral 50	is
6NI1jGEu4dRI1g9f6u7hB0	LaLíf	Kjartan Ólafsson	4	#bd3200	2022-01-25	Viral 50	is
0VafPclbphrwh36WraHWws	Bat Out of Hell	Meat Loaf	5	#3e3e40	2022-01-25	Viral 50	is
52xJxFP6TqMuO4Yt0eOkMz	We Don't Talk About Bruno	Carolina Gaitán - La Gaita, Mauro Castillo, Adassa, Rhenzy Feliz, Diane Guerrero, Stephanie Beatriz, Encanto - Cast	6	#3e3e40	2022-01-25	Viral 50	is
6zYdoGQaG0LwePeZdTWkg3	Two Out of Three Ain't Bad	Meat Loaf	7	#3e3e40	2022-01-25	Viral 50	is
38nkd5HL1PMbaoU7HNqxu9	intertwined	Arny Margret	8	#84bd00	2022-01-25	Viral 50	is
7AVyve7cFYTd51ha5i9kE2	Down Under (feat. Colin Hay)	Luude	9	#bd3200	2022-01-25	Viral 50	is
5Ts1DYOuouQLgzTaisxWYh	Love Grows (Where My Rosemary Goes)	Edison Lighthouse	10	#3e3e40	2022-01-25	Viral 50	is
1pwrk7g0CuWEyhcFEN72pv	You Took the Words Right Out of My Mouth (Hot Summer Night)	Meat Loaf	11	#3e3e40	2022-01-25	Viral 50	is
3cqWSJzuxZCsglpaxWtosT	Before I Knew It	Mason Ramsey	12	#84bd00	2022-01-25	Viral 50	is
4UrgDocbHywDZv2f3mBhCq	I'd Do Anything For Love (But I Won't Do That)	Meat Loaf	13	#bd3200	2022-01-25	Viral 50	is
5WYsRclLv4s0Mth7uG7ixg	Heaven Can Wait	Meat Loaf	14	#84bd00	2022-01-25	Viral 50	is
4b1yxSdlumA8N4fEk4UOZp	The Family Madrigal	Stephanie Beatriz, Olga Merediz, Encanto - Cast	15	#bd3200	2022-01-25	Viral 50	is
4bLL8O04PMkzYpT4sC47kd	Ástin heldur vöku	Júlí Heiðar	16	#bd3200	2022-01-25	Viral 50	is
4fouWK6XVHhzl78KzQ1UjL	abcdefu	GAYLE	17	#84bd00	2022-01-25	Viral 50	is
4SkkXTtocKccDPJjq4xutq	Ástarsæla	Júníus Meyvant	18	#84bd00	2022-01-25	Viral 50	is
5rohUzwEoRsUvAA1Bf3DLo	Dos Oruguitas	Sebastian Yatra	19	#bd3200	2022-01-25	Viral 50	is
2Xb6wJYGi0QXwURw5WWvI5	Right Down the Line	Gerry Rafferty	20	#84bd00	2022-01-25	Viral 50	is
3xRH6FPVtheDyNla3T1FE7	Hrs and Hrs	Muni Long	21	#84bd00	2022-01-25	Viral 50	is
2D99D3tBgy3TosLzTXTqJS	Hot Patootie - Bless My Soul	Meat Loaf	22	#84bd00	2022-01-25	Viral 50	is
3XoYqtiWHhsk59frZupImG	What Else Can I Do?	Diane Guerrero, Stephanie Beatriz	23	#84bd00	2022-01-25	Viral 50	is
20on25jryn53hWghthWWW3	Do It To It	ACRAZE, Cherish	24	#bd3200	2022-01-25	Viral 50	is
5vUnjhBzRJJIAOJPde6zDx	TO THE MOON	Jnr Choi, Sam Tompkins	25	#84bd00	2022-01-25	Viral 50	is
2Q5q1q01KOdHt5fM00WUJ8	Colombia, Mi Encanto	Carlos Vives	26	#84bd00	2022-01-25	Viral 50	is
6nQ1B216Liiydhgn2gar0o	Material Girl	Saucy Santana	27	#84bd00	2022-01-25	Viral 50	is
4AVU6uzFJvRmj40iMHCk8H	For Crying Out Loud	Meat Loaf	28	#84bd00	2022-01-25	Viral 50	is
6zwp5dM2tL5hOWpfEmMpTB	Ef þú hugsar eins og ég	FLOTT, Unnsteinn	29	#84bd00	2022-01-25	Viral 50	is
2B4GHvToeLTOBB4QLzW3Ni	Pepas	Farruko	30	#3e3e40	2022-01-25	Viral 50	is
4A8cWXxKfIL3lAyUDzXbCF	Super Gremlin	Kodak Black	31	#84bd00	2022-01-25	Viral 50	is
73od4vMaU69sR2IOm04yh2	Gerum okkar besta	Landslið Íslands í handknattleik, Valgeir Guðjónsson	32	#84bd00	2022-01-25	Viral 50	is
6APsKoj3WzGnctxf5fjqCh	UNGUR DRENGUR DRIPPIN	FLUGFÉLAGIÐ, Gísli Pálmi, Yung Nigo Drippin'	33	#84bd00	2022-01-25	Viral 50	is
62ke5zFUJN6RvtXZgVH0F8	Only Love Can Hurt Like This	Paloma Faith	34	#84bd00	2022-01-25	Viral 50	is
6jzAkKTa5sRAcIG4N1DkV6	Dead Of Night	Orville Peck	35	#84bd00	2022-01-25	Viral 50	is
4hJhHbkhZFnxmWbAkZRoe0	Peru	Fireboy DML, Ed Sheeran	36	#bd3200	2022-01-25	Viral 50	is
2hfIIYL9kIXGExFP1k5Bqy	Háflóð	Teitur Magnússon	37	#84bd00	2022-01-25	Viral 50	is
11iIikXxC6NP0Ma8vMD27x	Alien Blues	Vundabar	38	#84bd00	2022-01-25	Viral 50	is
3jJ9djWzDlQnqDd7vTZs9K	"Mon Soleil - from ""Emily in Paris"" Soundtrack"	Ashley Park	39	#84bd00	2022-01-25	Viral 50	is
2K7xn816oNHJZ0aVqdQsha	Softcore	The Neighbourhood	40	#bd3200	2022-01-25	Viral 50	is
5TMLavqGRKNxgzMBrVpC9R	Mon Amour - Remix	zzoilo, Aitana	41	#4687d7	2022-01-25	Viral 50	is
463r5bsN1VqGXtaMctn4Rr	It's Been So Long	The Living Tombstone	42	#bd3200	2022-01-25	Viral 50	is
7BbaIYAdi3pg4MGl6PHwPv	Monëy so big	Yeat	43	#84bd00	2022-01-25	Viral 50	is
4VHkjPgAis9JNfc1URn7zZ	Sorry Bout That	Yeat	44	#bd3200	2022-01-25	Viral 50	is
6jPVyjPqp2BNUJnDSwm8tK	Two Oruguitas	Sebastian Yatra	45	#bd3200	2022-01-25	Viral 50	is
3nOz1U41SZZ0N3fuUWr9nb	I AM WOMAN	Emmy Meli	46	#4687d7	2022-01-25	Viral 50	is
2dCadlxRJkp3ktY01gFcEZ	Shake	IShowSpeed	47	#4687d7	2022-01-25	Viral 50	is
1dxcQA922vdRVtSlGunpGX	Fjólublátt ljós við barinn	Klíkan	48	#3e3e40	2022-01-25	Viral 50	is
6GomT970rCOkKAyyrwJeZi	Move Your Body	Öwnboss, Sevek	49	#bd3200	2022-01-25	Viral 50	is
1bjhYUwKUHEg5fHknxFObO	Lost	Frank Ocean	50	#4687d7	2022-01-25	Viral 50	is
7mzHEzbsl5iOvBRuXwReZU	Paradise By the Dashboard Light	Meat Loaf	1	#3e3e40	2022-01-26	Viral 50	is
391CwgcBxvUHmEKda2b5In	I'd Do Anything For Love (But I Won't Do That) - Single Edit	Meat Loaf	2	#84bd00	2022-01-26	Viral 50	is
760jhRscwGbIIe1m1IIQpU	Surface Pressure	Jessica Darrow	3	#bd3200	2022-01-26	Viral 50	is
52xJxFP6TqMuO4Yt0eOkMz	We Don't Talk About Bruno	Carolina Gaitán - La Gaita, Mauro Castillo, Adassa, Rhenzy Feliz, Diane Guerrero, Stephanie Beatriz, Encanto - Cast	4	#84bd00	2022-01-26	Viral 50	is
0VafPclbphrwh36WraHWws	Bat Out of Hell	Meat Loaf	5	#3e3e40	2022-01-26	Viral 50	is
6zYdoGQaG0LwePeZdTWkg3	Two Out of Three Ain't Bad	Meat Loaf	6	#84bd00	2022-01-26	Viral 50	is
6NI1jGEu4dRI1g9f6u7hB0	LaLíf	Kjartan Ólafsson	7	#bd3200	2022-01-26	Viral 50	is
38nkd5HL1PMbaoU7HNqxu9	intertwined	Arny Margret	8	#3e3e40	2022-01-26	Viral 50	is
7AVyve7cFYTd51ha5i9kE2	Down Under (feat. Colin Hay)	Luude	9	#3e3e40	2022-01-26	Viral 50	is
3cqWSJzuxZCsglpaxWtosT	Before I Knew It	Mason Ramsey	10	#84bd00	2022-01-26	Viral 50	is
4UrgDocbHywDZv2f3mBhCq	I'd Do Anything For Love (But I Won't Do That)	Meat Loaf	11	#84bd00	2022-01-26	Viral 50	is
1pwrk7g0CuWEyhcFEN72pv	You Took the Words Right Out of My Mouth (Hot Summer Night)	Meat Loaf	12	#bd3200	2022-01-26	Viral 50	is
5WYsRclLv4s0Mth7uG7ixg	Heaven Can Wait	Meat Loaf	13	#84bd00	2022-01-26	Viral 50	is
5rohUzwEoRsUvAA1Bf3DLo	Dos Oruguitas	Sebastian Yatra	14	#84bd00	2022-01-26	Viral 50	is
5Ts1DYOuouQLgzTaisxWYh	Love Grows (Where My Rosemary Goes)	Edison Lighthouse	15	#bd3200	2022-01-26	Viral 50	is
4bLL8O04PMkzYpT4sC47kd	Ástin heldur vöku	Júlí Heiðar	16	#3e3e40	2022-01-26	Viral 50	is
4SkkXTtocKccDPJjq4xutq	Ástarsæla	Júníus Meyvant	17	#84bd00	2022-01-26	Viral 50	is
2Xb6wJYGi0QXwURw5WWvI5	Right Down the Line	Gerry Rafferty	18	#84bd00	2022-01-26	Viral 50	is
3xRH6FPVtheDyNla3T1FE7	Hrs and Hrs	Muni Long	19	#84bd00	2022-01-26	Viral 50	is
4fouWK6XVHhzl78KzQ1UjL	abcdefu	GAYLE	20	#bd3200	2022-01-26	Viral 50	is
2D99D3tBgy3TosLzTXTqJS	Hot Patootie - Bless My Soul	Meat Loaf	21	#84bd00	2022-01-26	Viral 50	is
4b1yxSdlumA8N4fEk4UOZp	The Family Madrigal	Stephanie Beatriz, Olga Merediz, Encanto - Cast	22	#bd3200	2022-01-26	Viral 50	is
3XoYqtiWHhsk59frZupImG	What Else Can I Do?	Diane Guerrero, Stephanie Beatriz	23	#3e3e40	2022-01-26	Viral 50	is
2K7xn816oNHJZ0aVqdQsha	Softcore	The Neighbourhood	24	#84bd00	2022-01-26	Viral 50	is
2Q5q1q01KOdHt5fM00WUJ8	Colombia, Mi Encanto	Carlos Vives	25	#84bd00	2022-01-26	Viral 50	is
20on25jryn53hWghthWWW3	Do It To It	ACRAZE, Cherish	26	#bd3200	2022-01-26	Viral 50	is
5vUnjhBzRJJIAOJPde6zDx	TO THE MOON	Jnr Choi, Sam Tompkins	27	#bd3200	2022-01-26	Viral 50	is
4hJhHbkhZFnxmWbAkZRoe0	Peru	Fireboy DML, Ed Sheeran	28	#84bd00	2022-01-26	Viral 50	is
4AVU6uzFJvRmj40iMHCk8H	For Crying Out Loud	Meat Loaf	29	#bd3200	2022-01-26	Viral 50	is
6jPVyjPqp2BNUJnDSwm8tK	Two Oruguitas	Sebastian Yatra	30	#84bd00	2022-01-26	Viral 50	is
73od4vMaU69sR2IOm04yh2	Gerum okkar besta	Landslið Íslands í handknattleik, Valgeir Guðjónsson	31	#84bd00	2022-01-26	Viral 50	is
6zwp5dM2tL5hOWpfEmMpTB	Ef þú hugsar eins og ég	FLOTT, Unnsteinn	32	#bd3200	2022-01-26	Viral 50	is
4A8cWXxKfIL3lAyUDzXbCF	Super Gremlin	Kodak Black	33	#bd3200	2022-01-26	Viral 50	is
35mBYyB61qTcGGj7MXIRM1	Cpr	cupcakKe	34	#4687d7	2022-01-26	Viral 50	is
6nQ1B216Liiydhgn2gar0o	Material Girl	Saucy Santana	35	#bd3200	2022-01-26	Viral 50	is
2B4GHvToeLTOBB4QLzW3Ni	Pepas	Farruko	36	#bd3200	2022-01-26	Viral 50	is
6APsKoj3WzGnctxf5fjqCh	UNGUR DRENGUR DRIPPIN	FLUGFÉLAGIÐ, Gísli Pálmi, Yung Nigo Drippin'	37	#bd3200	2022-01-26	Viral 50	is
62ke5zFUJN6RvtXZgVH0F8	Only Love Can Hurt Like This	Paloma Faith	38	#bd3200	2022-01-26	Viral 50	is
3nOz1U41SZZ0N3fuUWr9nb	I AM WOMAN	Emmy Meli	39	#84bd00	2022-01-26	Viral 50	is
6GomT970rCOkKAyyrwJeZi	Move Your Body	Öwnboss, Sevek	40	#84bd00	2022-01-26	Viral 50	is
2hfIIYL9kIXGExFP1k5Bqy	Háflóð	Teitur Magnússon	41	#bd3200	2022-01-26	Viral 50	is
7BbaIYAdi3pg4MGl6PHwPv	Monëy so big	Yeat	42	#84bd00	2022-01-26	Viral 50	is
3jJ9djWzDlQnqDd7vTZs9K	"Mon Soleil - from ""Emily in Paris"" Soundtrack"	Ashley Park	43	#bd3200	2022-01-26	Viral 50	is
6jzAkKTa5sRAcIG4N1DkV6	Dead Of Night	Orville Peck	44	#bd3200	2022-01-26	Viral 50	is
5TMLavqGRKNxgzMBrVpC9R	Mon Amour - Remix	zzoilo, Aitana	45	#bd3200	2022-01-26	Viral 50	is
337kcYVjYXdLBItCw9ry3b	Overseas	D-Block Europe, Central Cee	46	#4687d7	2022-01-26	Viral 50	is
6jHBzdq0by8m9DcQ6lL8VG	Með stjörnunum	Herbert Guðmundsson	47	#4687d7	2022-01-26	Viral 50	is
4VHkjPgAis9JNfc1URn7zZ	Sorry Bout That	Yeat	48	#bd3200	2022-01-26	Viral 50	is
463r5bsN1VqGXtaMctn4Rr	It's Been So Long	The Living Tombstone	49	#bd3200	2022-01-26	Viral 50	is
11iIikXxC6NP0Ma8vMD27x	Alien Blues	Vundabar	50	#bd3200	2022-01-26	Viral 50	is
7mzHEzbsl5iOvBRuXwReZU	Paradise By the Dashboard Light	Meat Loaf	1	#3e3e40	2022-01-27	Viral 50	is
391CwgcBxvUHmEKda2b5In	I'd Do Anything For Love (But I Won't Do That) - Single Edit	Meat Loaf	2	#3e3e40	2022-01-27	Viral 50	is
38nkd5HL1PMbaoU7HNqxu9	intertwined	Arny Margret	3	#84bd00	2022-01-27	Viral 50	is
52xJxFP6TqMuO4Yt0eOkMz	We Don't Talk About Bruno	Carolina Gaitán - La Gaita, Mauro Castillo, Adassa, Rhenzy Feliz, Diane Guerrero, Stephanie Beatriz, Encanto - Cast	4	#3e3e40	2022-01-27	Viral 50	is
0VafPclbphrwh36WraHWws	Bat Out of Hell	Meat Loaf	5	#3e3e40	2022-01-27	Viral 50	is
6zYdoGQaG0LwePeZdTWkg3	Two Out of Three Ain't Bad	Meat Loaf	6	#3e3e40	2022-01-27	Viral 50	is
3cqWSJzuxZCsglpaxWtosT	Before I Knew It	Mason Ramsey	7	#84bd00	2022-01-27	Viral 50	is
6K5ph5mq1qprHae3TrgTj5	"Surface Pressure - From ""Encanto""/Soundtrack Version"	Jessica Darrow	8	#bd3200	2022-01-27	Viral 50	is
7AVyve7cFYTd51ha5i9kE2	Down Under (feat. Colin Hay)	Luude	9	#3e3e40	2022-01-27	Viral 50	is
6NI1jGEu4dRI1g9f6u7hB0	LaLíf	Kjartan Ólafsson	10	#bd3200	2022-01-27	Viral 50	is
4UrgDocbHywDZv2f3mBhCq	I'd Do Anything For Love (But I Won't Do That)	Meat Loaf	11	#3e3e40	2022-01-27	Viral 50	is
1pwrk7g0CuWEyhcFEN72pv	You Took the Words Right Out of My Mouth (Hot Summer Night)	Meat Loaf	12	#3e3e40	2022-01-27	Viral 50	is
4bLL8O04PMkzYpT4sC47kd	Ástin heldur vöku	Júlí Heiðar	13	#84bd00	2022-01-27	Viral 50	is
2Xb6wJYGi0QXwURw5WWvI5	Right Down the Line	Gerry Rafferty	14	#84bd00	2022-01-27	Viral 50	is
5WYsRclLv4s0Mth7uG7ixg	Heaven Can Wait	Meat Loaf	15	#bd3200	2022-01-27	Viral 50	is
5rohUzwEoRsUvAA1Bf3DLo	Dos Oruguitas	Sebastian Yatra	16	#bd3200	2022-01-27	Viral 50	is
5vUnjhBzRJJIAOJPde6zDx	TO THE MOON	Jnr Choi, Sam Tompkins	17	#84bd00	2022-01-27	Viral 50	is
4b1yxSdlumA8N4fEk4UOZp	The Family Madrigal	Stephanie Beatriz, Olga Merediz, Encanto - Cast	18	#84bd00	2022-01-27	Viral 50	is
5Ts1DYOuouQLgzTaisxWYh	Love Grows (Where My Rosemary Goes)	Edison Lighthouse	19	#bd3200	2022-01-27	Viral 50	is
3xRH6FPVtheDyNla3T1FE7	Hrs and Hrs	Muni Long	20	#bd3200	2022-01-27	Viral 50	is
4SkkXTtocKccDPJjq4xutq	Ástarsæla	Júníus Meyvant	21	#bd3200	2022-01-27	Viral 50	is
4fouWK6XVHhzl78KzQ1UjL	abcdefu	GAYLE	22	#bd3200	2022-01-27	Viral 50	is
2D99D3tBgy3TosLzTXTqJS	Hot Patootie - Bless My Soul	Meat Loaf	23	#bd3200	2022-01-27	Viral 50	is
3XoYqtiWHhsk59frZupImG	What Else Can I Do?	Diane Guerrero, Stephanie Beatriz	24	#bd3200	2022-01-27	Viral 50	is
2K7xn816oNHJZ0aVqdQsha	Softcore	The Neighbourhood	25	#bd3200	2022-01-27	Viral 50	is
2Q5q1q01KOdHt5fM00WUJ8	Colombia, Mi Encanto	Carlos Vives	26	#bd3200	2022-01-27	Viral 50	is
20on25jryn53hWghthWWW3	Do It To It	ACRAZE, Cherish	27	#bd3200	2022-01-27	Viral 50	is
4AVU6uzFJvRmj40iMHCk8H	For Crying Out Loud	Meat Loaf	28	#84bd00	2022-01-27	Viral 50	is
4hJhHbkhZFnxmWbAkZRoe0	Peru	Fireboy DML, Ed Sheeran	29	#bd3200	2022-01-27	Viral 50	is
6jPVyjPqp2BNUJnDSwm8tK	Two Oruguitas	Sebastian Yatra	30	#3e3e40	2022-01-27	Viral 50	is
2B4GHvToeLTOBB4QLzW3Ni	Pepas	Farruko	31	#84bd00	2022-01-27	Viral 50	is
6GomT970rCOkKAyyrwJeZi	Move Your Body	Öwnboss, Sevek	32	#84bd00	2022-01-27	Viral 50	is
6nQ1B216Liiydhgn2gar0o	Material Girl	Saucy Santana	33	#84bd00	2022-01-27	Viral 50	is
3DRG3HjNz4ZzjDapuZZVOt	Svart-hvíta hetjan mín	Dúkkulísurnar	34	#4687d7	2022-01-27	Viral 50	is
35mBYyB61qTcGGj7MXIRM1	Cpr	cupcakKe	35	#bd3200	2022-01-27	Viral 50	is
6APsKoj3WzGnctxf5fjqCh	UNGUR DRENGUR DRIPPIN	FLUGFÉLAGIÐ, Gísli Pálmi, Yung Nigo Drippin'	36	#84bd00	2022-01-27	Viral 50	is
7BbaIYAdi3pg4MGl6PHwPv	Monëy so big	Yeat	37	#84bd00	2022-01-27	Viral 50	is
4A8cWXxKfIL3lAyUDzXbCF	Super Gremlin	Kodak Black	38	#bd3200	2022-01-27	Viral 50	is
79nEEoEPY2w8EXj9hjn5oc	Ginseng Strip 2002	Yung Lean	39	#4687d7	2022-01-27	Viral 50	is
73od4vMaU69sR2IOm04yh2	Gerum okkar besta	Landslið Íslands í handknattleik, Valgeir Guðjónsson	40	#bd3200	2022-01-27	Viral 50	is
4lACdvcECsrZT78LbR6bjU	Svart hár	ISSI	41	#4687d7	2022-01-27	Viral 50	is
62ke5zFUJN6RvtXZgVH0F8	Only Love Can Hurt Like This	Paloma Faith	42	#bd3200	2022-01-27	Viral 50	is
6jHBzdq0by8m9DcQ6lL8VG	Með stjörnunum	Herbert Guðmundsson	43	#84bd00	2022-01-27	Viral 50	is
3nOz1U41SZZ0N3fuUWr9nb	I AM WOMAN	Emmy Meli	44	#bd3200	2022-01-27	Viral 50	is
6zwp5dM2tL5hOWpfEmMpTB	Ef þú hugsar eins og ég	FLOTT, Unnsteinn	45	#bd3200	2022-01-27	Viral 50	is
1r9xUipOqoNwggBpENDsvJ	Enemy (with JID) - from the series Arcane League of Legends	Imagine Dragons	46	#4687d7	2022-01-27	Viral 50	is
3jJ9djWzDlQnqDd7vTZs9K	"Mon Soleil - from ""Emily in Paris"" Soundtrack"	Ashley Park	47	#bd3200	2022-01-27	Viral 50	is
6jzAkKTa5sRAcIG4N1DkV6	Dead Of Night	Orville Peck	48	#bd3200	2022-01-27	Viral 50	is
3GsQ0jSw8803wGtchonp6N	1989	Haukur H	49	#4687d7	2022-01-27	Viral 50	is
11iIikXxC6NP0Ma8vMD27x	Alien Blues	Vundabar	50	#3e3e40	2022-01-27	Viral 50	is
3cqWSJzuxZCsglpaxWtosT	Before I Knew It	Mason Ramsey	1	#84bd00	2022-01-28	Viral 50	is
52xJxFP6TqMuO4Yt0eOkMz	We Don't Talk About Bruno	Carolina Gaitán - La Gaita, Mauro Castillo, Adassa, Rhenzy Feliz, Diane Guerrero, Stephanie Beatriz, Encanto - Cast	2	#84bd00	2022-01-28	Viral 50	is
7AVyve7cFYTd51ha5i9kE2	Down Under (feat. Colin Hay)	Luude	3	#84bd00	2022-01-28	Viral 50	is
6K5ph5mq1qprHae3TrgTj5	"Surface Pressure - From ""Encanto""/Soundtrack Version"	Jessica Darrow	4	#84bd00	2022-01-28	Viral 50	is
38nkd5HL1PMbaoU7HNqxu9	intertwined	Arny Margret	5	#bd3200	2022-01-28	Viral 50	is
4bLL8O04PMkzYpT4sC47kd	Ástin heldur vöku	Júlí Heiðar	6	#84bd00	2022-01-28	Viral 50	is
6NI1jGEu4dRI1g9f6u7hB0	LaLíf	Kjartan Ólafsson	7	#84bd00	2022-01-28	Viral 50	is
2Xb6wJYGi0QXwURw5WWvI5	Right Down the Line	Gerry Rafferty	8	#84bd00	2022-01-28	Viral 50	is
5vUnjhBzRJJIAOJPde6zDx	TO THE MOON	Jnr Choi, Sam Tompkins	9	#84bd00	2022-01-28	Viral 50	is
5rohUzwEoRsUvAA1Bf3DLo	Dos Oruguitas	Sebastian Yatra	10	#84bd00	2022-01-28	Viral 50	is
5Ts1DYOuouQLgzTaisxWYh	Love Grows (Where My Rosemary Goes)	Edison Lighthouse	11	#84bd00	2022-01-28	Viral 50	is
4b1yxSdlumA8N4fEk4UOZp	The Family Madrigal	Stephanie Beatriz, Olga Merediz, Encanto - Cast	12	#84bd00	2022-01-28	Viral 50	is
3XoYqtiWHhsk59frZupImG	What Else Can I Do?	Diane Guerrero, Stephanie Beatriz	13	#84bd00	2022-01-28	Viral 50	is
3xRH6FPVtheDyNla3T1FE7	Hrs and Hrs	Muni Long	14	#84bd00	2022-01-28	Viral 50	is
2Q5q1q01KOdHt5fM00WUJ8	Colombia, Mi Encanto	Carlos Vives	15	#84bd00	2022-01-28	Viral 50	is
7mzHEzbsl5iOvBRuXwReZU	Paradise By the Dashboard Light	Meat Loaf	16	#bd3200	2022-01-28	Viral 50	is
4SkkXTtocKccDPJjq4xutq	Ástarsæla	Júníus Meyvant	17	#84bd00	2022-01-28	Viral 50	is
6zwp5dM2tL5hOWpfEmMpTB	Ef þú hugsar eins og ég	FLOTT, Unnsteinn	18	#84bd00	2022-01-28	Viral 50	is
4fouWK6XVHhzl78KzQ1UjL	abcdefu	GAYLE	19	#84bd00	2022-01-28	Viral 50	is
2K7xn816oNHJZ0aVqdQsha	Softcore	The Neighbourhood	20	#84bd00	2022-01-28	Viral 50	is
6zYdoGQaG0LwePeZdTWkg3	Two Out of Three Ain't Bad	Meat Loaf	21	#bd3200	2022-01-28	Viral 50	is
20on25jryn53hWghthWWW3	Do It To It	ACRAZE, Cherish	22	#84bd00	2022-01-28	Viral 50	is
79nEEoEPY2w8EXj9hjn5oc	Ginseng Strip 2002	Yung Lean	23	#84bd00	2022-01-28	Viral 50	is
6APsKoj3WzGnctxf5fjqCh	UNGUR DRENGUR DRIPPIN	FLUGFÉLAGIÐ, Gísli Pálmi, Yung Nigo Drippin'	24	#84bd00	2022-01-28	Viral 50	is
6GomT970rCOkKAyyrwJeZi	Move Your Body	Öwnboss, Sevek	25	#84bd00	2022-01-28	Viral 50	is
2B4GHvToeLTOBB4QLzW3Ni	Pepas	Farruko	26	#84bd00	2022-01-28	Viral 50	is
4hJhHbkhZFnxmWbAkZRoe0	Peru	Fireboy DML, Ed Sheeran	27	#84bd00	2022-01-28	Viral 50	is
6jPVyjPqp2BNUJnDSwm8tK	Two Oruguitas	Sebastian Yatra	28	#84bd00	2022-01-28	Viral 50	is
0VafPclbphrwh36WraHWws	Bat Out of Hell	Meat Loaf	29	#bd3200	2022-01-28	Viral 50	is
4lACdvcECsrZT78LbR6bjU	Svart hár	ISSI	30	#84bd00	2022-01-28	Viral 50	is
73od4vMaU69sR2IOm04yh2	Gerum okkar besta	Landslið Íslands í handknattleik, Valgeir Guðjónsson	31	#84bd00	2022-01-28	Viral 50	is
35mBYyB61qTcGGj7MXIRM1	Cpr	cupcakKe	32	#84bd00	2022-01-28	Viral 50	is
3DRG3HjNz4ZzjDapuZZVOt	Svart-hvíta hetjan mín	Dúkkulísurnar	33	#84bd00	2022-01-28	Viral 50	is
391CwgcBxvUHmEKda2b5In	I'd Do Anything For Love (But I Won't Do That) - Single Edit	Meat Loaf	34	#bd3200	2022-01-28	Viral 50	is
6nQ1B216Liiydhgn2gar0o	Material Girl	Saucy Santana	35	#bd3200	2022-01-28	Viral 50	is
1r9xUipOqoNwggBpENDsvJ	Enemy (with JID) - from the series Arcane League of Legends	Imagine Dragons	36	#84bd00	2022-01-28	Viral 50	is
6jHBzdq0by8m9DcQ6lL8VG	Með stjörnunum	Herbert Guðmundsson	37	#84bd00	2022-01-28	Viral 50	is
62ke5zFUJN6RvtXZgVH0F8	Only Love Can Hurt Like This	Paloma Faith	38	#84bd00	2022-01-28	Viral 50	is
2zpZkOV7sD9C4Cv0cukoHV	Always Been You	Jessie Murph	39	#4687d7	2022-01-28	Viral 50	is
11iIikXxC6NP0Ma8vMD27x	Alien Blues	Vundabar	40	#84bd00	2022-01-28	Viral 50	is
05EG9LwFCVjkoYEWzsrHHO	Legend	Tevvez	41	#4687d7	2022-01-28	Viral 50	is
5WYsRclLv4s0Mth7uG7ixg	Heaven Can Wait	Meat Loaf	42	#bd3200	2022-01-28	Viral 50	is
7BbaIYAdi3pg4MGl6PHwPv	Monëy so big	Yeat	43	#bd3200	2022-01-28	Viral 50	is
2CXNjqL7ewOt2bo5VCd1Lj	BACKROOM	Mike Dimes	44	#4687d7	2022-01-28	Viral 50	is
55MIRLbZzpYSmMlRt9ZDWM	"30/90 (from ""tick, tick... BOOM!"" Soundtrack from the Netflix Film)"	Andrew Garfield, Joshua Henry, Vanessa Hudgens, Robin de Jesus, Alexandra Shipp, MJ Rodriguez	45	#4687d7	2022-01-28	Viral 50	is
0sTlGEld0h8kIPZaKDYUf4	Notion	The Rare Occasions	46	#4687d7	2022-01-28	Viral 50	is
1bjhYUwKUHEg5fHknxFObO	Lost	Frank Ocean	47	#4687d7	2022-01-28	Viral 50	is
5902W4uHWzhtOff1UK7the	When I’m Gone (with Katy Perry)	Alesso	48	#4687d7	2022-01-28	Viral 50	is
337kcYVjYXdLBItCw9ry3b	Overseas	D-Block Europe, Central Cee	49	#4687d7	2022-01-28	Viral 50	is
4SqWKzw0CbA05TGszDgMlc	I Love You So	The Walters	50	#4687d7	2022-01-28	Viral 50	is
3cqWSJzuxZCsglpaxWtosT	Before I Knew It	Mason Ramsey	1	#3e3e40	2022-01-29	Viral 50	is
52xJxFP6TqMuO4Yt0eOkMz	We Don't Talk About Bruno	Carolina Gaitán - La Gaita, Mauro Castillo, Adassa, Rhenzy Feliz, Diane Guerrero, Stephanie Beatriz, Encanto - Cast	2	#3e3e40	2022-01-29	Viral 50	is
7AVyve7cFYTd51ha5i9kE2	Down Under (feat. Colin Hay)	Luude	3	#3e3e40	2022-01-29	Viral 50	is
5vUnjhBzRJJIAOJPde6zDx	TO THE MOON	Jnr Choi, Sam Tompkins	4	#84bd00	2022-01-29	Viral 50	is
6K5ph5mq1qprHae3TrgTj5	"Surface Pressure - From ""Encanto""/Soundtrack Version"	Jessica Darrow	5	#bd3200	2022-01-29	Viral 50	is
2Xb6wJYGi0QXwURw5WWvI5	Right Down the Line	Gerry Rafferty	6	#84bd00	2022-01-29	Viral 50	is
4bLL8O04PMkzYpT4sC47kd	Ástin heldur vöku	Júlí Heiðar	7	#bd3200	2022-01-29	Viral 50	is
6NI1jGEu4dRI1g9f6u7hB0	LaLíf	Kjartan Ólafsson	8	#bd3200	2022-01-29	Viral 50	is
38nkd5HL1PMbaoU7HNqxu9	intertwined	Arny Margret	9	#bd3200	2022-01-29	Viral 50	is
5rohUzwEoRsUvAA1Bf3DLo	Dos Oruguitas	Sebastian Yatra	10	#3e3e40	2022-01-29	Viral 50	is
79nEEoEPY2w8EXj9hjn5oc	Ginseng Strip 2002	Yung Lean	11	#84bd00	2022-01-29	Viral 50	is
5Ts1DYOuouQLgzTaisxWYh	Love Grows (Where My Rosemary Goes)	Edison Lighthouse	12	#bd3200	2022-01-29	Viral 50	is
4b1yxSdlumA8N4fEk4UOZp	The Family Madrigal	Stephanie Beatriz, Olga Merediz, Encanto - Cast	13	#bd3200	2022-01-29	Viral 50	is
3XoYqtiWHhsk59frZupImG	What Else Can I Do?	Diane Guerrero, Stephanie Beatriz	14	#bd3200	2022-01-29	Viral 50	is
4SkkXTtocKccDPJjq4xutq	Ástarsæla	Júníus Meyvant	15	#84bd00	2022-01-29	Viral 50	is
6zwp5dM2tL5hOWpfEmMpTB	Ef þú hugsar eins og ég	FLOTT, Unnsteinn	16	#84bd00	2022-01-29	Viral 50	is
2K7xn816oNHJZ0aVqdQsha	Softcore	The Neighbourhood	17	#84bd00	2022-01-29	Viral 50	is
6APsKoj3WzGnctxf5fjqCh	UNGUR DRENGUR DRIPPIN	FLUGFÉLAGIÐ, Gísli Pálmi, Yung Nigo Drippin'	18	#84bd00	2022-01-29	Viral 50	is
2Q5q1q01KOdHt5fM00WUJ8	Colombia, Mi Encanto	Carlos Vives	19	#bd3200	2022-01-29	Viral 50	is
3xRH6FPVtheDyNla3T1FE7	Hrs and Hrs	Muni Long	20	#bd3200	2022-01-29	Viral 50	is
20on25jryn53hWghthWWW3	Do It To It	ACRAZE, Cherish	21	#84bd00	2022-01-29	Viral 50	is
35mBYyB61qTcGGj7MXIRM1	Cpr	cupcakKe	22	#84bd00	2022-01-29	Viral 50	is
4hJhHbkhZFnxmWbAkZRoe0	Peru	Fireboy DML, Ed Sheeran	23	#84bd00	2022-01-29	Viral 50	is
6jPVyjPqp2BNUJnDSwm8tK	Two Oruguitas	Sebastian Yatra	24	#84bd00	2022-01-29	Viral 50	is
4lACdvcECsrZT78LbR6bjU	Svart hár	ISSI	25	#84bd00	2022-01-29	Viral 50	is
4fouWK6XVHhzl78KzQ1UjL	abcdefu	GAYLE	26	#bd3200	2022-01-29	Viral 50	is
2B4GHvToeLTOBB4QLzW3Ni	Pepas	Farruko	27	#bd3200	2022-01-29	Viral 50	is
6GomT970rCOkKAyyrwJeZi	Move Your Body	Öwnboss, Sevek	28	#bd3200	2022-01-29	Viral 50	is
5902W4uHWzhtOff1UK7the	When I’m Gone (with Katy Perry)	Alesso	29	#84bd00	2022-01-29	Viral 50	is
71yCMlsD6qbD7NmNUEoVNR	Ca plane pour moi	Plastic Bertrand	30	#4687d7	2022-01-29	Viral 50	is
21xzFXSL2XkZ2mIzDDAqTK	God Must Hate Me	Catie Turner	31	#4687d7	2022-01-29	Viral 50	is
55MIRLbZzpYSmMlRt9ZDWM	"30/90 (from ""tick, tick... BOOM!"" Soundtrack from the Netflix Film)"	Andrew Garfield, Joshua Henry, Vanessa Hudgens, Robin de Jesus, Alexandra Shipp, MJ Rodriguez	32	#84bd00	2022-01-29	Viral 50	is
1r9xUipOqoNwggBpENDsvJ	Enemy (with JID) - from the series Arcane League of Legends	Imagine Dragons	33	#84bd00	2022-01-29	Viral 50	is
7mzHEzbsl5iOvBRuXwReZU	Paradise By the Dashboard Light	Meat Loaf	34	#bd3200	2022-01-29	Viral 50	is
10hMM5nsZQf66ldBlgWBfG	All For Us - from the HBO Original Series Euphoria	Labrinth, Zendaya	35	#4687d7	2022-01-29	Viral 50	is
6jHBzdq0by8m9DcQ6lL8VG	Með stjörnunum	Herbert Guðmundsson	36	#84bd00	2022-01-29	Viral 50	is
62ke5zFUJN6RvtXZgVH0F8	Only Love Can Hurt Like This	Paloma Faith	37	#84bd00	2022-01-29	Viral 50	is
11iIikXxC6NP0Ma8vMD27x	Alien Blues	Vundabar	38	#84bd00	2022-01-29	Viral 50	is
2zpZkOV7sD9C4Cv0cukoHV	Always Been You	Jessie Murph	39	#3e3e40	2022-01-29	Viral 50	is
6zYdoGQaG0LwePeZdTWkg3	Two Out of Three Ain't Bad	Meat Loaf	40	#bd3200	2022-01-29	Viral 50	is
05EG9LwFCVjkoYEWzsrHHO	Legend	Tevvez	41	#3e3e40	2022-01-29	Viral 50	is
0sTlGEld0h8kIPZaKDYUf4	Notion	The Rare Occasions	42	#84bd00	2022-01-29	Viral 50	is
3DRG3HjNz4ZzjDapuZZVOt	Svart-hvíta hetjan mín	Dúkkulísurnar	43	#bd3200	2022-01-29	Viral 50	is
73od4vMaU69sR2IOm04yh2	Gerum okkar besta	Landslið Íslands í handknattleik, Valgeir Guðjónsson	44	#bd3200	2022-01-29	Viral 50	is
2CXNjqL7ewOt2bo5VCd1Lj	BACKROOM	Mike Dimes	45	#bd3200	2022-01-29	Viral 50	is
1bjhYUwKUHEg5fHknxFObO	Lost	Frank Ocean	46	#84bd00	2022-01-29	Viral 50	is
4SqWKzw0CbA05TGszDgMlc	I Love You So	The Walters	47	#84bd00	2022-01-29	Viral 50	is
3GsQ0jSw8803wGtchonp6N	1989	Haukur H	48	#4687d7	2022-01-29	Viral 50	is
1EQFOouqdKYdpbNoOHRVO2	abcdefu (angrier)	GAYLE	49	#4687d7	2022-01-29	Viral 50	is
1pwrk7g0CuWEyhcFEN72pv	You Took the Words Right Out of My Mouth (Hot Summer Night)	Meat Loaf	50	#4687d7	2022-01-29	Viral 50	is
52xJxFP6TqMuO4Yt0eOkMz	We Don't Talk About Bruno	Carolina Gaitán - La Gaita, Mauro Castillo, Adassa, Rhenzy Feliz, Diane Guerrero, Stephanie Beatriz, Encanto - Cast	1	#84bd00	2022-01-30	Viral 50	is
3cqWSJzuxZCsglpaxWtosT	Before I Knew It	Mason Ramsey	2	#bd3200	2022-01-30	Viral 50	is
7AVyve7cFYTd51ha5i9kE2	Down Under (feat. Colin Hay)	Luude	3	#3e3e40	2022-01-30	Viral 50	is
5vUnjhBzRJJIAOJPde6zDx	TO THE MOON	Jnr Choi, Sam Tompkins	4	#3e3e40	2022-01-30	Viral 50	is
6K5ph5mq1qprHae3TrgTj5	"Surface Pressure - From ""Encanto""/Soundtrack Version"	Jessica Darrow	5	#3e3e40	2022-01-30	Viral 50	is
2Xb6wJYGi0QXwURw5WWvI5	Right Down the Line	Gerry Rafferty	6	#3e3e40	2022-01-30	Viral 50	is
4bLL8O04PMkzYpT4sC47kd	Ástin heldur vöku	Júlí Heiðar	7	#3e3e40	2022-01-30	Viral 50	is
5rohUzwEoRsUvAA1Bf3DLo	Dos Oruguitas	Sebastian Yatra	8	#84bd00	2022-01-30	Viral 50	is
6NI1jGEu4dRI1g9f6u7hB0	LaLíf	Kjartan Ólafsson	9	#bd3200	2022-01-30	Viral 50	is
79nEEoEPY2w8EXj9hjn5oc	Ginseng Strip 2002	Yung Lean	10	#84bd00	2022-01-30	Viral 50	is
4b1yxSdlumA8N4fEk4UOZp	The Family Madrigal	Stephanie Beatriz, Olga Merediz, Encanto - Cast	11	#84bd00	2022-01-30	Viral 50	is
5Ts1DYOuouQLgzTaisxWYh	Love Grows (Where My Rosemary Goes)	Edison Lighthouse	12	#3e3e40	2022-01-30	Viral 50	is
3xRH6FPVtheDyNla3T1FE7	Hrs and Hrs	Muni Long	13	#84bd00	2022-01-30	Viral 50	is
4SkkXTtocKccDPJjq4xutq	Ástarsæla	Júníus Meyvant	14	#84bd00	2022-01-30	Viral 50	is
3XoYqtiWHhsk59frZupImG	What Else Can I Do?	Diane Guerrero, Stephanie Beatriz	15	#bd3200	2022-01-30	Viral 50	is
2Q5q1q01KOdHt5fM00WUJ8	Colombia, Mi Encanto	Carlos Vives	16	#84bd00	2022-01-30	Viral 50	is
6zwp5dM2tL5hOWpfEmMpTB	Ef þú hugsar eins og ég	FLOTT, Unnsteinn	17	#bd3200	2022-01-30	Viral 50	is
38nkd5HL1PMbaoU7HNqxu9	intertwined	Arny Margret	18	#bd3200	2022-01-30	Viral 50	is
4lACdvcECsrZT78LbR6bjU	Svart hár	ISSI	19	#84bd00	2022-01-30	Viral 50	is
6APsKoj3WzGnctxf5fjqCh	UNGUR DRENGUR DRIPPIN	FLUGFÉLAGIÐ, Gísli Pálmi, Yung Nigo Drippin'	20	#bd3200	2022-01-30	Viral 50	is
2K7xn816oNHJZ0aVqdQsha	Softcore	The Neighbourhood	21	#bd3200	2022-01-30	Viral 50	is
35mBYyB61qTcGGj7MXIRM1	Cpr	cupcakKe	22	#3e3e40	2022-01-30	Viral 50	is
4fouWK6XVHhzl78KzQ1UjL	abcdefu	GAYLE	23	#84bd00	2022-01-30	Viral 50	is
4hJhHbkhZFnxmWbAkZRoe0	Peru	Fireboy DML, Ed Sheeran	24	#bd3200	2022-01-30	Viral 50	is
6jPVyjPqp2BNUJnDSwm8tK	Two Oruguitas	Sebastian Yatra	25	#bd3200	2022-01-30	Viral 50	is
10hMM5nsZQf66ldBlgWBfG	All For Us - from the HBO Original Series Euphoria	Labrinth, Zendaya	26	#84bd00	2022-01-30	Viral 50	is
55MIRLbZzpYSmMlRt9ZDWM	"30/90 (from ""tick, tick... BOOM!"" Soundtrack from the Netflix Film)"	Andrew Garfield, Joshua Henry, Vanessa Hudgens, Robin de Jesus, Alexandra Shipp, MJ Rodriguez	27	#84bd00	2022-01-30	Viral 50	is
6GomT970rCOkKAyyrwJeZi	Move Your Body	Öwnboss, Sevek	28	#3e3e40	2022-01-30	Viral 50	is
62ke5zFUJN6RvtXZgVH0F8	Only Love Can Hurt Like This	Paloma Faith	29	#84bd00	2022-01-30	Viral 50	is
5902W4uHWzhtOff1UK7the	When I’m Gone (with Katy Perry)	Alesso	30	#bd3200	2022-01-30	Viral 50	is
71yCMlsD6qbD7NmNUEoVNR	Ca plane pour moi	Plastic Bertrand	31	#bd3200	2022-01-30	Viral 50	is
20on25jryn53hWghthWWW3	Do It To It	ACRAZE, Cherish	32	#bd3200	2022-01-30	Viral 50	is
1r9xUipOqoNwggBpENDsvJ	Enemy (with JID) - from the series Arcane League of Legends	Imagine Dragons	33	#3e3e40	2022-01-30	Viral 50	is
11iIikXxC6NP0Ma8vMD27x	Alien Blues	Vundabar	34	#84bd00	2022-01-30	Viral 50	is
21xzFXSL2XkZ2mIzDDAqTK	God Must Hate Me	Catie Turner	35	#bd3200	2022-01-30	Viral 50	is
6jHBzdq0by8m9DcQ6lL8VG	Með stjörnunum	Herbert Guðmundsson	36	#3e3e40	2022-01-30	Viral 50	is
2B4GHvToeLTOBB4QLzW3Ni	Pepas	Farruko	37	#bd3200	2022-01-30	Viral 50	is
7mzHEzbsl5iOvBRuXwReZU	Paradise By the Dashboard Light	Meat Loaf	38	#bd3200	2022-01-30	Viral 50	is
6lknMmJZALXxx7emwwZWLX	Frozen	Madonna, Sickick	39	#4687d7	2022-01-30	Viral 50	is
05EG9LwFCVjkoYEWzsrHHO	Legend	Tevvez	40	#84bd00	2022-01-30	Viral 50	is
1bjhYUwKUHEg5fHknxFObO	Lost	Frank Ocean	41	#84bd00	2022-01-30	Viral 50	is
3DRG3HjNz4ZzjDapuZZVOt	Svart-hvíta hetjan mín	Dúkkulísurnar	42	#84bd00	2022-01-30	Viral 50	is
1toNKayLMeCcVlsLGXJl7n	Haunted	Laura Les	43	#4687d7	2022-01-30	Viral 50	is
1SOClUWhOi8vHZYMz3GluK	Infinity	Jaymes Young	44	#4687d7	2022-01-30	Viral 50	is
1pwrk7g0CuWEyhcFEN72pv	You Took the Words Right Out of My Mouth (Hot Summer Night)	Meat Loaf	45	#84bd00	2022-01-30	Viral 50	is
2CXNjqL7ewOt2bo5VCd1Lj	BACKROOM	Mike Dimes	46	#bd3200	2022-01-30	Viral 50	is
4SqWKzw0CbA05TGszDgMlc	I Love You So	The Walters	47	#3e3e40	2022-01-30	Viral 50	is
1dxcQA922vdRVtSlGunpGX	Fjólublátt ljós við barinn	Klíkan	48	#4687d7	2022-01-30	Viral 50	is
337kcYVjYXdLBItCw9ry3b	Overseas	D-Block Europe, Central Cee	49	#4687d7	2022-01-30	Viral 50	is
73od4vMaU69sR2IOm04yh2	Gerum okkar besta	Landslið Íslands í handknattleik, Valgeir Guðjónsson	50	#bd3200	2022-01-30	Viral 50	is
7AVyve7cFYTd51ha5i9kE2	Down Under (feat. Colin Hay)	Luude	1	#84bd00	2022-01-31	Viral 50	is
52xJxFP6TqMuO4Yt0eOkMz	We Don't Talk About Bruno	Carolina Gaitán - La Gaita, Mauro Castillo, Adassa, Rhenzy Feliz, Diane Guerrero, Stephanie Beatriz, Encanto - Cast	2	#bd3200	2022-01-31	Viral 50	is
3cqWSJzuxZCsglpaxWtosT	Before I Knew It	Mason Ramsey	3	#bd3200	2022-01-31	Viral 50	is
5vUnjhBzRJJIAOJPde6zDx	TO THE MOON	Jnr Choi, Sam Tompkins	4	#3e3e40	2022-01-31	Viral 50	is
3XOalgusokruzA5ZBA2Qcb	pushin P (feat. Young Thug)	Gunna, Future	5	#4687d7	2022-01-31	Viral 50	is
5S9Zs5g9lTWnLIboN1pdlU	Fingers Crossed	Lauren Spencer-Smith	6	#4687d7	2022-01-31	Viral 50	is
79nEEoEPY2w8EXj9hjn5oc	Ginseng Strip 2002	Yung Lean	7	#84bd00	2022-01-31	Viral 50	is
2Xb6wJYGi0QXwURw5WWvI5	Right Down the Line	Gerry Rafferty	8	#bd3200	2022-01-31	Viral 50	is
3XoYqtiWHhsk59frZupImG	What Else Can I Do?	Diane Guerrero, Stephanie Beatriz	9	#84bd00	2022-01-31	Viral 50	is
6K5ph5mq1qprHae3TrgTj5	"Surface Pressure - From ""Encanto""/Soundtrack Version"	Jessica Darrow	10	#bd3200	2022-01-31	Viral 50	is
5rohUzwEoRsUvAA1Bf3DLo	Dos Oruguitas	Sebastian Yatra	11	#bd3200	2022-01-31	Viral 50	is
4bLL8O04PMkzYpT4sC47kd	Ástin heldur vöku	Júlí Heiðar	12	#bd3200	2022-01-31	Viral 50	is
6NI1jGEu4dRI1g9f6u7hB0	LaLíf	Kjartan Ólafsson	13	#bd3200	2022-01-31	Viral 50	is
4b1yxSdlumA8N4fEk4UOZp	The Family Madrigal	Stephanie Beatriz, Olga Merediz, Encanto - Cast	14	#bd3200	2022-01-31	Viral 50	is
3xRH6FPVtheDyNla3T1FE7	Hrs and Hrs	Muni Long	15	#bd3200	2022-01-31	Viral 50	is
4SkkXTtocKccDPJjq4xutq	Ástarsæla	Júníus Meyvant	16	#bd3200	2022-01-31	Viral 50	is
5Ts1DYOuouQLgzTaisxWYh	Love Grows (Where My Rosemary Goes)	Edison Lighthouse	17	#bd3200	2022-01-31	Viral 50	is
38nkd5HL1PMbaoU7HNqxu9	intertwined	Arny Margret	18	#3e3e40	2022-01-31	Viral 50	is
35mBYyB61qTcGGj7MXIRM1	Cpr	cupcakKe	19	#84bd00	2022-01-31	Viral 50	is
1AH5xpMDZoHl39XzYhJGWZ	Stadium	Vök	20	#4687d7	2022-01-31	Viral 50	is
2Q5q1q01KOdHt5fM00WUJ8	Colombia, Mi Encanto	Carlos Vives	21	#bd3200	2022-01-31	Viral 50	is
6APsKoj3WzGnctxf5fjqCh	UNGUR DRENGUR DRIPPIN	FLUGFÉLAGIÐ, Gísli Pálmi, Yung Nigo Drippin'	22	#bd3200	2022-01-31	Viral 50	is
2K7xn816oNHJZ0aVqdQsha	Softcore	The Neighbourhood	23	#bd3200	2022-01-31	Viral 50	is
3oRW9ZGPRbLRMneQ5lwflt	Waiting On A Miracle	Stephanie Beatriz	24	#4687d7	2022-01-31	Viral 50	is
4lACdvcECsrZT78LbR6bjU	Svart hár	ISSI	25	#bd3200	2022-01-31	Viral 50	is
1dxcQA922vdRVtSlGunpGX	Fjólublátt ljós við barinn	Klíkan	26	#84bd00	2022-01-31	Viral 50	is
4fouWK6XVHhzl78KzQ1UjL	abcdefu	GAYLE	27	#bd3200	2022-01-31	Viral 50	is
55MIRLbZzpYSmMlRt9ZDWM	"30/90 (from ""tick, tick... BOOM!"" Soundtrack from the Netflix Film)"	Andrew Garfield, Joshua Henry, Vanessa Hudgens, Robin de Jesus, Alexandra Shipp, MJ Rodriguez	28	#bd3200	2022-01-31	Viral 50	is
6zwp5dM2tL5hOWpfEmMpTB	Ef þú hugsar eins og ég	FLOTT, Unnsteinn	29	#bd3200	2022-01-31	Viral 50	is
6GomT970rCOkKAyyrwJeZi	Move Your Body	Öwnboss, Sevek	30	#bd3200	2022-01-31	Viral 50	is
10hMM5nsZQf66ldBlgWBfG	All For Us - from the HBO Original Series Euphoria	Labrinth, Zendaya	31	#bd3200	2022-01-31	Viral 50	is
6jHBzdq0by8m9DcQ6lL8VG	Með stjörnunum	Herbert Guðmundsson	32	#84bd00	2022-01-31	Viral 50	is
4iwiYqzoLImJraKQ9Pf2I2	Ameno Amapiano Remix (You Wanna Bamba)	Goya Menor, Nektunez	33	#4687d7	2022-01-31	Viral 50	is
71yCMlsD6qbD7NmNUEoVNR	Ca plane pour moi	Plastic Bertrand	34	#bd3200	2022-01-31	Viral 50	is
6lknMmJZALXxx7emwwZWLX	Frozen	Madonna, Sickick	35	#84bd00	2022-01-31	Viral 50	is
1nH2PkJL1XoUq8oE6tBZoU	Sacrifice	The Weeknd	36	#4687d7	2022-01-31	Viral 50	is
20on25jryn53hWghthWWW3	Do It To It	ACRAZE, Cherish	37	#bd3200	2022-01-31	Viral 50	is
1toNKayLMeCcVlsLGXJl7n	Haunted	Laura Les	38	#84bd00	2022-01-31	Viral 50	is
11iIikXxC6NP0Ma8vMD27x	Alien Blues	Vundabar	39	#bd3200	2022-01-31	Viral 50	is
21xzFXSL2XkZ2mIzDDAqTK	God Must Hate Me	Catie Turner	40	#bd3200	2022-01-31	Viral 50	is
1bjhYUwKUHEg5fHknxFObO	Lost	Frank Ocean	41	#3e3e40	2022-01-31	Viral 50	is
1r9xUipOqoNwggBpENDsvJ	Enemy (with JID) - from the series Arcane League of Legends	Imagine Dragons	42	#bd3200	2022-01-31	Viral 50	is
6jPVyjPqp2BNUJnDSwm8tK	Two Oruguitas	Sebastian Yatra	43	#bd3200	2022-01-31	Viral 50	is
1E8xVRD9lPeXJQ3vXIlJk2	Retail Therapy	Central Cee	44	#4687d7	2022-01-31	Viral 50	is
7mzHEzbsl5iOvBRuXwReZU	Paradise By the Dashboard Light	Meat Loaf	45	#bd3200	2022-01-31	Viral 50	is
4SqWKzw0CbA05TGszDgMlc	I Love You So	The Walters	46	#84bd00	2022-01-31	Viral 50	is
2B4GHvToeLTOBB4QLzW3Ni	Pepas	Farruko	47	#bd3200	2022-01-31	Viral 50	is
05EG9LwFCVjkoYEWzsrHHO	Legend	Tevvez	48	#bd3200	2022-01-31	Viral 50	is
62ke5zFUJN6RvtXZgVH0F8	Only Love Can Hurt Like This	Paloma Faith	49	#bd3200	2022-01-31	Viral 50	is
1pwrk7g0CuWEyhcFEN72pv	You Took the Words Right Out of My Mouth (Hot Summer Night)	Meat Loaf	50	#bd3200	2022-01-31	Viral 50	is
52xJxFP6TqMuO4Yt0eOkMz	We Don't Talk About Bruno	Carolina Gaitán - La Gaita, Mauro Castillo, Adassa, Rhenzy Feliz, Diane Guerrero, Stephanie Beatriz, Encanto - Cast	1	#84bd00	2022-02-01	Viral 50	is
3cqWSJzuxZCsglpaxWtosT	Before I Knew It	Mason Ramsey	2	#84bd00	2022-02-01	Viral 50	is
53O5nAlq04RKmSBqW0SFvG	Down Under (feat. Colin Hay)	Luude	3	#bd3200	2022-02-01	Viral 50	is
5S9Zs5g9lTWnLIboN1pdlU	Fingers Crossed	Lauren Spencer-Smith	4	#84bd00	2022-02-01	Viral 50	is
3XOalgusokruzA5ZBA2Qcb	pushin P (feat. Young Thug)	Gunna, Future	5	#3e3e40	2022-02-01	Viral 50	is
79nEEoEPY2w8EXj9hjn5oc	Ginseng Strip 2002	Yung Lean	6	#84bd00	2022-02-01	Viral 50	is
5vUnjhBzRJJIAOJPde6zDx	TO THE MOON	Jnr Choi, Sam Tompkins	7	#bd3200	2022-02-01	Viral 50	is
2Xb6wJYGi0QXwURw5WWvI5	Right Down the Line	Gerry Rafferty	8	#3e3e40	2022-02-01	Viral 50	is
5rohUzwEoRsUvAA1Bf3DLo	Dos Oruguitas	Sebastian Yatra	9	#84bd00	2022-02-01	Viral 50	is
4bLL8O04PMkzYpT4sC47kd	Ástin heldur vöku	Júlí Heiðar	10	#84bd00	2022-02-01	Viral 50	is
3XoYqtiWHhsk59frZupImG	What Else Can I Do?	Diane Guerrero, Stephanie Beatriz	11	#bd3200	2022-02-01	Viral 50	is
6K5ph5mq1qprHae3TrgTj5	"Surface Pressure - From ""Encanto""/Soundtrack Version"	Jessica Darrow	12	#bd3200	2022-02-01	Viral 50	is
6NI1jGEu4dRI1g9f6u7hB0	LaLíf	Kjartan Ólafsson	13	#3e3e40	2022-02-01	Viral 50	is
4b1yxSdlumA8N4fEk4UOZp	The Family Madrigal	Stephanie Beatriz, Olga Merediz, Encanto - Cast	14	#3e3e40	2022-02-01	Viral 50	is
3xRH6FPVtheDyNla3T1FE7	Hrs and Hrs	Muni Long	15	#3e3e40	2022-02-01	Viral 50	is
5Ts1DYOuouQLgzTaisxWYh	Love Grows (Where My Rosemary Goes)	Edison Lighthouse	16	#84bd00	2022-02-01	Viral 50	is
4SkkXTtocKccDPJjq4xutq	Ástarsæla	Júníus Meyvant	17	#bd3200	2022-02-01	Viral 50	is
35mBYyB61qTcGGj7MXIRM1	Cpr	cupcakKe	18	#84bd00	2022-02-01	Viral 50	is
2K7xn816oNHJZ0aVqdQsha	Softcore	The Neighbourhood	19	#84bd00	2022-02-01	Viral 50	is
4lACdvcECsrZT78LbR6bjU	Svart hár	ISSI	20	#84bd00	2022-02-01	Viral 50	is
2Q5q1q01KOdHt5fM00WUJ8	Colombia, Mi Encanto	Carlos Vives	21	#3e3e40	2022-02-01	Viral 50	is
6APsKoj3WzGnctxf5fjqCh	UNGUR DRENGUR DRIPPIN	FLUGFÉLAGIÐ, Gísli Pálmi, Yung Nigo Drippin'	22	#3e3e40	2022-02-01	Viral 50	is
1dxcQA922vdRVtSlGunpGX	Fjólublátt ljós við barinn	Klíkan	23	#84bd00	2022-02-01	Viral 50	is
1AH5xpMDZoHl39XzYhJGWZ	Stadium	Vök	24	#bd3200	2022-02-01	Viral 50	is
6zwp5dM2tL5hOWpfEmMpTB	Ef þú hugsar eins og ég	FLOTT, Unnsteinn	25	#84bd00	2022-02-01	Viral 50	is
38nkd5HL1PMbaoU7HNqxu9	intertwined	Arny Margret	26	#bd3200	2022-02-01	Viral 50	is
3oRW9ZGPRbLRMneQ5lwflt	Waiting On A Miracle	Stephanie Beatriz	27	#bd3200	2022-02-01	Viral 50	is
10hMM5nsZQf66ldBlgWBfG	All For Us - from the HBO Original Series Euphoria	Labrinth, Zendaya	28	#84bd00	2022-02-01	Viral 50	is
6GomT970rCOkKAyyrwJeZi	Move Your Body	Öwnboss, Sevek	29	#84bd00	2022-02-01	Viral 50	is
4iwiYqzoLImJraKQ9Pf2I2	Ameno Amapiano Remix (You Wanna Bamba)	Goya Menor, Nektunez	30	#84bd00	2022-02-01	Viral 50	is
4fouWK6XVHhzl78KzQ1UjL	abcdefu	GAYLE	31	#bd3200	2022-02-01	Viral 50	is
55MIRLbZzpYSmMlRt9ZDWM	"30/90 (from ""tick, tick... BOOM!"" Soundtrack from the Netflix Film)"	Andrew Garfield, Joshua Henry, Vanessa Hudgens, Robin de Jesus, Alexandra Shipp, MJ Rodriguez	32	#bd3200	2022-02-01	Viral 50	is
1nH2PkJL1XoUq8oE6tBZoU	Sacrifice	The Weeknd	33	#84bd00	2022-02-01	Viral 50	is
2B4GHvToeLTOBB4QLzW3Ni	Pepas	Farruko	34	#84bd00	2022-02-01	Viral 50	is
71yCMlsD6qbD7NmNUEoVNR	Ca plane pour moi	Plastic Bertrand	35	#bd3200	2022-02-01	Viral 50	is
20on25jryn53hWghthWWW3	Do It To It	ACRAZE, Cherish	36	#84bd00	2022-02-01	Viral 50	is
6jHBzdq0by8m9DcQ6lL8VG	Með stjörnunum	Herbert Guðmundsson	37	#bd3200	2022-02-01	Viral 50	is
250HCdqW1C97j3MjvWlysp	Bjór	Fræbblarnir	38	#4687d7	2022-02-01	Viral 50	is
6lknMmJZALXxx7emwwZWLX	Frozen	Madonna, Sickick	39	#bd3200	2022-02-01	Viral 50	is
1toNKayLMeCcVlsLGXJl7n	Haunted	Laura Les	40	#bd3200	2022-02-01	Viral 50	is
6jPVyjPqp2BNUJnDSwm8tK	Two Oruguitas	Sebastian Yatra	41	#84bd00	2022-02-01	Viral 50	is
1E8xVRD9lPeXJQ3vXIlJk2	Retail Therapy	Central Cee	42	#84bd00	2022-02-01	Viral 50	is
1r9xUipOqoNwggBpENDsvJ	Enemy (with JID) - from the series Arcane League of Legends	Imagine Dragons	43	#bd3200	2022-02-01	Viral 50	is
05EG9LwFCVjkoYEWzsrHHO	Legend	Tevvez	44	#84bd00	2022-02-01	Viral 50	is
1bjhYUwKUHEg5fHknxFObO	Lost	Frank Ocean	45	#bd3200	2022-02-01	Viral 50	is
11iIikXxC6NP0Ma8vMD27x	Alien Blues	Vundabar	46	#bd3200	2022-02-01	Viral 50	is
7rdIKBTAQm4nLlpA5E8DBI	Shake	Ishowsped	47	#4687d7	2022-02-01	Viral 50	is
337kcYVjYXdLBItCw9ry3b	Overseas	D-Block Europe, Central Cee	48	#4687d7	2022-02-01	Viral 50	is
7mzHEzbsl5iOvBRuXwReZU	Paradise By the Dashboard Light	Meat Loaf	49	#bd3200	2022-02-01	Viral 50	is
5RBOcBpJXaNnHCGViJmYhh	The Perfect Girl	Mareux	50	#4687d7	2022-02-01	Viral 50	is
52xJxFP6TqMuO4Yt0eOkMz	We Don't Talk About Bruno	Carolina Gaitán - La Gaita, Mauro Castillo, Adassa, Rhenzy Feliz, Diane Guerrero, Stephanie Beatriz, Encanto - Cast	1	#3e3e40	2022-02-02	Viral 50	is
53O5nAlq04RKmSBqW0SFvG	Down Under (feat. Colin Hay)	Luude	2	#84bd00	2022-02-02	Viral 50	is
3cqWSJzuxZCsglpaxWtosT	Before I Knew It	Mason Ramsey	3	#bd3200	2022-02-02	Viral 50	is
5S9Zs5g9lTWnLIboN1pdlU	Fingers Crossed	Lauren Spencer-Smith	4	#3e3e40	2022-02-02	Viral 50	is
79nEEoEPY2w8EXj9hjn5oc	Ginseng Strip 2002	Yung Lean	5	#84bd00	2022-02-02	Viral 50	is
3XOalgusokruzA5ZBA2Qcb	pushin P (feat. Young Thug)	Gunna, Future	6	#bd3200	2022-02-02	Viral 50	is
5vUnjhBzRJJIAOJPde6zDx	TO THE MOON	Jnr Choi, Sam Tompkins	7	#3e3e40	2022-02-02	Viral 50	is
2Xb6wJYGi0QXwURw5WWvI5	Right Down the Line	Gerry Rafferty	8	#3e3e40	2022-02-02	Viral 50	is
4bLL8O04PMkzYpT4sC47kd	Ástin heldur vöku	Júlí Heiðar	9	#84bd00	2022-02-02	Viral 50	is
6NI1jGEu4dRI1g9f6u7hB0	LaLíf	Kjartan Ólafsson	10	#84bd00	2022-02-02	Viral 50	is
5rohUzwEoRsUvAA1Bf3DLo	Dos Oruguitas	Sebastian Yatra	11	#bd3200	2022-02-02	Viral 50	is
6K5ph5mq1qprHae3TrgTj5	"Surface Pressure - From ""Encanto""/Soundtrack Version"	Jessica Darrow	12	#3e3e40	2022-02-02	Viral 50	is
3XoYqtiWHhsk59frZupImG	What Else Can I Do?	Diane Guerrero, Stephanie Beatriz	13	#bd3200	2022-02-02	Viral 50	is
4b1yxSdlumA8N4fEk4UOZp	The Family Madrigal	Stephanie Beatriz, Olga Merediz, Encanto - Cast	14	#3e3e40	2022-02-02	Viral 50	is
3xRH6FPVtheDyNla3T1FE7	Hrs and Hrs	Muni Long	15	#3e3e40	2022-02-02	Viral 50	is
5Ts1DYOuouQLgzTaisxWYh	Love Grows (Where My Rosemary Goes)	Edison Lighthouse	16	#3e3e40	2022-02-02	Viral 50	is
4SkkXTtocKccDPJjq4xutq	Ástarsæla	Júníus Meyvant	17	#3e3e40	2022-02-02	Viral 50	is
4lACdvcECsrZT78LbR6bjU	Svart hár	ISSI	18	#84bd00	2022-02-02	Viral 50	is
10hMM5nsZQf66ldBlgWBfG	All For Us - from the HBO Original Series Euphoria	Labrinth, Zendaya	19	#84bd00	2022-02-02	Viral 50	is
2Q5q1q01KOdHt5fM00WUJ8	Colombia, Mi Encanto	Carlos Vives	20	#84bd00	2022-02-02	Viral 50	is
1dxcQA922vdRVtSlGunpGX	Fjólublátt ljós við barinn	Klíkan	21	#84bd00	2022-02-02	Viral 50	is
6APsKoj3WzGnctxf5fjqCh	UNGUR DRENGUR DRIPPIN	FLUGFÉLAGIÐ, Gísli Pálmi, Yung Nigo Drippin'	22	#3e3e40	2022-02-02	Viral 50	is
35mBYyB61qTcGGj7MXIRM1	Cpr	cupcakKe	23	#bd3200	2022-02-02	Viral 50	is
6zwp5dM2tL5hOWpfEmMpTB	Ef þú hugsar eins og ég	FLOTT, Unnsteinn	24	#84bd00	2022-02-02	Viral 50	is
1AH5xpMDZoHl39XzYhJGWZ	Stadium	Vök	25	#bd3200	2022-02-02	Viral 50	is
4iwiYqzoLImJraKQ9Pf2I2	Ameno Amapiano Remix (You Wanna Bamba)	Goya Menor, Nektunez	26	#84bd00	2022-02-02	Viral 50	is
250HCdqW1C97j3MjvWlysp	Bjór	Fræbblarnir	27	#84bd00	2022-02-02	Viral 50	is
38nkd5HL1PMbaoU7HNqxu9	intertwined	Arny Margret	28	#bd3200	2022-02-02	Viral 50	is
3oRW9ZGPRbLRMneQ5lwflt	Waiting On A Miracle	Stephanie Beatriz	29	#bd3200	2022-02-02	Viral 50	is
4fouWK6XVHhzl78KzQ1UjL	abcdefu	GAYLE	30	#84bd00	2022-02-02	Viral 50	is
2K7xn816oNHJZ0aVqdQsha	Softcore	The Neighbourhood	31	#bd3200	2022-02-02	Viral 50	is
1nH2PkJL1XoUq8oE6tBZoU	Sacrifice	The Weeknd	32	#84bd00	2022-02-02	Viral 50	is
71yCMlsD6qbD7NmNUEoVNR	Ca plane pour moi	Plastic Bertrand	33	#84bd00	2022-02-02	Viral 50	is
6GomT970rCOkKAyyrwJeZi	Move Your Body	Öwnboss, Sevek	34	#bd3200	2022-02-02	Viral 50	is
2B4GHvToeLTOBB4QLzW3Ni	Pepas	Farruko	35	#bd3200	2022-02-02	Viral 50	is
20on25jryn53hWghthWWW3	Do It To It	ACRAZE, Cherish	36	#3e3e40	2022-02-02	Viral 50	is
6lknMmJZALXxx7emwwZWLX	Frozen	Madonna, Sickick	37	#84bd00	2022-02-02	Viral 50	is
55MIRLbZzpYSmMlRt9ZDWM	"30/90 (from ""tick, tick... BOOM!"" Soundtrack from the Netflix Film)"	Andrew Garfield, Joshua Henry, Vanessa Hudgens, Robin de Jesus, Alexandra Shipp, MJ Rodriguez	38	#bd3200	2022-02-02	Viral 50	is
5RBOcBpJXaNnHCGViJmYhh	The Perfect Girl	Mareux	39	#84bd00	2022-02-02	Viral 50	is
4A8cWXxKfIL3lAyUDzXbCF	Super Gremlin	Kodak Black	40	#4687d7	2022-02-02	Viral 50	is
4SqWKzw0CbA05TGszDgMlc	I Love You So	The Walters	41	#4687d7	2022-02-02	Viral 50	is
7rdIKBTAQm4nLlpA5E8DBI	Shake	Ishowsped	42	#84bd00	2022-02-02	Viral 50	is
11iIikXxC6NP0Ma8vMD27x	Alien Blues	Vundabar	43	#84bd00	2022-02-02	Viral 50	is
7BbaIYAdi3pg4MGl6PHwPv	Monëy so big	Yeat	44	#4687d7	2022-02-02	Viral 50	is
1r9xUipOqoNwggBpENDsvJ	Enemy (with JID) - from the series Arcane League of Legends	Imagine Dragons	45	#bd3200	2022-02-02	Viral 50	is
1E8xVRD9lPeXJQ3vXIlJk2	Retail Therapy	Central Cee	46	#bd3200	2022-02-02	Viral 50	is
6jHBzdq0by8m9DcQ6lL8VG	Með stjörnunum	Herbert Guðmundsson	47	#bd3200	2022-02-02	Viral 50	is
0S0sVHlrsm90S2a7UU2SNM	Segðu mér	Friðrik Dór	48	#4687d7	2022-02-02	Viral 50	is
1bjhYUwKUHEg5fHknxFObO	Lost	Frank Ocean	49	#bd3200	2022-02-02	Viral 50	is
3nOz1U41SZZ0N3fuUWr9nb	I AM WOMAN	Emmy Meli	50	#4687d7	2022-02-02	Viral 50	is
52xJxFP6TqMuO4Yt0eOkMz	We Don't Talk About Bruno	Carolina Gaitán - La Gaita, Mauro Castillo, Adassa, Rhenzy Feliz, Diane Guerrero, Stephanie Beatriz, Encanto - Cast	1	#3e3e40	2022-02-03	Viral 50	is
5S9Zs5g9lTWnLIboN1pdlU	Fingers Crossed	Lauren Spencer-Smith	2	#84bd00	2022-02-03	Viral 50	is
3cqWSJzuxZCsglpaxWtosT	Before I Knew It	Mason Ramsey	3	#3e3e40	2022-02-03	Viral 50	is
53O5nAlq04RKmSBqW0SFvG	Down Under (feat. Colin Hay)	Luude	4	#bd3200	2022-02-03	Viral 50	is
79nEEoEPY2w8EXj9hjn5oc	Ginseng Strip 2002	Yung Lean	5	#3e3e40	2022-02-03	Viral 50	is
3XOalgusokruzA5ZBA2Qcb	pushin P (feat. Young Thug)	Gunna, Future	6	#3e3e40	2022-02-03	Viral 50	is
5rohUzwEoRsUvAA1Bf3DLo	Dos Oruguitas	Sebastian Yatra	7	#84bd00	2022-02-03	Viral 50	is
5vUnjhBzRJJIAOJPde6zDx	TO THE MOON	Jnr Choi, Sam Tompkins	8	#bd3200	2022-02-03	Viral 50	is
3xRH6FPVtheDyNla3T1FE7	Hrs and Hrs	Muni Long	9	#84bd00	2022-02-03	Viral 50	is
2Xb6wJYGi0QXwURw5WWvI5	Right Down the Line	Gerry Rafferty	10	#bd3200	2022-02-03	Viral 50	is
6K5ph5mq1qprHae3TrgTj5	"Surface Pressure - From ""Encanto""/Soundtrack Version"	Jessica Darrow	11	#84bd00	2022-02-03	Viral 50	is
4bLL8O04PMkzYpT4sC47kd	Ástin heldur vöku	Júlí Heiðar	12	#bd3200	2022-02-03	Viral 50	is
6NI1jGEu4dRI1g9f6u7hB0	LaLíf	Kjartan Ólafsson	13	#bd3200	2022-02-03	Viral 50	is
5Ts1DYOuouQLgzTaisxWYh	Love Grows (Where My Rosemary Goes)	Edison Lighthouse	14	#84bd00	2022-02-03	Viral 50	is
3XoYqtiWHhsk59frZupImG	What Else Can I Do?	Diane Guerrero, Stephanie Beatriz	15	#bd3200	2022-02-03	Viral 50	is
4b1yxSdlumA8N4fEk4UOZp	The Family Madrigal	Stephanie Beatriz, Olga Merediz, Encanto - Cast	16	#bd3200	2022-02-03	Viral 50	is
4SkkXTtocKccDPJjq4xutq	Ástarsæla	Júníus Meyvant	17	#3e3e40	2022-02-03	Viral 50	is
3oRW9ZGPRbLRMneQ5lwflt	Waiting On A Miracle	Stephanie Beatriz	18	#84bd00	2022-02-03	Viral 50	is
1dxcQA922vdRVtSlGunpGX	Fjólublátt ljós við barinn	Klíkan	19	#84bd00	2022-02-03	Viral 50	is
4lACdvcECsrZT78LbR6bjU	Svart hár	ISSI	20	#bd3200	2022-02-03	Viral 50	is
2Q5q1q01KOdHt5fM00WUJ8	Colombia, Mi Encanto	Carlos Vives	21	#bd3200	2022-02-03	Viral 50	is
4iwiYqzoLImJraKQ9Pf2I2	Ameno Amapiano Remix (You Wanna Bamba)	Goya Menor, Nektunez	22	#84bd00	2022-02-03	Viral 50	is
10hMM5nsZQf66ldBlgWBfG	All For Us - from the HBO Original Series Euphoria	Labrinth, Zendaya	23	#bd3200	2022-02-03	Viral 50	is
250HCdqW1C97j3MjvWlysp	Bjór	Fræbblarnir	24	#84bd00	2022-02-03	Viral 50	is
35mBYyB61qTcGGj7MXIRM1	Cpr	cupcakKe	25	#bd3200	2022-02-03	Viral 50	is
6zwp5dM2tL5hOWpfEmMpTB	Ef þú hugsar eins og ég	FLOTT, Unnsteinn	26	#bd3200	2022-02-03	Viral 50	is
1AH5xpMDZoHl39XzYhJGWZ	Stadium	Vök	27	#bd3200	2022-02-03	Viral 50	is
4fouWK6XVHhzl78KzQ1UjL	abcdefu	GAYLE	28	#84bd00	2022-02-03	Viral 50	is
6APsKoj3WzGnctxf5fjqCh	UNGUR DRENGUR DRIPPIN	FLUGFÉLAGIÐ, Gísli Pálmi, Yung Nigo Drippin'	29	#bd3200	2022-02-03	Viral 50	is
2K7xn816oNHJZ0aVqdQsha	Softcore	The Neighbourhood	30	#84bd00	2022-02-03	Viral 50	is
71yCMlsD6qbD7NmNUEoVNR	Ca plane pour moi	Plastic Bertrand	31	#84bd00	2022-02-03	Viral 50	is
7BbaIYAdi3pg4MGl6PHwPv	Monëy so big	Yeat	32	#84bd00	2022-02-03	Viral 50	is
20on25jryn53hWghthWWW3	Do It To It	ACRAZE, Cherish	33	#84bd00	2022-02-03	Viral 50	is
2B4GHvToeLTOBB4QLzW3Ni	Pepas	Farruko	34	#84bd00	2022-02-03	Viral 50	is
1nH2PkJL1XoUq8oE6tBZoU	Sacrifice	The Weeknd	35	#bd3200	2022-02-03	Viral 50	is
6GomT970rCOkKAyyrwJeZi	Move Your Body	Öwnboss, Sevek	36	#bd3200	2022-02-03	Viral 50	is
6lknMmJZALXxx7emwwZWLX	Frozen	Madonna, Sickick	37	#3e3e40	2022-02-03	Viral 50	is
4A8cWXxKfIL3lAyUDzXbCF	Super Gremlin	Kodak Black	38	#84bd00	2022-02-03	Viral 50	is
6nQ1B216Liiydhgn2gar0o	Material Girl	Saucy Santana	39	#4687d7	2022-02-03	Viral 50	is
7rdIKBTAQm4nLlpA5E8DBI	Shake	Ishowsped	40	#84bd00	2022-02-03	Viral 50	is
2yYb6Ru1cwcDUBS4txRYQL	No Fun	Armin van Buuren, The Stickmen Project	41	#4687d7	2022-02-03	Viral 50	is
4SqWKzw0CbA05TGszDgMlc	I Love You So	The Walters	42	#bd3200	2022-02-03	Viral 50	is
1bjhYUwKUHEg5fHknxFObO	Lost	Frank Ocean	43	#84bd00	2022-02-03	Viral 50	is
55MIRLbZzpYSmMlRt9ZDWM	"30/90 (from ""tick, tick... BOOM!"" Soundtrack from the Netflix Film)"	Andrew Garfield, Joshua Henry, Vanessa Hudgens, Robin de Jesus, Alexandra Shipp, MJ Rodriguez	44	#bd3200	2022-02-03	Viral 50	is
05EG9LwFCVjkoYEWzsrHHO	Legend	Tevvez	45	#4687d7	2022-02-03	Viral 50	is
1E8xVRD9lPeXJQ3vXIlJk2	Retail Therapy	Central Cee	46	#3e3e40	2022-02-03	Viral 50	is
6mmPpaltUZK7xjNlBPQQ0p	Desesperados	Rauw Alejandro, Chencho Corleone	47	#4687d7	2022-02-03	Viral 50	is
5RBOcBpJXaNnHCGViJmYhh	The Perfect Girl	Mareux	48	#bd3200	2022-02-03	Viral 50	is
6jHBzdq0by8m9DcQ6lL8VG	Með stjörnunum	Herbert Guðmundsson	49	#bd3200	2022-02-03	Viral 50	is
3nOz1U41SZZ0N3fuUWr9nb	I AM WOMAN	Emmy Meli	50	#3e3e40	2022-02-03	Viral 50	is
52xJxFP6TqMuO4Yt0eOkMz	We Don't Talk About Bruno	Carolina Gaitán - La Gaita, Mauro Castillo, Adassa, Rhenzy Feliz, Diane Guerrero, Stephanie Beatriz, Encanto - Cast	1	#3e3e40	2022-02-04	Viral 50	is
53O5nAlq04RKmSBqW0SFvG	Down Under (feat. Colin Hay)	Luude	2	#84bd00	2022-02-04	Viral 50	is
5S9Zs5g9lTWnLIboN1pdlU	Fingers Crossed	Lauren Spencer-Smith	3	#bd3200	2022-02-04	Viral 50	is
79nEEoEPY2w8EXj9hjn5oc	Ginseng Strip 2002	Yung Lean	4	#84bd00	2022-02-04	Viral 50	is
3cqWSJzuxZCsglpaxWtosT	Before I Knew It	Mason Ramsey	5	#bd3200	2022-02-04	Viral 50	is
5vUnjhBzRJJIAOJPde6zDx	TO THE MOON	Jnr Choi, Sam Tompkins	6	#84bd00	2022-02-04	Viral 50	is
6NI1jGEu4dRI1g9f6u7hB0	LaLíf	Kjartan Ólafsson	7	#84bd00	2022-02-04	Viral 50	is
5rohUzwEoRsUvAA1Bf3DLo	Dos Oruguitas	Sebastian Yatra	8	#bd3200	2022-02-04	Viral 50	is
3XOalgusokruzA5ZBA2Qcb	pushin P (feat. Young Thug)	Gunna, Future	9	#bd3200	2022-02-04	Viral 50	is
2Xb6wJYGi0QXwURw5WWvI5	Right Down the Line	Gerry Rafferty	10	#3e3e40	2022-02-04	Viral 50	is
3xRH6FPVtheDyNla3T1FE7	Hrs and Hrs	Muni Long	11	#bd3200	2022-02-04	Viral 50	is
5Ts1DYOuouQLgzTaisxWYh	Love Grows (Where My Rosemary Goes)	Edison Lighthouse	12	#84bd00	2022-02-04	Viral 50	is
4bLL8O04PMkzYpT4sC47kd	Ástin heldur vöku	Júlí Heiðar	13	#bd3200	2022-02-04	Viral 50	is
1dxcQA922vdRVtSlGunpGX	Fjólublátt ljós við barinn	Klíkan	14	#84bd00	2022-02-04	Viral 50	is
250HCdqW1C97j3MjvWlysp	Bjór	Fræbblarnir	15	#84bd00	2022-02-04	Viral 50	is
4b1yxSdlumA8N4fEk4UOZp	The Family Madrigal	Stephanie Beatriz, Olga Merediz, Encanto - Cast	16	#3e3e40	2022-02-04	Viral 50	is
3XoYqtiWHhsk59frZupImG	What Else Can I Do?	Diane Guerrero, Stephanie Beatriz	17	#bd3200	2022-02-04	Viral 50	is
6K5ph5mq1qprHae3TrgTj5	"Surface Pressure - From ""Encanto""/Soundtrack Version"	Jessica Darrow	18	#bd3200	2022-02-04	Viral 50	is
3oRW9ZGPRbLRMneQ5lwflt	Waiting On A Miracle	Stephanie Beatriz	19	#bd3200	2022-02-04	Viral 50	is
4SkkXTtocKccDPJjq4xutq	Ástarsæla	Júníus Meyvant	20	#bd3200	2022-02-04	Viral 50	is
10hMM5nsZQf66ldBlgWBfG	All For Us - from the HBO Original Series Euphoria	Labrinth, Zendaya	21	#84bd00	2022-02-04	Viral 50	is
2Q5q1q01KOdHt5fM00WUJ8	Colombia, Mi Encanto	Carlos Vives	22	#bd3200	2022-02-04	Viral 50	is
4iwiYqzoLImJraKQ9Pf2I2	Ameno Amapiano Remix (You Wanna Bamba)	Goya Menor, Nektunez	23	#bd3200	2022-02-04	Viral 50	is
2K7xn816oNHJZ0aVqdQsha	Softcore	The Neighbourhood	24	#84bd00	2022-02-04	Viral 50	is
4fouWK6XVHhzl78KzQ1UjL	abcdefu	GAYLE	25	#84bd00	2022-02-04	Viral 50	is
4lACdvcECsrZT78LbR6bjU	Svart hár	ISSI	26	#bd3200	2022-02-04	Viral 50	is
35mBYyB61qTcGGj7MXIRM1	Cpr	cupcakKe	27	#bd3200	2022-02-04	Viral 50	is
71yCMlsD6qbD7NmNUEoVNR	Ca plane pour moi	Plastic Bertrand	28	#84bd00	2022-02-04	Viral 50	is
6lknMmJZALXxx7emwwZWLX	Frozen	Madonna, Sickick	29	#84bd00	2022-02-04	Viral 50	is
1AH5xpMDZoHl39XzYhJGWZ	Stadium	Vök	30	#bd3200	2022-02-04	Viral 50	is
20on25jryn53hWghthWWW3	Do It To It	ACRAZE, Cherish	31	#84bd00	2022-02-04	Viral 50	is
7BbaIYAdi3pg4MGl6PHwPv	Monëy so big	Yeat	32	#3e3e40	2022-02-04	Viral 50	is
6zwp5dM2tL5hOWpfEmMpTB	Ef þú hugsar eins og ég	FLOTT, Unnsteinn	33	#bd3200	2022-02-04	Viral 50	is
6APsKoj3WzGnctxf5fjqCh	UNGUR DRENGUR DRIPPIN	FLUGFÉLAGIÐ, Gísli Pálmi, Yung Nigo Drippin'	34	#bd3200	2022-02-04	Viral 50	is
4SqWKzw0CbA05TGszDgMlc	I Love You So	The Walters	35	#84bd00	2022-02-04	Viral 50	is
2B4GHvToeLTOBB4QLzW3Ni	Pepas	Farruko	36	#bd3200	2022-02-04	Viral 50	is
1nH2PkJL1XoUq8oE6tBZoU	Sacrifice	The Weeknd	37	#bd3200	2022-02-04	Viral 50	is
58HvfVOeJY7lUuCqF0m3ly	MIDDLE OF THE NIGHT	Elley Duhé	38	#4687d7	2022-02-04	Viral 50	is
4A8cWXxKfIL3lAyUDzXbCF	Super Gremlin	Kodak Black	39	#bd3200	2022-02-04	Viral 50	is
6jHBzdq0by8m9DcQ6lL8VG	Með stjörnunum	Herbert Guðmundsson	40	#84bd00	2022-02-04	Viral 50	is
6nQ1B216Liiydhgn2gar0o	Material Girl	Saucy Santana	41	#bd3200	2022-02-04	Viral 50	is
2yYb6Ru1cwcDUBS4txRYQL	No Fun	Armin van Buuren, The Stickmen Project	42	#bd3200	2022-02-04	Viral 50	is
11iIikXxC6NP0Ma8vMD27x	Alien Blues	Vundabar	43	#4687d7	2022-02-04	Viral 50	is
3DRG3HjNz4ZzjDapuZZVOt	Svart-hvíta hetjan mín	Dúkkulísurnar	44	#4687d7	2022-02-04	Viral 50	is
0sTlGEld0h8kIPZaKDYUf4	Notion	The Rare Occasions	45	#4687d7	2022-02-04	Viral 50	is
5TMLavqGRKNxgzMBrVpC9R	Mon Amour - Remix	zzoilo, Aitana	46	#4687d7	2022-02-04	Viral 50	is
55MIRLbZzpYSmMlRt9ZDWM	"30/90 (from ""tick, tick... BOOM!"" Soundtrack from the Netflix Film)"	Andrew Garfield, Joshua Henry, Vanessa Hudgens, Robin de Jesus, Alexandra Shipp, MJ Rodriguez	47	#bd3200	2022-02-04	Viral 50	is
6mmPpaltUZK7xjNlBPQQ0p	Desesperados	Rauw Alejandro, Chencho Corleone	48	#bd3200	2022-02-04	Viral 50	is
05EG9LwFCVjkoYEWzsrHHO	Legend	Tevvez	49	#bd3200	2022-02-04	Viral 50	is
1bjhYUwKUHEg5fHknxFObO	Lost	Frank Ocean	50	#bd3200	2022-02-04	Viral 50	is
52xJxFP6TqMuO4Yt0eOkMz	We Don't Talk About Bruno	Carolina Gaitán - La Gaita, Mauro Castillo, Adassa, Rhenzy Feliz, Diane Guerrero, Stephanie Beatriz, Encanto - Cast	1	#3e3e40	2022-02-05	Viral 50	is
3Oww84xrmgjyr5J1ilOmAf	Down Under (feat. Colin Hay)	Luude	2	#3e3e40	2022-02-05	Viral 50	is
5S9Zs5g9lTWnLIboN1pdlU	Fingers Crossed	Lauren Spencer-Smith	3	#3e3e40	2022-02-05	Viral 50	is
5rohUzwEoRsUvAA1Bf3DLo	Dos Oruguitas	Sebastian Yatra	4	#84bd00	2022-02-05	Viral 50	is
6NI1jGEu4dRI1g9f6u7hB0	LaLíf	Kjartan Ólafsson	5	#84bd00	2022-02-05	Viral 50	is
79nEEoEPY2w8EXj9hjn5oc	Ginseng Strip 2002	Yung Lean	6	#bd3200	2022-02-05	Viral 50	is
5vUnjhBzRJJIAOJPde6zDx	TO THE MOON	Jnr Choi, Sam Tompkins	7	#bd3200	2022-02-05	Viral 50	is
3cqWSJzuxZCsglpaxWtosT	Before I Knew It	Mason Ramsey	8	#bd3200	2022-02-05	Viral 50	is
3XOalgusokruzA5ZBA2Qcb	pushin P (feat. Young Thug)	Gunna, Future	9	#3e3e40	2022-02-05	Viral 50	is
3XoYqtiWHhsk59frZupImG	What Else Can I Do?	Diane Guerrero, Stephanie Beatriz	10	#84bd00	2022-02-05	Viral 50	is
6K5ph5mq1qprHae3TrgTj5	"Surface Pressure - From ""Encanto""/Soundtrack Version"	Jessica Darrow	11	#84bd00	2022-02-05	Viral 50	is
5Ts1DYOuouQLgzTaisxWYh	Love Grows (Where My Rosemary Goes)	Edison Lighthouse	12	#3e3e40	2022-02-05	Viral 50	is
3xRH6FPVtheDyNla3T1FE7	Hrs and Hrs	Muni Long	13	#bd3200	2022-02-05	Viral 50	is
2Xb6wJYGi0QXwURw5WWvI5	Right Down the Line	Gerry Rafferty	14	#bd3200	2022-02-05	Viral 50	is
1dxcQA922vdRVtSlGunpGX	Fjólublátt ljós við barinn	Klíkan	15	#bd3200	2022-02-05	Viral 50	is
250HCdqW1C97j3MjvWlysp	Bjór	Fræbblarnir	16	#bd3200	2022-02-05	Viral 50	is
4bLL8O04PMkzYpT4sC47kd	Ástin heldur vöku	Júlí Heiðar	17	#bd3200	2022-02-05	Viral 50	is
4b1yxSdlumA8N4fEk4UOZp	The Family Madrigal	Stephanie Beatriz, Olga Merediz, Encanto - Cast	18	#bd3200	2022-02-05	Viral 50	is
3oRW9ZGPRbLRMneQ5lwflt	Waiting On A Miracle	Stephanie Beatriz	19	#3e3e40	2022-02-05	Viral 50	is
10hMM5nsZQf66ldBlgWBfG	All For Us - from the HBO Original Series Euphoria	Labrinth, Zendaya	20	#84bd00	2022-02-05	Viral 50	is
2Q5q1q01KOdHt5fM00WUJ8	Colombia, Mi Encanto	Carlos Vives	21	#84bd00	2022-02-05	Viral 50	is
4SkkXTtocKccDPJjq4xutq	Ástarsæla	Júníus Meyvant	22	#bd3200	2022-02-05	Viral 50	is
4lACdvcECsrZT78LbR6bjU	Svart hár	ISSI	23	#84bd00	2022-02-05	Viral 50	is
4fouWK6XVHhzl78KzQ1UjL	abcdefu	GAYLE	24	#84bd00	2022-02-05	Viral 50	is
7BbaIYAdi3pg4MGl6PHwPv	Monëy so big	Yeat	25	#84bd00	2022-02-05	Viral 50	is
1AH5xpMDZoHl39XzYhJGWZ	Stadium	Vök	26	#84bd00	2022-02-05	Viral 50	is
4iwiYqzoLImJraKQ9Pf2I2	Ameno Amapiano Remix (You Wanna Bamba)	Goya Menor, Nektunez	27	#bd3200	2022-02-05	Viral 50	is
2K7xn816oNHJZ0aVqdQsha	Softcore	The Neighbourhood	28	#bd3200	2022-02-05	Viral 50	is
2B4GHvToeLTOBB4QLzW3Ni	Pepas	Farruko	29	#84bd00	2022-02-05	Viral 50	is
35mBYyB61qTcGGj7MXIRM1	Cpr	cupcakKe	30	#bd3200	2022-02-05	Viral 50	is
6lknMmJZALXxx7emwwZWLX	Frozen	Madonna, Sickick	31	#bd3200	2022-02-05	Viral 50	is
6zwp5dM2tL5hOWpfEmMpTB	Ef þú hugsar eins og ég	FLOTT, Unnsteinn	32	#84bd00	2022-02-05	Viral 50	is
20on25jryn53hWghthWWW3	Do It To It	ACRAZE, Cherish	33	#bd3200	2022-02-05	Viral 50	is
11iIikXxC6NP0Ma8vMD27x	Alien Blues	Vundabar	34	#84bd00	2022-02-05	Viral 50	is
5RBOcBpJXaNnHCGViJmYhh	The Perfect Girl	Mareux	35	#4687d7	2022-02-05	Viral 50	is
4A8cWXxKfIL3lAyUDzXbCF	Super Gremlin	Kodak Black	36	#84bd00	2022-02-05	Viral 50	is
6APsKoj3WzGnctxf5fjqCh	UNGUR DRENGUR DRIPPIN	FLUGFÉLAGIÐ, Gísli Pálmi, Yung Nigo Drippin'	37	#bd3200	2022-02-05	Viral 50	is
4B6XjmOWI55np7y4MUTXDu	La Seine - Extrait de la bande originale un monstre à Paris	Vanessa Paradis, -M-	38	#4687d7	2022-02-05	Viral 50	is
05EG9LwFCVjkoYEWzsrHHO	Legend	Tevvez	39	#84bd00	2022-02-05	Viral 50	is
6GomT970rCOkKAyyrwJeZi	Move Your Body	Öwnboss, Sevek	40	#4687d7	2022-02-05	Viral 50	is
1bjhYUwKUHEg5fHknxFObO	Lost	Frank Ocean	41	#84bd00	2022-02-05	Viral 50	is
1nH2PkJL1XoUq8oE6tBZoU	Sacrifice	The Weeknd	42	#bd3200	2022-02-05	Viral 50	is
259m7df2nr0yU8n9Xv5Zmg	Seinna meir	Start	43	#4687d7	2022-02-05	Viral 50	is
71yCMlsD6qbD7NmNUEoVNR	Ca plane pour moi	Plastic Bertrand	44	#bd3200	2022-02-05	Viral 50	is
4crdHmkZQmNd2hucSIk7dA	Like the Movies	Laufey	45	#4687d7	2022-02-05	Viral 50	is
58HvfVOeJY7lUuCqF0m3ly	MIDDLE OF THE NIGHT	Elley Duhé	46	#bd3200	2022-02-05	Viral 50	is
6jHBzdq0by8m9DcQ6lL8VG	Með stjörnunum	Herbert Guðmundsson	47	#bd3200	2022-02-05	Viral 50	is
6nQ1B216Liiydhgn2gar0o	Material Girl	Saucy Santana	48	#bd3200	2022-02-05	Viral 50	is
3M0lSi5WW79CXQamgSBIjx	Swim	Chase Atlantic	49	#4687d7	2022-02-05	Viral 50	is
37ROoLBH0Z5rQiDeHzHn2l	Svart-hvíta hetjan mín	Dúkkulísurnar	50	#4687d7	2022-02-05	Viral 50	is
52xJxFP6TqMuO4Yt0eOkMz	We Don't Talk About Bruno	Carolina Gaitán - La Gaita, Mauro Castillo, Adassa, Rhenzy Feliz, Diane Guerrero, Stephanie Beatriz, Encanto - Cast	1	#3e3e40	2022-02-06	Viral 50	is
3Oww84xrmgjyr5J1ilOmAf	Down Under (feat. Colin Hay)	Luude	2	#3e3e40	2022-02-06	Viral 50	is
5S9Zs5g9lTWnLIboN1pdlU	Fingers Crossed	Lauren Spencer-Smith	3	#3e3e40	2022-02-06	Viral 50	is
6K5ph5mq1qprHae3TrgTj5	"Surface Pressure - From ""Encanto""/Soundtrack Version"	Jessica Darrow	4	#84bd00	2022-02-06	Viral 50	is
5vUnjhBzRJJIAOJPde6zDx	TO THE MOON	Jnr Choi, Sam Tompkins	5	#84bd00	2022-02-06	Viral 50	is
6NI1jGEu4dRI1g9f6u7hB0	LaLíf	Kjartan Ólafsson	6	#bd3200	2022-02-06	Viral 50	is
79nEEoEPY2w8EXj9hjn5oc	Ginseng Strip 2002	Yung Lean	7	#bd3200	2022-02-06	Viral 50	is
3cqWSJzuxZCsglpaxWtosT	Before I Knew It	Mason Ramsey	8	#3e3e40	2022-02-06	Viral 50	is
5rohUzwEoRsUvAA1Bf3DLo	Dos Oruguitas	Sebastian Yatra	9	#bd3200	2022-02-06	Viral 50	is
3XOalgusokruzA5ZBA2Qcb	pushin P (feat. Young Thug)	Gunna, Future	10	#bd3200	2022-02-06	Viral 50	is
3XoYqtiWHhsk59frZupImG	What Else Can I Do?	Diane Guerrero, Stephanie Beatriz	11	#bd3200	2022-02-06	Viral 50	is
5Ts1DYOuouQLgzTaisxWYh	Love Grows (Where My Rosemary Goes)	Edison Lighthouse	12	#3e3e40	2022-02-06	Viral 50	is
250HCdqW1C97j3MjvWlysp	Bjór	Fræbblarnir	13	#84bd00	2022-02-06	Viral 50	is
4bLL8O04PMkzYpT4sC47kd	Ástin heldur vöku	Júlí Heiðar	14	#84bd00	2022-02-06	Viral 50	is
2Xb6wJYGi0QXwURw5WWvI5	Right Down the Line	Gerry Rafferty	15	#bd3200	2022-02-06	Viral 50	is
1dxcQA922vdRVtSlGunpGX	Fjólublátt ljós við barinn	Klíkan	16	#bd3200	2022-02-06	Viral 50	is
4b1yxSdlumA8N4fEk4UOZp	The Family Madrigal	Stephanie Beatriz, Olga Merediz, Encanto - Cast	17	#84bd00	2022-02-06	Viral 50	is
3oRW9ZGPRbLRMneQ5lwflt	Waiting On A Miracle	Stephanie Beatriz	18	#84bd00	2022-02-06	Viral 50	is
7BbaIYAdi3pg4MGl6PHwPv	Monëy so big	Yeat	19	#84bd00	2022-02-06	Viral 50	is
3xRH6FPVtheDyNla3T1FE7	Hrs and Hrs	Muni Long	20	#bd3200	2022-02-06	Viral 50	is
45GDh5cZcRVOAyQqZWxiUt	Playboy	Jx.Zero	21	#4687d7	2022-02-06	Viral 50	is
4SkkXTtocKccDPJjq4xutq	Ástarsæla	Júníus Meyvant	22	#3e3e40	2022-02-06	Viral 50	is
10hMM5nsZQf66ldBlgWBfG	All For Us - from the HBO Original Series Euphoria	Labrinth, Zendaya	23	#bd3200	2022-02-06	Viral 50	is
6GomT970rCOkKAyyrwJeZi	Move Your Body	Öwnboss, Sevek	24	#84bd00	2022-02-06	Viral 50	is
2K7xn816oNHJZ0aVqdQsha	Softcore	The Neighbourhood	25	#84bd00	2022-02-06	Viral 50	is
4fouWK6XVHhzl78KzQ1UjL	abcdefu	GAYLE	26	#bd3200	2022-02-06	Viral 50	is
4iwiYqzoLImJraKQ9Pf2I2	Ameno Amapiano Remix (You Wanna Bamba)	Goya Menor, Nektunez	27	#3e3e40	2022-02-06	Viral 50	is
35mBYyB61qTcGGj7MXIRM1	Cpr	cupcakKe	28	#84bd00	2022-02-06	Viral 50	is
05EG9LwFCVjkoYEWzsrHHO	Legend	Tevvez	29	#84bd00	2022-02-06	Viral 50	is
2B4GHvToeLTOBB4QLzW3Ni	Pepas	Farruko	30	#bd3200	2022-02-06	Viral 50	is
2Q5q1q01KOdHt5fM00WUJ8	Colombia, Mi Encanto	Carlos Vives	31	#bd3200	2022-02-06	Viral 50	is
4B6XjmOWI55np7y4MUTXDu	La Seine - Extrait de la bande originale un monstre à Paris	Vanessa Paradis, -M-	32	#84bd00	2022-02-06	Viral 50	is
1AH5xpMDZoHl39XzYhJGWZ	Stadium	Vök	33	#bd3200	2022-02-06	Viral 50	is
4lACdvcECsrZT78LbR6bjU	Svart hár	ISSI	34	#bd3200	2022-02-06	Viral 50	is
5RBOcBpJXaNnHCGViJmYhh	The Perfect Girl	Mareux	35	#3e3e40	2022-02-06	Viral 50	is
3DRG3HjNz4ZzjDapuZZVOt	Svart-hvíta hetjan mín	Dúkkulísurnar	36	#84bd00	2022-02-06	Viral 50	is
11iIikXxC6NP0Ma8vMD27x	Alien Blues	Vundabar	37	#bd3200	2022-02-06	Viral 50	is
20on25jryn53hWghthWWW3	Do It To It	ACRAZE, Cherish	38	#bd3200	2022-02-06	Viral 50	is
4A8cWXxKfIL3lAyUDzXbCF	Super Gremlin	Kodak Black	39	#bd3200	2022-02-06	Viral 50	is
6jHBzdq0by8m9DcQ6lL8VG	Með stjörnunum	Herbert Guðmundsson	40	#84bd00	2022-02-06	Viral 50	is
6APsKoj3WzGnctxf5fjqCh	UNGUR DRENGUR DRIPPIN	FLUGFÉLAGIÐ, Gísli Pálmi, Yung Nigo Drippin'	41	#bd3200	2022-02-06	Viral 50	is
71yCMlsD6qbD7NmNUEoVNR	Ca plane pour moi	Plastic Bertrand	42	#84bd00	2022-02-06	Viral 50	is
3nOz1U41SZZ0N3fuUWr9nb	I AM WOMAN	Emmy Meli	43	#4687d7	2022-02-06	Viral 50	is
7rdIKBTAQm4nLlpA5E8DBI	Shake	Ishowsped	44	#4687d7	2022-02-06	Viral 50	is
259m7df2nr0yU8n9Xv5Zmg	Seinna meir	Start	45	#bd3200	2022-02-06	Viral 50	is
6lknMmJZALXxx7emwwZWLX	Frozen	Madonna, Sickick	46	#bd3200	2022-02-06	Viral 50	is
4crdHmkZQmNd2hucSIk7dA	Like the Movies	Laufey	47	#bd3200	2022-02-06	Viral 50	is
58HvfVOeJY7lUuCqF0m3ly	MIDDLE OF THE NIGHT	Elley Duhé	48	#bd3200	2022-02-06	Viral 50	is
0sTlGEld0h8kIPZaKDYUf4	Notion	The Rare Occasions	49	#4687d7	2022-02-06	Viral 50	is
3M0lSi5WW79CXQamgSBIjx	Swim	Chase Atlantic	50	#bd3200	2022-02-06	Viral 50	is
3Oww84xrmgjyr5J1ilOmAf	Down Under (feat. Colin Hay)	Luude	1	#84bd00	2022-02-07	Viral 50	is
52xJxFP6TqMuO4Yt0eOkMz	We Don't Talk About Bruno	Carolina Gaitán - La Gaita, Mauro Castillo, Adassa, Rhenzy Feliz, Diane Guerrero, Stephanie Beatriz, Encanto - Cast	2	#bd3200	2022-02-07	Viral 50	is
6NI1jGEu4dRI1g9f6u7hB0	LaLíf	Kjartan Ólafsson	3	#84bd00	2022-02-07	Viral 50	is
3cqWSJzuxZCsglpaxWtosT	Before I Knew It	Mason Ramsey	4	#84bd00	2022-02-07	Viral 50	is
6K5ph5mq1qprHae3TrgTj5	"Surface Pressure - From ""Encanto""/Soundtrack Version"	Jessica Darrow	5	#bd3200	2022-02-07	Viral 50	is
3XOalgusokruzA5ZBA2Qcb	pushin P (feat. Young Thug)	Gunna, Future	6	#84bd00	2022-02-07	Viral 50	is
5S9Zs5g9lTWnLIboN1pdlU	Fingers Crossed	Lauren Spencer-Smith	7	#bd3200	2022-02-07	Viral 50	is
5vUnjhBzRJJIAOJPde6zDx	TO THE MOON	Jnr Choi, Sam Tompkins	8	#bd3200	2022-02-07	Viral 50	is
79nEEoEPY2w8EXj9hjn5oc	Ginseng Strip 2002	Yung Lean	9	#bd3200	2022-02-07	Viral 50	is
0lEjxUUlKqjqXrVlIHFduD	P power (feat. Drake)	Gunna	10	#4687d7	2022-02-07	Viral 50	is
5rohUzwEoRsUvAA1Bf3DLo	Dos Oruguitas	Sebastian Yatra	11	#bd3200	2022-02-07	Viral 50	is
4bLL8O04PMkzYpT4sC47kd	Ástin heldur vöku	Júlí Heiðar	12	#84bd00	2022-02-07	Viral 50	is
5Ts1DYOuouQLgzTaisxWYh	Love Grows (Where My Rosemary Goes)	Edison Lighthouse	13	#bd3200	2022-02-07	Viral 50	is
7BbaIYAdi3pg4MGl6PHwPv	Monëy so big	Yeat	14	#84bd00	2022-02-07	Viral 50	is
3XoYqtiWHhsk59frZupImG	What Else Can I Do?	Diane Guerrero, Stephanie Beatriz	15	#bd3200	2022-02-07	Viral 50	is
2Xb6wJYGi0QXwURw5WWvI5	Right Down the Line	Gerry Rafferty	16	#bd3200	2022-02-07	Viral 50	is
3xRH6FPVtheDyNla3T1FE7	Hrs and Hrs	Muni Long	17	#84bd00	2022-02-07	Viral 50	is
45GDh5cZcRVOAyQqZWxiUt	Playboy	Jx.Zero	18	#84bd00	2022-02-07	Viral 50	is
6GomT970rCOkKAyyrwJeZi	Move Your Body	Öwnboss, Sevek	19	#84bd00	2022-02-07	Viral 50	is
250HCdqW1C97j3MjvWlysp	Bjór	Fræbblarnir	20	#bd3200	2022-02-07	Viral 50	is
1dxcQA922vdRVtSlGunpGX	Fjólublátt ljós við barinn	Klíkan	21	#bd3200	2022-02-07	Viral 50	is
6Ab81Bs9fcOwaTYuBsUUpI	Eazy	The Game, Kanye West	22	#4687d7	2022-02-07	Viral 50	is
4b1yxSdlumA8N4fEk4UOZp	The Family Madrigal	Stephanie Beatriz, Olga Merediz, Encanto - Cast	23	#bd3200	2022-02-07	Viral 50	is
2n6GNBBTehOPfiQtPGlsCg	Töfrar	Silfurtónar	24	#4687d7	2022-02-07	Viral 50	is
4iwiYqzoLImJraKQ9Pf2I2	Ameno Amapiano Remix (You Wanna Bamba)	Goya Menor, Nektunez	25	#84bd00	2022-02-07	Viral 50	is
10hMM5nsZQf66ldBlgWBfG	All For Us - from the HBO Original Series Euphoria	Labrinth, Zendaya	26	#bd3200	2022-02-07	Viral 50	is
4B6XjmOWI55np7y4MUTXDu	La Seine - Extrait de la bande originale un monstre à Paris	Vanessa Paradis, -M-	27	#84bd00	2022-02-07	Viral 50	is
05EG9LwFCVjkoYEWzsrHHO	Legend	Tevvez	28	#84bd00	2022-02-07	Viral 50	is
4SkkXTtocKccDPJjq4xutq	Ástarsæla	Júníus Meyvant	29	#bd3200	2022-02-07	Viral 50	is
5RBOcBpJXaNnHCGViJmYhh	The Perfect Girl	Mareux	30	#84bd00	2022-02-07	Viral 50	is
4fouWK6XVHhzl78KzQ1UjL	abcdefu	GAYLE	31	#bd3200	2022-02-07	Viral 50	is
2K7xn816oNHJZ0aVqdQsha	Softcore	The Neighbourhood	32	#bd3200	2022-02-07	Viral 50	is
4lACdvcECsrZT78LbR6bjU	Svart hár	ISSI	33	#84bd00	2022-02-07	Viral 50	is
3oRW9ZGPRbLRMneQ5lwflt	Waiting On A Miracle	Stephanie Beatriz	34	#bd3200	2022-02-07	Viral 50	is
0cp97b37sFNsdIbQH6po3T	Surround Sound (feat. 21 Savage & Baby Tate)	JID	35	#4687d7	2022-02-07	Viral 50	is
2B4GHvToeLTOBB4QLzW3Ni	Pepas	Farruko	36	#bd3200	2022-02-07	Viral 50	is
11iIikXxC6NP0Ma8vMD27x	Alien Blues	Vundabar	37	#3e3e40	2022-02-07	Viral 50	is
71yCMlsD6qbD7NmNUEoVNR	Ca plane pour moi	Plastic Bertrand	38	#84bd00	2022-02-07	Viral 50	is
2t16D9V5FmmRAJjsSpwvZf	When I R.I.P.	Labrinth	39	#4687d7	2022-02-07	Viral 50	is
1DxRMgLoWXgmIFF2Unp5pD	Packs and Potions	HAZEY	40	#4687d7	2022-02-07	Viral 50	is
20on25jryn53hWghthWWW3	Do It To It	ACRAZE, Cherish	41	#bd3200	2022-02-07	Viral 50	is
7rdIKBTAQm4nLlpA5E8DBI	Shake	Ishowsped	42	#84bd00	2022-02-07	Viral 50	is
6hIr2IDeBDXfRFk0rYe5Tz	Won’t Stand Down	Muse	43	#4687d7	2022-02-07	Viral 50	is
2Q5q1q01KOdHt5fM00WUJ8	Colombia, Mi Encanto	Carlos Vives	44	#bd3200	2022-02-07	Viral 50	is
37ROoLBH0Z5rQiDeHzHn2l	Svart-hvíta hetjan mín	Dúkkulísurnar	45	#4687d7	2022-02-07	Viral 50	is
58HvfVOeJY7lUuCqF0m3ly	MIDDLE OF THE NIGHT	Elley Duhé	46	#84bd00	2022-02-07	Viral 50	is
0sTlGEld0h8kIPZaKDYUf4	Notion	The Rare Occasions	47	#84bd00	2022-02-07	Viral 50	is
3nOz1U41SZZ0N3fuUWr9nb	I AM WOMAN	Emmy Meli	48	#bd3200	2022-02-07	Viral 50	is
0KCSJzsQVxkloxoT7dyrqV	The Rumbling (TV Size)	SiM	49	#4687d7	2022-02-07	Viral 50	is
2GPh676erhgaOyMRmQNOc6	Captain (whistle)	Nutcase22	50	#4687d7	2022-02-07	Viral 50	is
3Oww84xrmgjyr5J1ilOmAf	Down Under (feat. Colin Hay)	Luude	1	#3e3e40	2022-02-08	Viral 50	is
52xJxFP6TqMuO4Yt0eOkMz	We Don't Talk About Bruno	Carolina Gaitán - La Gaita, Mauro Castillo, Adassa, Rhenzy Feliz, Diane Guerrero, Stephanie Beatriz, Encanto - Cast	2	#3e3e40	2022-02-08	Viral 50	is
6NI1jGEu4dRI1g9f6u7hB0	LaLíf	Kjartan Ólafsson	3	#3e3e40	2022-02-08	Viral 50	is
3cqWSJzuxZCsglpaxWtosT	Before I Knew It	Mason Ramsey	4	#3e3e40	2022-02-08	Viral 50	is
3XOalgusokruzA5ZBA2Qcb	pushin P (feat. Young Thug)	Gunna, Future	5	#84bd00	2022-02-08	Viral 50	is
6K5ph5mq1qprHae3TrgTj5	"Surface Pressure - From ""Encanto""/Soundtrack Version"	Jessica Darrow	6	#bd3200	2022-02-08	Viral 50	is
5vUnjhBzRJJIAOJPde6zDx	TO THE MOON	Jnr Choi, Sam Tompkins	7	#84bd00	2022-02-08	Viral 50	is
79nEEoEPY2w8EXj9hjn5oc	Ginseng Strip 2002	Yung Lean	8	#84bd00	2022-02-08	Viral 50	is
2n6GNBBTehOPfiQtPGlsCg	Töfrar	Silfurtónar	9	#84bd00	2022-02-08	Viral 50	is
0lEjxUUlKqjqXrVlIHFduD	P power (feat. Drake)	Gunna	10	#3e3e40	2022-02-08	Viral 50	is
5S9Zs5g9lTWnLIboN1pdlU	Fingers Crossed	Lauren Spencer-Smith	11	#bd3200	2022-02-08	Viral 50	is
5rohUzwEoRsUvAA1Bf3DLo	Dos Oruguitas	Sebastian Yatra	12	#bd3200	2022-02-08	Viral 50	is
3XoYqtiWHhsk59frZupImG	What Else Can I Do?	Diane Guerrero, Stephanie Beatriz	13	#84bd00	2022-02-08	Viral 50	is
5Ts1DYOuouQLgzTaisxWYh	Love Grows (Where My Rosemary Goes)	Edison Lighthouse	14	#bd3200	2022-02-08	Viral 50	is
2Xb6wJYGi0QXwURw5WWvI5	Right Down the Line	Gerry Rafferty	15	#84bd00	2022-02-08	Viral 50	is
7BbaIYAdi3pg4MGl6PHwPv	Monëy so big	Yeat	16	#bd3200	2022-02-08	Viral 50	is
3xRH6FPVtheDyNla3T1FE7	Hrs and Hrs	Muni Long	17	#3e3e40	2022-02-08	Viral 50	is
4B6XjmOWI55np7y4MUTXDu	La Seine - Extrait de la bande originale un monstre à Paris	Vanessa Paradis, -M-	18	#84bd00	2022-02-08	Viral 50	is
250HCdqW1C97j3MjvWlysp	Bjór	Fræbblarnir	19	#84bd00	2022-02-08	Viral 50	is
6Ab81Bs9fcOwaTYuBsUUpI	Eazy	The Game, Kanye West	20	#84bd00	2022-02-08	Viral 50	is
6GomT970rCOkKAyyrwJeZi	Move Your Body	Öwnboss, Sevek	21	#bd3200	2022-02-08	Viral 50	is
45GDh5cZcRVOAyQqZWxiUt	Playboy	Jx.Zero	22	#bd3200	2022-02-08	Viral 50	is
4bLL8O04PMkzYpT4sC47kd	Ástin heldur vöku	Júlí Heiðar	23	#bd3200	2022-02-08	Viral 50	is
4b1yxSdlumA8N4fEk4UOZp	The Family Madrigal	Stephanie Beatriz, Olga Merediz, Encanto - Cast	24	#bd3200	2022-02-08	Viral 50	is
4iwiYqzoLImJraKQ9Pf2I2	Ameno Amapiano Remix (You Wanna Bamba)	Goya Menor, Nektunez	25	#3e3e40	2022-02-08	Viral 50	is
1dxcQA922vdRVtSlGunpGX	Fjólublátt ljós við barinn	Klíkan	26	#bd3200	2022-02-08	Viral 50	is
10hMM5nsZQf66ldBlgWBfG	All For Us - from the HBO Original Series Euphoria	Labrinth, Zendaya	27	#bd3200	2022-02-08	Viral 50	is
05EG9LwFCVjkoYEWzsrHHO	Legend	Tevvez	28	#3e3e40	2022-02-08	Viral 50	is
0cp97b37sFNsdIbQH6po3T	Surround Sound (feat. 21 Savage & Baby Tate)	JID	29	#84bd00	2022-02-08	Viral 50	is
3DRG3HjNz4ZzjDapuZZVOt	Svart-hvíta hetjan mín	Dúkkulísurnar	30	#84bd00	2022-02-08	Viral 50	is
2K7xn816oNHJZ0aVqdQsha	Softcore	The Neighbourhood	31	#84bd00	2022-02-08	Viral 50	is
4SkkXTtocKccDPJjq4xutq	Ástarsæla	Júníus Meyvant	32	#bd3200	2022-02-08	Viral 50	is
4fouWK6XVHhzl78KzQ1UjL	abcdefu	GAYLE	33	#bd3200	2022-02-08	Viral 50	is
11iIikXxC6NP0Ma8vMD27x	Alien Blues	Vundabar	34	#84bd00	2022-02-08	Viral 50	is
2t16D9V5FmmRAJjsSpwvZf	When I R.I.P.	Labrinth	35	#84bd00	2022-02-08	Viral 50	is
4lACdvcECsrZT78LbR6bjU	Svart hár	ISSI	36	#bd3200	2022-02-08	Viral 50	is
6gPPoRYJwCsoB2VVdPJfmo	Miserable Man	David Kushner	37	#4687d7	2022-02-08	Viral 50	is
3oRW9ZGPRbLRMneQ5lwflt	Waiting On A Miracle	Stephanie Beatriz	38	#bd3200	2022-02-08	Viral 50	is
0sTlGEld0h8kIPZaKDYUf4	Notion	The Rare Occasions	39	#84bd00	2022-02-08	Viral 50	is
5RBOcBpJXaNnHCGViJmYhh	The Perfect Girl	Mareux	40	#bd3200	2022-02-08	Viral 50	is
6APsKoj3WzGnctxf5fjqCh	UNGUR DRENGUR DRIPPIN	FLUGFÉLAGIÐ, Gísli Pálmi, Yung Nigo Drippin'	41	#4687d7	2022-02-08	Viral 50	is
259m7df2nr0yU8n9Xv5Zmg	Seinna meir	Start	42	#4687d7	2022-02-08	Viral 50	is
2GPh676erhgaOyMRmQNOc6	Captain (whistle)	Nutcase22	43	#84bd00	2022-02-08	Viral 50	is
2Q5q1q01KOdHt5fM00WUJ8	Colombia, Mi Encanto	Carlos Vives	44	#3e3e40	2022-02-08	Viral 50	is
0KCSJzsQVxkloxoT7dyrqV	The Rumbling (TV Size)	SiM	45	#84bd00	2022-02-08	Viral 50	is
6hIr2IDeBDXfRFk0rYe5Tz	Won’t Stand Down	Muse	46	#bd3200	2022-02-08	Viral 50	is
1bjhYUwKUHEg5fHknxFObO	Lost	Frank Ocean	47	#4687d7	2022-02-08	Viral 50	is
58HvfVOeJY7lUuCqF0m3ly	MIDDLE OF THE NIGHT	Elley Duhé	48	#bd3200	2022-02-08	Viral 50	is
5IMtdHjJ1OtkxbGe4zfUxQ	Escape (The Pina Colada Song)	Rupert Holmes	49	#4687d7	2022-02-08	Viral 50	is
20on25jryn53hWghthWWW3	Do It To It	ACRAZE, Cherish	50	#bd3200	2022-02-08	Viral 50	is
3Oww84xrmgjyr5J1ilOmAf	Down Under (feat. Colin Hay)	Luude	1	#3e3e40	2022-02-09	Viral 50	is
52xJxFP6TqMuO4Yt0eOkMz	We Don't Talk About Bruno	Carolina Gaitán - La Gaita, Mauro Castillo, Adassa, Rhenzy Feliz, Diane Guerrero, Stephanie Beatriz, Encanto - Cast	2	#3e3e40	2022-02-09	Viral 50	is
2n6GNBBTehOPfiQtPGlsCg	Töfrar	Silfurtónar	3	#84bd00	2022-02-09	Viral 50	is
6NI1jGEu4dRI1g9f6u7hB0	LaLíf	Kjartan Ólafsson	4	#bd3200	2022-02-09	Viral 50	is
5vUnjhBzRJJIAOJPde6zDx	TO THE MOON	Jnr Choi, Sam Tompkins	5	#84bd00	2022-02-09	Viral 50	is
79nEEoEPY2w8EXj9hjn5oc	Ginseng Strip 2002	Yung Lean	6	#84bd00	2022-02-09	Viral 50	is
6K5ph5mq1qprHae3TrgTj5	"Surface Pressure - From ""Encanto""/Soundtrack Version"	Jessica Darrow	7	#bd3200	2022-02-09	Viral 50	is
3XOalgusokruzA5ZBA2Qcb	pushin P (feat. Young Thug)	Gunna, Future	8	#bd3200	2022-02-09	Viral 50	is
3cqWSJzuxZCsglpaxWtosT	Before I Knew It	Mason Ramsey	9	#bd3200	2022-02-09	Viral 50	is
5rohUzwEoRsUvAA1Bf3DLo	Dos Oruguitas	Sebastian Yatra	10	#84bd00	2022-02-09	Viral 50	is
3yMC1KsTwh0ceXdIe4QQAQ	Fingers Crossed	Lauren Spencer-Smith	11	#3e3e40	2022-02-09	Viral 50	is
0lEjxUUlKqjqXrVlIHFduD	P power (feat. Drake)	Gunna	12	#bd3200	2022-02-09	Viral 50	is
4B6XjmOWI55np7y4MUTXDu	La Seine - Extrait de la bande originale un monstre à Paris	Vanessa Paradis, -M-	13	#84bd00	2022-02-09	Viral 50	is
6Ab81Bs9fcOwaTYuBsUUpI	Eazy	The Game, Kanye West	14	#84bd00	2022-02-09	Viral 50	is
7BbaIYAdi3pg4MGl6PHwPv	Monëy so big	Yeat	15	#84bd00	2022-02-09	Viral 50	is
3XoYqtiWHhsk59frZupImG	What Else Can I Do?	Diane Guerrero, Stephanie Beatriz	16	#bd3200	2022-02-09	Viral 50	is
5Ts1DYOuouQLgzTaisxWYh	Love Grows (Where My Rosemary Goes)	Edison Lighthouse	17	#bd3200	2022-02-09	Viral 50	is
2Xb6wJYGi0QXwURw5WWvI5	Right Down the Line	Gerry Rafferty	18	#bd3200	2022-02-09	Viral 50	is
3xRH6FPVtheDyNla3T1FE7	Hrs and Hrs	Muni Long	19	#bd3200	2022-02-09	Viral 50	is
2K7xn816oNHJZ0aVqdQsha	Softcore	The Neighbourhood	20	#84bd00	2022-02-09	Viral 50	is
45GDh5cZcRVOAyQqZWxiUt	Playboy	Jx.Zero	21	#84bd00	2022-02-09	Viral 50	is
6GomT970rCOkKAyyrwJeZi	Move Your Body	Öwnboss, Sevek	22	#bd3200	2022-02-09	Viral 50	is
1dxcQA922vdRVtSlGunpGX	Fjólublátt ljós við barinn	Klíkan	23	#84bd00	2022-02-09	Viral 50	is
4b1yxSdlumA8N4fEk4UOZp	The Family Madrigal	Stephanie Beatriz, Olga Merediz, Encanto - Cast	24	#3e3e40	2022-02-09	Viral 50	is
250HCdqW1C97j3MjvWlysp	Bjór	Fræbblarnir	25	#bd3200	2022-02-09	Viral 50	is
4iwiYqzoLImJraKQ9Pf2I2	Ameno Amapiano Remix (You Wanna Bamba)	Goya Menor, Nektunez	26	#bd3200	2022-02-09	Viral 50	is
05EG9LwFCVjkoYEWzsrHHO	Legend	Tevvez	27	#84bd00	2022-02-09	Viral 50	is
0cp97b37sFNsdIbQH6po3T	Surround Sound (feat. 21 Savage & Baby Tate)	JID	28	#84bd00	2022-02-09	Viral 50	is
4bLL8O04PMkzYpT4sC47kd	Ástin heldur vöku	Júlí Heiðar	29	#bd3200	2022-02-09	Viral 50	is
4SkkXTtocKccDPJjq4xutq	Ástarsæla	Júníus Meyvant	30	#84bd00	2022-02-09	Viral 50	is
10hMM5nsZQf66ldBlgWBfG	All For Us - from the HBO Original Series Euphoria	Labrinth, Zendaya	31	#bd3200	2022-02-09	Viral 50	is
11iIikXxC6NP0Ma8vMD27x	Alien Blues	Vundabar	32	#84bd00	2022-02-09	Viral 50	is
4fouWK6XVHhzl78KzQ1UjL	abcdefu	GAYLE	33	#3e3e40	2022-02-09	Viral 50	is
2t16D9V5FmmRAJjsSpwvZf	When I R.I.P.	Labrinth	34	#84bd00	2022-02-09	Viral 50	is
6FiySur7YZL0Kff2YVGsEB	Right Foot Creep	YoungBoy Never Broke Again	35	#4687d7	2022-02-09	Viral 50	is
3oRW9ZGPRbLRMneQ5lwflt	Waiting On A Miracle	Stephanie Beatriz	36	#84bd00	2022-02-09	Viral 50	is
6gPPoRYJwCsoB2VVdPJfmo	Miserable Man	David Kushner	37	#3e3e40	2022-02-09	Viral 50	is
6APsKoj3WzGnctxf5fjqCh	UNGUR DRENGUR DRIPPIN	FLUGFÉLAGIÐ, Gísli Pálmi, Yung Nigo Drippin'	38	#84bd00	2022-02-09	Viral 50	is
259m7df2nr0yU8n9Xv5Zmg	Seinna meir	Start	39	#84bd00	2022-02-09	Viral 50	is
2B4GHvToeLTOBB4QLzW3Ni	Pepas	Farruko	40	#4687d7	2022-02-09	Viral 50	is
0KCSJzsQVxkloxoT7dyrqV	The Rumbling (TV Size)	SiM	41	#84bd00	2022-02-09	Viral 50	is
2Q5q1q01KOdHt5fM00WUJ8	Colombia, Mi Encanto	Carlos Vives	42	#84bd00	2022-02-09	Viral 50	is
1bjhYUwKUHEg5fHknxFObO	Lost	Frank Ocean	43	#84bd00	2022-02-09	Viral 50	is
0sTlGEld0h8kIPZaKDYUf4	Notion	The Rare Occasions	44	#bd3200	2022-02-09	Viral 50	is
5IMtdHjJ1OtkxbGe4zfUxQ	Escape (The Pina Colada Song)	Rupert Holmes	45	#84bd00	2022-02-09	Viral 50	is
58HvfVOeJY7lUuCqF0m3ly	MIDDLE OF THE NIGHT	Elley Duhé	46	#84bd00	2022-02-09	Viral 50	is
37ROoLBH0Z5rQiDeHzHn2l	Svart-hvíta hetjan mín	Dúkkulísurnar	47	#4687d7	2022-02-09	Viral 50	is
6lknMmJZALXxx7emwwZWLX	Frozen	Madonna, Sickick	48	#4687d7	2022-02-09	Viral 50	is
2bBClS4zzrRd4Aj59NaKSv	Super Gremlin	Kodak Black	49	#4687d7	2022-02-09	Viral 50	is
6hIr2IDeBDXfRFk0rYe5Tz	Won’t Stand Down	Muse	50	#bd3200	2022-02-09	Viral 50	is
3Oww84xrmgjyr5J1ilOmAf	Down Under (feat. Colin Hay)	Luude	1	#3e3e40	2022-02-10	Viral 50	is
2n6GNBBTehOPfiQtPGlsCg	Töfrar	Silfurtónar	2	#84bd00	2022-02-10	Viral 50	is
52xJxFP6TqMuO4Yt0eOkMz	We Don't Talk About Bruno	Carolina Gaitán - La Gaita, Mauro Castillo, Adassa, Rhenzy Feliz, Diane Guerrero, Stephanie Beatriz, Encanto - Cast	3	#bd3200	2022-02-10	Viral 50	is
6NI1jGEu4dRI1g9f6u7hB0	LaLíf	Kjartan Ólafsson	4	#3e3e40	2022-02-10	Viral 50	is
3XOalgusokruzA5ZBA2Qcb	pushin P (feat. Young Thug)	Gunna, Future	5	#84bd00	2022-02-10	Viral 50	is
79nEEoEPY2w8EXj9hjn5oc	Ginseng Strip 2002	Yung Lean	6	#3e3e40	2022-02-10	Viral 50	is
6K5ph5mq1qprHae3TrgTj5	"Surface Pressure - From ""Encanto""/Soundtrack Version"	Jessica Darrow	7	#3e3e40	2022-02-10	Viral 50	is
5vUnjhBzRJJIAOJPde6zDx	TO THE MOON	Jnr Choi, Sam Tompkins	8	#bd3200	2022-02-10	Viral 50	is
0lEjxUUlKqjqXrVlIHFduD	P power (feat. Drake)	Gunna	9	#84bd00	2022-02-10	Viral 50	is
4B6XjmOWI55np7y4MUTXDu	La Seine - Extrait de la bande originale un monstre à Paris	Vanessa Paradis, -M-	10	#84bd00	2022-02-10	Viral 50	is
3cqWSJzuxZCsglpaxWtosT	Before I Knew It	Mason Ramsey	11	#bd3200	2022-02-10	Viral 50	is
6GomT970rCOkKAyyrwJeZi	Move Your Body	Öwnboss, Sevek	12	#84bd00	2022-02-10	Viral 50	is
3yMC1KsTwh0ceXdIe4QQAQ	Fingers Crossed	Lauren Spencer-Smith	13	#bd3200	2022-02-10	Viral 50	is
45GDh5cZcRVOAyQqZWxiUt	Playboy	Jx.Zero	14	#84bd00	2022-02-10	Viral 50	is
2K7xn816oNHJZ0aVqdQsha	Softcore	The Neighbourhood	15	#84bd00	2022-02-10	Viral 50	is
6Ab81Bs9fcOwaTYuBsUUpI	Eazy	The Game, Kanye West	16	#bd3200	2022-02-10	Viral 50	is
3XoYqtiWHhsk59frZupImG	What Else Can I Do?	Diane Guerrero, Stephanie Beatriz	17	#bd3200	2022-02-10	Viral 50	is
250HCdqW1C97j3MjvWlysp	Bjór	Fræbblarnir	18	#84bd00	2022-02-10	Viral 50	is
2Xb6wJYGi0QXwURw5WWvI5	Right Down the Line	Gerry Rafferty	19	#bd3200	2022-02-10	Viral 50	is
5rohUzwEoRsUvAA1Bf3DLo	Dos Oruguitas	Sebastian Yatra	20	#bd3200	2022-02-10	Viral 50	is
7BbaIYAdi3pg4MGl6PHwPv	Monëy so big	Yeat	21	#bd3200	2022-02-10	Viral 50	is
05EG9LwFCVjkoYEWzsrHHO	Legend	Tevvez	22	#84bd00	2022-02-10	Viral 50	is
5Ts1DYOuouQLgzTaisxWYh	Love Grows (Where My Rosemary Goes)	Edison Lighthouse	23	#bd3200	2022-02-10	Viral 50	is
4iwiYqzoLImJraKQ9Pf2I2	Ameno Amapiano Remix (You Wanna Bamba)	Goya Menor, Nektunez	24	#84bd00	2022-02-10	Viral 50	is
0cp97b37sFNsdIbQH6po3T	Surround Sound (feat. 21 Savage & Baby Tate)	JID	25	#84bd00	2022-02-10	Viral 50	is
4bLL8O04PMkzYpT4sC47kd	Ástin heldur vöku	Júlí Heiðar	26	#84bd00	2022-02-10	Viral 50	is
6FiySur7YZL0Kff2YVGsEB	Right Foot Creep	YoungBoy Never Broke Again	27	#84bd00	2022-02-10	Viral 50	is
10hMM5nsZQf66ldBlgWBfG	All For Us - from the HBO Original Series Euphoria	Labrinth, Zendaya	28	#84bd00	2022-02-10	Viral 50	is
3xRH6FPVtheDyNla3T1FE7	Hrs and Hrs	Muni Long	29	#bd3200	2022-02-10	Viral 50	is
4SkkXTtocKccDPJjq4xutq	Ástarsæla	Júníus Meyvant	30	#3e3e40	2022-02-10	Viral 50	is
11iIikXxC6NP0Ma8vMD27x	Alien Blues	Vundabar	31	#84bd00	2022-02-10	Viral 50	is
4b1yxSdlumA8N4fEk4UOZp	The Family Madrigal	Stephanie Beatriz, Olga Merediz, Encanto - Cast	32	#bd3200	2022-02-10	Viral 50	is
2t16D9V5FmmRAJjsSpwvZf	When I R.I.P.	Labrinth	33	#84bd00	2022-02-10	Viral 50	is
4fouWK6XVHhzl78KzQ1UjL	abcdefu	GAYLE	34	#bd3200	2022-02-10	Viral 50	is
1dxcQA922vdRVtSlGunpGX	Fjólublátt ljós við barinn	Klíkan	35	#bd3200	2022-02-10	Viral 50	is
1bjhYUwKUHEg5fHknxFObO	Lost	Frank Ocean	36	#84bd00	2022-02-10	Viral 50	is
6gPPoRYJwCsoB2VVdPJfmo	Miserable Man	David Kushner	37	#3e3e40	2022-02-10	Viral 50	is
2B4GHvToeLTOBB4QLzW3Ni	Pepas	Farruko	38	#84bd00	2022-02-10	Viral 50	is
6APsKoj3WzGnctxf5fjqCh	UNGUR DRENGUR DRIPPIN	FLUGFÉLAGIÐ, Gísli Pálmi, Yung Nigo Drippin'	39	#bd3200	2022-02-10	Viral 50	is
259m7df2nr0yU8n9Xv5Zmg	Seinna meir	Start	40	#bd3200	2022-02-10	Viral 50	is
4lACdvcECsrZT78LbR6bjU	Svart hár	ISSI	41	#4687d7	2022-02-10	Viral 50	is
0KCSJzsQVxkloxoT7dyrqV	The Rumbling (TV Size)	SiM	42	#bd3200	2022-02-10	Viral 50	is
2Q5q1q01KOdHt5fM00WUJ8	Colombia, Mi Encanto	Carlos Vives	43	#bd3200	2022-02-10	Viral 50	is
7rdIKBTAQm4nLlpA5E8DBI	Shake	Ishowsped	44	#4687d7	2022-02-10	Viral 50	is
6hIr2IDeBDXfRFk0rYe5Tz	Won’t Stand Down	Muse	45	#84bd00	2022-02-10	Viral 50	is
37ROoLBH0Z5rQiDeHzHn2l	Svart-hvíta hetjan mín	Dúkkulísurnar	46	#84bd00	2022-02-10	Viral 50	is
0sTlGEld0h8kIPZaKDYUf4	Notion	The Rare Occasions	47	#bd3200	2022-02-10	Viral 50	is
20O48JTG6O46tPAuZbliRA	Gët Busy	Yeat	48	#4687d7	2022-02-10	Viral 50	is
6lknMmJZALXxx7emwwZWLX	Frozen	Madonna, Sickick	49	#bd3200	2022-02-10	Viral 50	is
2bBClS4zzrRd4Aj59NaKSv	Super Gremlin	Kodak Black	50	#bd3200	2022-02-10	Viral 50	is
6NI1jGEu4dRI1g9f6u7hB0	LaLíf	Kjartan Ólafsson	1	#84bd00	2022-02-11	Viral 50	is
2n6GNBBTehOPfiQtPGlsCg	Töfrar	Silfurtónar	2	#3e3e40	2022-02-11	Viral 50	is
3Oww84xrmgjyr5J1ilOmAf	Down Under (feat. Colin Hay)	Luude	3	#bd3200	2022-02-11	Viral 50	is
52xJxFP6TqMuO4Yt0eOkMz	We Don't Talk About Bruno	Carolina Gaitán - La Gaita, Mauro Castillo, Adassa, Rhenzy Feliz, Diane Guerrero, Stephanie Beatriz, Encanto - Cast	4	#bd3200	2022-02-11	Viral 50	is
5vUnjhBzRJJIAOJPde6zDx	TO THE MOON	Jnr Choi, Sam Tompkins	5	#84bd00	2022-02-11	Viral 50	is
79nEEoEPY2w8EXj9hjn5oc	Ginseng Strip 2002	Yung Lean	6	#3e3e40	2022-02-11	Viral 50	is
3XOalgusokruzA5ZBA2Qcb	pushin P (feat. Young Thug)	Gunna, Future	7	#bd3200	2022-02-11	Viral 50	is
6K5ph5mq1qprHae3TrgTj5	"Surface Pressure - From ""Encanto""/Soundtrack Version"	Jessica Darrow	8	#bd3200	2022-02-11	Viral 50	is
45GDh5cZcRVOAyQqZWxiUt	Playboy	Jx.Zero	9	#84bd00	2022-02-11	Viral 50	is
0lEjxUUlKqjqXrVlIHFduD	P power (feat. Drake)	Gunna	10	#bd3200	2022-02-11	Viral 50	is
4B6XjmOWI55np7y4MUTXDu	La Seine - Extrait de la bande originale un monstre à Paris	Vanessa Paradis, -M-	11	#bd3200	2022-02-11	Viral 50	is
6GomT970rCOkKAyyrwJeZi	Move Your Body	Öwnboss, Sevek	12	#3e3e40	2022-02-11	Viral 50	is
3cqWSJzuxZCsglpaxWtosT	Before I Knew It	Mason Ramsey	13	#bd3200	2022-02-11	Viral 50	is
7BbaIYAdi3pg4MGl6PHwPv	Monëy so big	Yeat	14	#84bd00	2022-02-11	Viral 50	is
6Ab81Bs9fcOwaTYuBsUUpI	Eazy	The Game, Kanye West	15	#84bd00	2022-02-11	Viral 50	is
3yMC1KsTwh0ceXdIe4QQAQ	Fingers Crossed	Lauren Spencer-Smith	16	#bd3200	2022-02-11	Viral 50	is
3XoYqtiWHhsk59frZupImG	What Else Can I Do?	Diane Guerrero, Stephanie Beatriz	17	#3e3e40	2022-02-11	Viral 50	is
2K7xn816oNHJZ0aVqdQsha	Softcore	The Neighbourhood	18	#bd3200	2022-02-11	Viral 50	is
2Xb6wJYGi0QXwURw5WWvI5	Right Down the Line	Gerry Rafferty	19	#3e3e40	2022-02-11	Viral 50	is
250HCdqW1C97j3MjvWlysp	Bjór	Fræbblarnir	20	#bd3200	2022-02-11	Viral 50	is
4iwiYqzoLImJraKQ9Pf2I2	Ameno Amapiano Remix (You Wanna Bamba)	Goya Menor, Nektunez	21	#84bd00	2022-02-11	Viral 50	is
05EG9LwFCVjkoYEWzsrHHO	Legend	Tevvez	22	#3e3e40	2022-02-11	Viral 50	is
5Ts1DYOuouQLgzTaisxWYh	Love Grows (Where My Rosemary Goes)	Edison Lighthouse	23	#3e3e40	2022-02-11	Viral 50	is
4bLL8O04PMkzYpT4sC47kd	Ástin heldur vöku	Júlí Heiðar	24	#84bd00	2022-02-11	Viral 50	is
5rohUzwEoRsUvAA1Bf3DLo	Dos Oruguitas	Sebastian Yatra	25	#bd3200	2022-02-11	Viral 50	is
6FiySur7YZL0Kff2YVGsEB	Right Foot Creep	YoungBoy Never Broke Again	26	#84bd00	2022-02-11	Viral 50	is
0cp97b37sFNsdIbQH6po3T	Surround Sound (feat. 21 Savage & Baby Tate)	JID	27	#bd3200	2022-02-11	Viral 50	is
10hMM5nsZQf66ldBlgWBfG	All For Us - from the HBO Original Series Euphoria	Labrinth, Zendaya	28	#3e3e40	2022-02-11	Viral 50	is
4SkkXTtocKccDPJjq4xutq	Ástarsæla	Júníus Meyvant	29	#84bd00	2022-02-11	Viral 50	is
1dxcQA922vdRVtSlGunpGX	Fjólublátt ljós við barinn	Klíkan	30	#84bd00	2022-02-11	Viral 50	is
3DRG3HjNz4ZzjDapuZZVOt	Svart-hvíta hetjan mín	Dúkkulísurnar	31	#84bd00	2022-02-11	Viral 50	is
3xRH6FPVtheDyNla3T1FE7	Hrs and Hrs	Muni Long	32	#bd3200	2022-02-11	Viral 50	is
2t16D9V5FmmRAJjsSpwvZf	When I R.I.P.	Labrinth	33	#3e3e40	2022-02-11	Viral 50	is
4b1yxSdlumA8N4fEk4UOZp	The Family Madrigal	Stephanie Beatriz, Olga Merediz, Encanto - Cast	34	#bd3200	2022-02-11	Viral 50	is
1bjhYUwKUHEg5fHknxFObO	Lost	Frank Ocean	35	#84bd00	2022-02-11	Viral 50	is
4fouWK6XVHhzl78KzQ1UjL	abcdefu	GAYLE	36	#bd3200	2022-02-11	Viral 50	is
6gPPoRYJwCsoB2VVdPJfmo	Miserable Man	David Kushner	37	#3e3e40	2022-02-11	Viral 50	is
4lACdvcECsrZT78LbR6bjU	Svart hár	ISSI	38	#84bd00	2022-02-11	Viral 50	is
5IMtdHjJ1OtkxbGe4zfUxQ	Escape (The Pina Colada Song)	Rupert Holmes	39	#4687d7	2022-02-11	Viral 50	is
7rdIKBTAQm4nLlpA5E8DBI	Shake	Ishowsped	40	#84bd00	2022-02-11	Viral 50	is
0KCSJzsQVxkloxoT7dyrqV	The Rumbling (TV Size)	SiM	41	#84bd00	2022-02-11	Viral 50	is
2B4GHvToeLTOBB4QLzW3Ni	Pepas	Farruko	42	#bd3200	2022-02-11	Viral 50	is
5M4yti0QxgqJieUYaEXcpw	Eventually	Tame Impala	43	#4687d7	2022-02-11	Viral 50	is
2bBClS4zzrRd4Aj59NaKSv	Super Gremlin	Kodak Black	44	#84bd00	2022-02-11	Viral 50	is
259m7df2nr0yU8n9Xv5Zmg	Seinna meir	Start	45	#bd3200	2022-02-11	Viral 50	is
20O48JTG6O46tPAuZbliRA	Gët Busy	Yeat	46	#84bd00	2022-02-11	Viral 50	is
2Q5q1q01KOdHt5fM00WUJ8	Colombia, Mi Encanto	Carlos Vives	47	#bd3200	2022-02-11	Viral 50	is
3ZBeHiRJUj1vdiU8zzGPgb	WYD Now?	Sadie Jean	48	#4687d7	2022-02-11	Viral 50	is
6nQ1B216Liiydhgn2gar0o	Material Girl	Saucy Santana	49	#4687d7	2022-02-11	Viral 50	is
0IzM8sxWJMvAcMEwGa2UDj	Planið	ISSI	50	#4687d7	2022-02-11	Viral 50	is
6NI1jGEu4dRI1g9f6u7hB0	LaLíf	Kjartan Ólafsson	1	#3e3e40	2022-02-12	Viral 50	is
2n6GNBBTehOPfiQtPGlsCg	Töfrar	Silfurtónar	2	#3e3e40	2022-02-12	Viral 50	is
3Oww84xrmgjyr5J1ilOmAf	Down Under (feat. Colin Hay)	Luude	3	#3e3e40	2022-02-12	Viral 50	is
52xJxFP6TqMuO4Yt0eOkMz	We Don't Talk About Bruno	Carolina Gaitán - La Gaita, Mauro Castillo, Adassa, Rhenzy Feliz, Diane Guerrero, Stephanie Beatriz, Encanto - Cast	4	#3e3e40	2022-02-12	Viral 50	is
79nEEoEPY2w8EXj9hjn5oc	Ginseng Strip 2002	Yung Lean	5	#84bd00	2022-02-12	Viral 50	is
5vUnjhBzRJJIAOJPde6zDx	TO THE MOON	Jnr Choi, Sam Tompkins	6	#bd3200	2022-02-12	Viral 50	is
45GDh5cZcRVOAyQqZWxiUt	Playboy	Jx.Zero	7	#84bd00	2022-02-12	Viral 50	is
3XOalgusokruzA5ZBA2Qcb	pushin P (feat. Young Thug)	Gunna, Future	8	#bd3200	2022-02-12	Viral 50	is
0lEjxUUlKqjqXrVlIHFduD	P power (feat. Drake)	Gunna	9	#84bd00	2022-02-12	Viral 50	is
6K5ph5mq1qprHae3TrgTj5	"Surface Pressure - From ""Encanto""/Soundtrack Version"	Jessica Darrow	10	#bd3200	2022-02-12	Viral 50	is
6GomT970rCOkKAyyrwJeZi	Move Your Body	Öwnboss, Sevek	11	#84bd00	2022-02-12	Viral 50	is
4bLL8O04PMkzYpT4sC47kd	Ástin heldur vöku	Júlí Heiðar	12	#84bd00	2022-02-12	Viral 50	is
7BbaIYAdi3pg4MGl6PHwPv	Monëy so big	Yeat	13	#84bd00	2022-02-12	Viral 50	is
250HCdqW1C97j3MjvWlysp	Bjór	Fræbblarnir	14	#84bd00	2022-02-12	Viral 50	is
4B6XjmOWI55np7y4MUTXDu	La Seine - Extrait de la bande originale un monstre à Paris	Vanessa Paradis, -M-	15	#bd3200	2022-02-12	Viral 50	is
2Xb6wJYGi0QXwURw5WWvI5	Right Down the Line	Gerry Rafferty	16	#84bd00	2022-02-12	Viral 50	is
3yMC1KsTwh0ceXdIe4QQAQ	Fingers Crossed	Lauren Spencer-Smith	17	#bd3200	2022-02-12	Viral 50	is
2K7xn816oNHJZ0aVqdQsha	Softcore	The Neighbourhood	18	#3e3e40	2022-02-12	Viral 50	is
3cqWSJzuxZCsglpaxWtosT	Before I Knew It	Mason Ramsey	19	#bd3200	2022-02-12	Viral 50	is
05EG9LwFCVjkoYEWzsrHHO	Legend	Tevvez	20	#84bd00	2022-02-12	Viral 50	is
4iwiYqzoLImJraKQ9Pf2I2	Ameno Amapiano Remix (You Wanna Bamba)	Goya Menor, Nektunez	21	#3e3e40	2022-02-12	Viral 50	is
6FiySur7YZL0Kff2YVGsEB	Right Foot Creep	YoungBoy Never Broke Again	22	#84bd00	2022-02-12	Viral 50	is
5rohUzwEoRsUvAA1Bf3DLo	Dos Oruguitas	Sebastian Yatra	23	#84bd00	2022-02-12	Viral 50	is
6Ab81Bs9fcOwaTYuBsUUpI	Eazy	The Game, Kanye West	24	#bd3200	2022-02-12	Viral 50	is
10hMM5nsZQf66ldBlgWBfG	All For Us - from the HBO Original Series Euphoria	Labrinth, Zendaya	25	#84bd00	2022-02-12	Viral 50	is
4SkkXTtocKccDPJjq4xutq	Ástarsæla	Júníus Meyvant	26	#84bd00	2022-02-12	Viral 50	is
5Ts1DYOuouQLgzTaisxWYh	Love Grows (Where My Rosemary Goes)	Edison Lighthouse	27	#bd3200	2022-02-12	Viral 50	is
1dxcQA922vdRVtSlGunpGX	Fjólublátt ljós við barinn	Klíkan	28	#84bd00	2022-02-12	Viral 50	is
2t16D9V5FmmRAJjsSpwvZf	When I R.I.P.	Labrinth	29	#84bd00	2022-02-12	Viral 50	is
3xRH6FPVtheDyNla3T1FE7	Hrs and Hrs	Muni Long	30	#84bd00	2022-02-12	Viral 50	is
0cp97b37sFNsdIbQH6po3T	Surround Sound (feat. 21 Savage & Baby Tate)	JID	31	#bd3200	2022-02-12	Viral 50	is
4b1yxSdlumA8N4fEk4UOZp	The Family Madrigal	Stephanie Beatriz, Olga Merediz, Encanto - Cast	32	#84bd00	2022-02-12	Viral 50	is
5M4yti0QxgqJieUYaEXcpw	Eventually	Tame Impala	33	#84bd00	2022-02-12	Viral 50	is
4fouWK6XVHhzl78KzQ1UjL	abcdefu	GAYLE	34	#84bd00	2022-02-12	Viral 50	is
27V23PaP4xV3O6c1yuAAYi	Vals númer 1	Magnús Eiríksson	35	#4687d7	2022-02-12	Viral 50	is
7rdIKBTAQm4nLlpA5E8DBI	Shake	Ishowsped	36	#84bd00	2022-02-12	Viral 50	is
6gPPoRYJwCsoB2VVdPJfmo	Miserable Man	David Kushner	37	#3e3e40	2022-02-12	Viral 50	is
5IMtdHjJ1OtkxbGe4zfUxQ	Escape (The Pina Colada Song)	Rupert Holmes	38	#84bd00	2022-02-12	Viral 50	is
3oRW9ZGPRbLRMneQ5lwflt	Waiting On A Miracle	Stephanie Beatriz	39	#4687d7	2022-02-12	Viral 50	is
6nQ1B216Liiydhgn2gar0o	Material Girl	Saucy Santana	40	#84bd00	2022-02-12	Viral 50	is
1bjhYUwKUHEg5fHknxFObO	Lost	Frank Ocean	41	#bd3200	2022-02-12	Viral 50	is
259m7df2nr0yU8n9Xv5Zmg	Seinna meir	Start	42	#84bd00	2022-02-12	Viral 50	is
2B4GHvToeLTOBB4QLzW3Ni	Pepas	Farruko	43	#bd3200	2022-02-12	Viral 50	is
2Q5q1q01KOdHt5fM00WUJ8	Colombia, Mi Encanto	Carlos Vives	44	#84bd00	2022-02-12	Viral 50	is
4lACdvcECsrZT78LbR6bjU	Svart hár	ISSI	45	#bd3200	2022-02-12	Viral 50	is
2bBClS4zzrRd4Aj59NaKSv	Super Gremlin	Kodak Black	46	#bd3200	2022-02-12	Viral 50	is
0IzM8sxWJMvAcMEwGa2UDj	Planið	ISSI	47	#84bd00	2022-02-12	Viral 50	is
38nkd5HL1PMbaoU7HNqxu9	intertwined	Arny Margret	48	#4687d7	2022-02-12	Viral 50	is
6APsKoj3WzGnctxf5fjqCh	UNGUR DRENGUR DRIPPIN	FLUGFÉLAGIÐ, Gísli Pálmi, Yung Nigo Drippin'	49	#4687d7	2022-02-12	Viral 50	is
6zwp5dM2tL5hOWpfEmMpTB	Ef þú hugsar eins og ég	FLOTT, Unnsteinn	50	#4687d7	2022-02-12	Viral 50	is
6NI1jGEu4dRI1g9f6u7hB0	LaLíf	Kjartan Ólafsson	1	#3e3e40	2022-02-13	Viral 50	is
2n6GNBBTehOPfiQtPGlsCg	Töfrar	Silfurtónar	2	#3e3e40	2022-02-13	Viral 50	is
3Oww84xrmgjyr5J1ilOmAf	Down Under (feat. Colin Hay)	Luude	3	#3e3e40	2022-02-13	Viral 50	is
52xJxFP6TqMuO4Yt0eOkMz	We Don't Talk About Bruno	Carolina Gaitán - La Gaita, Mauro Castillo, Adassa, Rhenzy Feliz, Diane Guerrero, Stephanie Beatriz, Encanto - Cast	4	#3e3e40	2022-02-13	Viral 50	is
79nEEoEPY2w8EXj9hjn5oc	Ginseng Strip 2002	Yung Lean	5	#3e3e40	2022-02-13	Viral 50	is
3XOalgusokruzA5ZBA2Qcb	pushin P (feat. Young Thug)	Gunna, Future	6	#84bd00	2022-02-13	Viral 50	is
5vUnjhBzRJJIAOJPde6zDx	TO THE MOON	Jnr Choi, Sam Tompkins	7	#bd3200	2022-02-13	Viral 50	is
45GDh5cZcRVOAyQqZWxiUt	Playboy	Jx.Zero	8	#bd3200	2022-02-13	Viral 50	is
4bLL8O04PMkzYpT4sC47kd	Ástin heldur vöku	Júlí Heiðar	9	#84bd00	2022-02-13	Viral 50	is
250HCdqW1C97j3MjvWlysp	Bjór	Fræbblarnir	10	#84bd00	2022-02-13	Viral 50	is
3DRG3HjNz4ZzjDapuZZVOt	Svart-hvíta hetjan mín	Dúkkulísurnar	11	#4687d7	2022-02-13	Viral 50	is
2Xb6wJYGi0QXwURw5WWvI5	Right Down the Line	Gerry Rafferty	12	#84bd00	2022-02-13	Viral 50	is
6K5ph5mq1qprHae3TrgTj5	"Surface Pressure - From ""Encanto""/Soundtrack Version"	Jessica Darrow	13	#bd3200	2022-02-13	Viral 50	is
0lEjxUUlKqjqXrVlIHFduD	P power (feat. Drake)	Gunna	14	#bd3200	2022-02-13	Viral 50	is
2K7xn816oNHJZ0aVqdQsha	Softcore	The Neighbourhood	15	#84bd00	2022-02-13	Viral 50	is
4B6XjmOWI55np7y4MUTXDu	La Seine - Extrait de la bande originale un monstre à Paris	Vanessa Paradis, -M-	16	#bd3200	2022-02-13	Viral 50	is
5rohUzwEoRsUvAA1Bf3DLo	Dos Oruguitas	Sebastian Yatra	17	#84bd00	2022-02-13	Viral 50	is
6GomT970rCOkKAyyrwJeZi	Move Your Body	Öwnboss, Sevek	18	#bd3200	2022-02-13	Viral 50	is
7BbaIYAdi3pg4MGl6PHwPv	Monëy so big	Yeat	19	#bd3200	2022-02-13	Viral 50	is
3yMC1KsTwh0ceXdIe4QQAQ	Fingers Crossed	Lauren Spencer-Smith	20	#bd3200	2022-02-13	Viral 50	is
05EG9LwFCVjkoYEWzsrHHO	Legend	Tevvez	21	#bd3200	2022-02-13	Viral 50	is
3xRH6FPVtheDyNla3T1FE7	Hrs and Hrs	Muni Long	22	#84bd00	2022-02-13	Viral 50	is
10hMM5nsZQf66ldBlgWBfG	All For Us - from the HBO Original Series Euphoria	Labrinth, Zendaya	23	#84bd00	2022-02-13	Viral 50	is
4SkkXTtocKccDPJjq4xutq	Ástarsæla	Júníus Meyvant	24	#84bd00	2022-02-13	Viral 50	is
6FiySur7YZL0Kff2YVGsEB	Right Foot Creep	YoungBoy Never Broke Again	25	#bd3200	2022-02-13	Viral 50	is
4iwiYqzoLImJraKQ9Pf2I2	Ameno Amapiano Remix (You Wanna Bamba)	Goya Menor, Nektunez	26	#bd3200	2022-02-13	Viral 50	is
5M4yti0QxgqJieUYaEXcpw	Eventually	Tame Impala	27	#84bd00	2022-02-13	Viral 50	is
6Ab81Bs9fcOwaTYuBsUUpI	Eazy	The Game, Kanye West	28	#bd3200	2022-02-13	Viral 50	is
5Ts1DYOuouQLgzTaisxWYh	Love Grows (Where My Rosemary Goes)	Edison Lighthouse	29	#bd3200	2022-02-13	Viral 50	is
27V23PaP4xV3O6c1yuAAYi	Vals númer 1	Magnús Eiríksson	30	#84bd00	2022-02-13	Viral 50	is
6jPVyjPqp2BNUJnDSwm8tK	Two Oruguitas	Sebastian Yatra	31	#4687d7	2022-02-13	Viral 50	is
3cqWSJzuxZCsglpaxWtosT	Before I Knew It	Mason Ramsey	32	#bd3200	2022-02-13	Viral 50	is
4b1yxSdlumA8N4fEk4UOZp	The Family Madrigal	Stephanie Beatriz, Olga Merediz, Encanto - Cast	33	#bd3200	2022-02-13	Viral 50	is
2Q5q1q01KOdHt5fM00WUJ8	Colombia, Mi Encanto	Carlos Vives	34	#84bd00	2022-02-13	Viral 50	is
6nQ1B216Liiydhgn2gar0o	Material Girl	Saucy Santana	35	#84bd00	2022-02-13	Viral 50	is
1dxcQA922vdRVtSlGunpGX	Fjólublátt ljós við barinn	Klíkan	36	#bd3200	2022-02-13	Viral 50	is
4fouWK6XVHhzl78KzQ1UjL	abcdefu	GAYLE	37	#bd3200	2022-02-13	Viral 50	is
2t16D9V5FmmRAJjsSpwvZf	When I R.I.P.	Labrinth	38	#bd3200	2022-02-13	Viral 50	is
6gPPoRYJwCsoB2VVdPJfmo	Miserable Man	David Kushner	39	#bd3200	2022-02-13	Viral 50	is
7rdIKBTAQm4nLlpA5E8DBI	Shake	Ishowsped	40	#bd3200	2022-02-13	Viral 50	is
6zwp5dM2tL5hOWpfEmMpTB	Ef þú hugsar eins og ég	FLOTT, Unnsteinn	41	#84bd00	2022-02-13	Viral 50	is
1bjhYUwKUHEg5fHknxFObO	Lost	Frank Ocean	42	#bd3200	2022-02-13	Viral 50	is
3oRW9ZGPRbLRMneQ5lwflt	Waiting On A Miracle	Stephanie Beatriz	43	#bd3200	2022-02-13	Viral 50	is
37xrhWcR2phF4KatFB2edo	Rauður bíll	Geiri Sæm	44	#4687d7	2022-02-13	Viral 50	is
38nkd5HL1PMbaoU7HNqxu9	intertwined	Arny Margret	45	#84bd00	2022-02-13	Viral 50	is
0cp97b37sFNsdIbQH6po3T	Surround Sound (feat. 21 Savage & Baby Tate)	JID	46	#bd3200	2022-02-13	Viral 50	is
5IMtdHjJ1OtkxbGe4zfUxQ	Escape (The Pina Colada Song)	Rupert Holmes	47	#bd3200	2022-02-13	Viral 50	is
1LizuuJAtzdCeh7Mfhu5tA	Önnur sjónarmið	Edda Heiðrún Backman	48	#4687d7	2022-02-13	Viral 50	is
6nqdgUTiWt4JbABDurkxMI	Sahara	Hensonn	49	#4687d7	2022-02-13	Viral 50	is
4lACdvcECsrZT78LbR6bjU	Svart hár	ISSI	50	#bd3200	2022-02-13	Viral 50	is
6NI1jGEu4dRI1g9f6u7hB0	LaLíf	Kjartan Ólafsson	1	#3e3e40	2022-02-14	Viral 50	is
2n6GNBBTehOPfiQtPGlsCg	Töfrar	Silfurtónar	2	#3e3e40	2022-02-14	Viral 50	is
3Oww84xrmgjyr5J1ilOmAf	Down Under (feat. Colin Hay)	Luude	3	#3e3e40	2022-02-14	Viral 50	is
52xJxFP6TqMuO4Yt0eOkMz	We Don't Talk About Bruno	Carolina Gaitán - La Gaita, Mauro Castillo, Adassa, Rhenzy Feliz, Diane Guerrero, Stephanie Beatriz, Encanto - Cast	4	#3e3e40	2022-02-14	Viral 50	is
79nEEoEPY2w8EXj9hjn5oc	Ginseng Strip 2002	Yung Lean	5	#3e3e40	2022-02-14	Viral 50	is
5vUnjhBzRJJIAOJPde6zDx	TO THE MOON	Jnr Choi, Sam Tompkins	6	#84bd00	2022-02-14	Viral 50	is
3XOalgusokruzA5ZBA2Qcb	pushin P (feat. Young Thug)	Gunna, Future	7	#bd3200	2022-02-14	Viral 50	is
45GDh5cZcRVOAyQqZWxiUt	Playboy	Jx.Zero	8	#3e3e40	2022-02-14	Viral 50	is
250HCdqW1C97j3MjvWlysp	Bjór	Fræbblarnir	9	#84bd00	2022-02-14	Viral 50	is
4bLL8O04PMkzYpT4sC47kd	Ástin heldur vöku	Júlí Heiðar	10	#bd3200	2022-02-14	Viral 50	is
6QHXcb0eFwOKZOZ9bOFmxm	Toxic Pony	ALTÉGO, Britney Spears, Ginuwine	11	#4687d7	2022-02-14	Viral 50	is
2Xb6wJYGi0QXwURw5WWvI5	Right Down the Line	Gerry Rafferty	12	#3e3e40	2022-02-14	Viral 50	is
7BbaIYAdi3pg4MGl6PHwPv	Monëy so big	Yeat	13	#84bd00	2022-02-14	Viral 50	is
6K5ph5mq1qprHae3TrgTj5	"Surface Pressure - From ""Encanto""/Soundtrack Version"	Jessica Darrow	14	#bd3200	2022-02-14	Viral 50	is
2K7xn816oNHJZ0aVqdQsha	Softcore	The Neighbourhood	15	#3e3e40	2022-02-14	Viral 50	is
5rohUzwEoRsUvAA1Bf3DLo	Dos Oruguitas	Sebastian Yatra	16	#84bd00	2022-02-14	Viral 50	is
3xRH6FPVtheDyNla3T1FE7	Hrs and Hrs	Muni Long	17	#84bd00	2022-02-14	Viral 50	is
2GkIiFzUqrWMsUOW0ZfI9t	Cold Feet	BRÍET	18	#4687d7	2022-02-14	Viral 50	is
4B6XjmOWI55np7y4MUTXDu	La Seine - Extrait de la bande originale un monstre à Paris	Vanessa Paradis, -M-	19	#bd3200	2022-02-14	Viral 50	is
4b1yxSdlumA8N4fEk4UOZp	The Family Madrigal	Stephanie Beatriz, Olga Merediz, Encanto - Cast	20	#84bd00	2022-02-14	Viral 50	is
4SkkXTtocKccDPJjq4xutq	Ástarsæla	Júníus Meyvant	21	#84bd00	2022-02-14	Viral 50	is
6GomT970rCOkKAyyrwJeZi	Move Your Body	Öwnboss, Sevek	22	#bd3200	2022-02-14	Viral 50	is
6FiySur7YZL0Kff2YVGsEB	Right Foot Creep	YoungBoy Never Broke Again	23	#84bd00	2022-02-14	Viral 50	is
5M4yti0QxgqJieUYaEXcpw	Eventually	Tame Impala	24	#84bd00	2022-02-14	Viral 50	is
6nQ1B216Liiydhgn2gar0o	Material Girl	Saucy Santana	25	#84bd00	2022-02-14	Viral 50	is
05EG9LwFCVjkoYEWzsrHHO	Legend	Tevvez	26	#bd3200	2022-02-14	Viral 50	is
4MKOj49FQ3dlI9gqCOIjIn	Pump 101	Digga D, Still Brickin'	27	#4687d7	2022-02-14	Viral 50	is
0lEjxUUlKqjqXrVlIHFduD	P power (feat. Drake)	Gunna	28	#bd3200	2022-02-14	Viral 50	is
1dxcQA922vdRVtSlGunpGX	Fjólublátt ljós við barinn	Klíkan	29	#84bd00	2022-02-14	Viral 50	is
5Ts1DYOuouQLgzTaisxWYh	Love Grows (Where My Rosemary Goes)	Edison Lighthouse	30	#bd3200	2022-02-14	Viral 50	is
3yMC1KsTwh0ceXdIe4QQAQ	Fingers Crossed	Lauren Spencer-Smith	31	#bd3200	2022-02-14	Viral 50	is
2Q5q1q01KOdHt5fM00WUJ8	Colombia, Mi Encanto	Carlos Vives	32	#84bd00	2022-02-14	Viral 50	is
37xrhWcR2phF4KatFB2edo	Rauður bíll	Geiri Sæm	33	#84bd00	2022-02-14	Viral 50	is
10hMM5nsZQf66ldBlgWBfG	All For Us - from the HBO Original Series Euphoria	Labrinth, Zendaya	34	#bd3200	2022-02-14	Viral 50	is
27V23PaP4xV3O6c1yuAAYi	Vals númer 1	Magnús Eiríksson	35	#bd3200	2022-02-14	Viral 50	is
3AVXwaOGCEL8cmBecfcsFJ	Light Switch	Charlie Puth	36	#4687d7	2022-02-14	Viral 50	is
38nkd5HL1PMbaoU7HNqxu9	intertwined	Arny Margret	37	#84bd00	2022-02-14	Viral 50	is
4iwiYqzoLImJraKQ9Pf2I2	Ameno Amapiano Remix (You Wanna Bamba)	Goya Menor, Nektunez	38	#bd3200	2022-02-14	Viral 50	is
11iIikXxC6NP0Ma8vMD27x	Alien Blues	Vundabar	39	#4687d7	2022-02-14	Viral 50	is
6lknMmJZALXxx7emwwZWLX	Frozen	Madonna, Sickick	40	#4687d7	2022-02-14	Viral 50	is
4fouWK6XVHhzl78KzQ1UjL	abcdefu	GAYLE	41	#bd3200	2022-02-14	Viral 50	is
37ROoLBH0Z5rQiDeHzHn2l	Svart-hvíta hetjan mín	Dúkkulísurnar	42	#4687d7	2022-02-14	Viral 50	is
1bjhYUwKUHEg5fHknxFObO	Lost	Frank Ocean	43	#bd3200	2022-02-14	Viral 50	is
6jPVyjPqp2BNUJnDSwm8tK	Two Oruguitas	Sebastian Yatra	44	#bd3200	2022-02-14	Viral 50	is
259m7df2nr0yU8n9Xv5Zmg	Seinna meir	Start	45	#4687d7	2022-02-14	Viral 50	is
3DRG3HjNz4ZzjDapuZZVOt	Svart-hvíta hetjan mín	Dúkkulísurnar	46	#bd3200	2022-02-14	Viral 50	is
4lACdvcECsrZT78LbR6bjU	Svart hár	ISSI	47	#84bd00	2022-02-14	Viral 50	is
6zwp5dM2tL5hOWpfEmMpTB	Ef þú hugsar eins og ég	FLOTT, Unnsteinn	48	#bd3200	2022-02-14	Viral 50	is
6zQPRiKYLdpAIn5HDtzDYc	Meant to be Yours	Jamie Muscato, Original West End Cast of Heathers	49	#4687d7	2022-02-14	Viral 50	is
6gPPoRYJwCsoB2VVdPJfmo	Miserable Man	David Kushner	50	#bd3200	2022-02-14	Viral 50	is
6NI1jGEu4dRI1g9f6u7hB0	LaLíf	Kjartan Ólafsson	1	#3e3e40	2022-02-15	Viral 50	is
2n6GNBBTehOPfiQtPGlsCg	Töfrar	Silfurtónar	2	#3e3e40	2022-02-15	Viral 50	is
3Oww84xrmgjyr5J1ilOmAf	Down Under (feat. Colin Hay)	Luude	3	#3e3e40	2022-02-15	Viral 50	is
52xJxFP6TqMuO4Yt0eOkMz	We Don't Talk About Bruno	Carolina Gaitán - La Gaita, Mauro Castillo, Adassa, Rhenzy Feliz, Diane Guerrero, Stephanie Beatriz, Encanto - Cast	4	#3e3e40	2022-02-15	Viral 50	is
79nEEoEPY2w8EXj9hjn5oc	Ginseng Strip 2002	Yung Lean	5	#3e3e40	2022-02-15	Viral 50	is
45GDh5cZcRVOAyQqZWxiUt	Playboy	Jx.Zero	6	#84bd00	2022-02-15	Viral 50	is
3XOalgusokruzA5ZBA2Qcb	pushin P (feat. Young Thug)	Gunna, Future	7	#3e3e40	2022-02-15	Viral 50	is
5vUnjhBzRJJIAOJPde6zDx	TO THE MOON	Jnr Choi, Sam Tompkins	8	#bd3200	2022-02-15	Viral 50	is
4bLL8O04PMkzYpT4sC47kd	Ástin heldur vöku	Júlí Heiðar	9	#84bd00	2022-02-15	Viral 50	is
250HCdqW1C97j3MjvWlysp	Bjór	Fræbblarnir	10	#bd3200	2022-02-15	Viral 50	is
2Xb6wJYGi0QXwURw5WWvI5	Right Down the Line	Gerry Rafferty	11	#84bd00	2022-02-15	Viral 50	is
27V23PaP4xV3O6c1yuAAYi	Vals númer 1	Magnús Eiríksson	12	#84bd00	2022-02-15	Viral 50	is
4b1yxSdlumA8N4fEk4UOZp	The Family Madrigal	Stephanie Beatriz, Olga Merediz, Encanto - Cast	13	#84bd00	2022-02-15	Viral 50	is
7BbaIYAdi3pg4MGl6PHwPv	Monëy so big	Yeat	14	#bd3200	2022-02-15	Viral 50	is
2GkIiFzUqrWMsUOW0ZfI9t	Cold Feet	BRÍET	15	#84bd00	2022-02-15	Viral 50	is
5rohUzwEoRsUvAA1Bf3DLo	Dos Oruguitas	Sebastian Yatra	16	#3e3e40	2022-02-15	Viral 50	is
3xRH6FPVtheDyNla3T1FE7	Hrs and Hrs	Muni Long	17	#3e3e40	2022-02-15	Viral 50	is
7Fege3yv4dvehB3NdRBGwI	Banking On Me	Gunna	18	#4687d7	2022-02-15	Viral 50	is
6WCrwk8hAiwqatYcTG2V2M	Bensínlaus	Atlantsolía	19	#4687d7	2022-02-15	Viral 50	is
4B6XjmOWI55np7y4MUTXDu	La Seine - Extrait de la bande originale un monstre à Paris	Vanessa Paradis, -M-	20	#bd3200	2022-02-15	Viral 50	is
4SkkXTtocKccDPJjq4xutq	Ástarsæla	Júníus Meyvant	21	#3e3e40	2022-02-15	Viral 50	is
6FiySur7YZL0Kff2YVGsEB	Right Foot Creep	YoungBoy Never Broke Again	22	#84bd00	2022-02-15	Viral 50	is
6K5ph5mq1qprHae3TrgTj5	"Surface Pressure - From ""Encanto""/Soundtrack Version"	Jessica Darrow	23	#bd3200	2022-02-15	Viral 50	is
6QHXcb0eFwOKZOZ9bOFmxm	Toxic Pony	ALTÉGO, Britney Spears, Ginuwine	24	#bd3200	2022-02-15	Viral 50	is
6nQ1B216Liiydhgn2gar0o	Material Girl	Saucy Santana	25	#3e3e40	2022-02-15	Viral 50	is
2K7xn816oNHJZ0aVqdQsha	Softcore	The Neighbourhood	26	#bd3200	2022-02-15	Viral 50	is
5M4yti0QxgqJieUYaEXcpw	Eventually	Tame Impala	27	#bd3200	2022-02-15	Viral 50	is
259m7df2nr0yU8n9Xv5Zmg	Seinna meir	Start	28	#84bd00	2022-02-15	Viral 50	is
0lEjxUUlKqjqXrVlIHFduD	P power (feat. Drake)	Gunna	29	#bd3200	2022-02-15	Viral 50	is
6GomT970rCOkKAyyrwJeZi	Move Your Body	Öwnboss, Sevek	30	#bd3200	2022-02-15	Viral 50	is
1dxcQA922vdRVtSlGunpGX	Fjólublátt ljós við barinn	Klíkan	31	#bd3200	2022-02-15	Viral 50	is
37xrhWcR2phF4KatFB2edo	Rauður bíll	Geiri Sæm	32	#84bd00	2022-02-15	Viral 50	is
2Q5q1q01KOdHt5fM00WUJ8	Colombia, Mi Encanto	Carlos Vives	33	#bd3200	2022-02-15	Viral 50	is
05EG9LwFCVjkoYEWzsrHHO	Legend	Tevvez	34	#bd3200	2022-02-15	Viral 50	is
3yMC1KsTwh0ceXdIe4QQAQ	Fingers Crossed	Lauren Spencer-Smith	35	#bd3200	2022-02-15	Viral 50	is
4MKOj49FQ3dlI9gqCOIjIn	Pump 101	Digga D, Still Brickin'	36	#bd3200	2022-02-15	Viral 50	is
3AVXwaOGCEL8cmBecfcsFJ	Light Switch	Charlie Puth	37	#bd3200	2022-02-15	Viral 50	is
10hMM5nsZQf66ldBlgWBfG	All For Us - from the HBO Original Series Euphoria	Labrinth, Zendaya	38	#bd3200	2022-02-15	Viral 50	is
6lknMmJZALXxx7emwwZWLX	Frozen	Madonna, Sickick	39	#84bd00	2022-02-15	Viral 50	is
37ROoLBH0Z5rQiDeHzHn2l	Svart-hvíta hetjan mín	Dúkkulísurnar	40	#84bd00	2022-02-15	Viral 50	is
11iIikXxC6NP0Ma8vMD27x	Alien Blues	Vundabar	41	#bd3200	2022-02-15	Viral 50	is
4iwiYqzoLImJraKQ9Pf2I2	Ameno Amapiano Remix (You Wanna Bamba)	Goya Menor, Nektunez	42	#bd3200	2022-02-15	Viral 50	is
6jPVyjPqp2BNUJnDSwm8tK	Two Oruguitas	Sebastian Yatra	43	#84bd00	2022-02-15	Viral 50	is
5Ts1DYOuouQLgzTaisxWYh	Love Grows (Where My Rosemary Goes)	Edison Lighthouse	44	#bd3200	2022-02-15	Viral 50	is
4lACdvcECsrZT78LbR6bjU	Svart hár	ISSI	45	#84bd00	2022-02-15	Viral 50	is
0uI7yAKUf52Cn7y3sYyjiX	3 Nights	Dominic Fike	46	#4687d7	2022-02-15	Viral 50	is
2B4GHvToeLTOBB4QLzW3Ni	Pepas	Farruko	47	#4687d7	2022-02-15	Viral 50	is
6zwp5dM2tL5hOWpfEmMpTB	Ef þú hugsar eins og ég	FLOTT, Unnsteinn	48	#3e3e40	2022-02-15	Viral 50	is
4VHkjPgAis9JNfc1URn7zZ	Sorry Bout That	Yeat	49	#4687d7	2022-02-15	Viral 50	is
6zQPRiKYLdpAIn5HDtzDYc	Meant to be Yours	Jamie Muscato, Original West End Cast of Heathers	50	#bd3200	2022-02-15	Viral 50	is
6NI1jGEu4dRI1g9f6u7hB0	LaLíf	Kjartan Ólafsson	1	#3e3e40	2022-02-16	Viral 50	is
2n6GNBBTehOPfiQtPGlsCg	Töfrar	Silfurtónar	2	#3e3e40	2022-02-16	Viral 50	is
3Oww84xrmgjyr5J1ilOmAf	Down Under (feat. Colin Hay)	Luude	3	#3e3e40	2022-02-16	Viral 50	is
52xJxFP6TqMuO4Yt0eOkMz	We Don't Talk About Bruno	Carolina Gaitán - La Gaita, Mauro Castillo, Adassa, Rhenzy Feliz, Diane Guerrero, Stephanie Beatriz, Encanto - Cast	4	#3e3e40	2022-02-16	Viral 50	is
79nEEoEPY2w8EXj9hjn5oc	Ginseng Strip 2002	Yung Lean	5	#3e3e40	2022-02-16	Viral 50	is
45GDh5cZcRVOAyQqZWxiUt	Playboy	Jx.Zero	6	#3e3e40	2022-02-16	Viral 50	is
4bLL8O04PMkzYpT4sC47kd	Ástin heldur vöku	Júlí Heiðar	7	#84bd00	2022-02-16	Viral 50	is
5vUnjhBzRJJIAOJPde6zDx	TO THE MOON	Jnr Choi, Sam Tompkins	8	#3e3e40	2022-02-16	Viral 50	is
3XOalgusokruzA5ZBA2Qcb	pushin P (feat. Young Thug)	Gunna, Future	9	#bd3200	2022-02-16	Viral 50	is
6WCrwk8hAiwqatYcTG2V2M	Bensínlaus	Atlantsolía	10	#84bd00	2022-02-16	Viral 50	is
7Fege3yv4dvehB3NdRBGwI	Banking On Me	Gunna	11	#84bd00	2022-02-16	Viral 50	is
2Xb6wJYGi0QXwURw5WWvI5	Right Down the Line	Gerry Rafferty	12	#bd3200	2022-02-16	Viral 50	is
27V23PaP4xV3O6c1yuAAYi	Vals númer 1	Magnús Eiríksson	13	#bd3200	2022-02-16	Viral 50	is
3DRG3HjNz4ZzjDapuZZVOt	Svart-hvíta hetjan mín	Dúkkulísurnar	14	#84bd00	2022-02-16	Viral 50	is
250HCdqW1C97j3MjvWlysp	Bjór	Fræbblarnir	15	#bd3200	2022-02-16	Viral 50	is
4b1yxSdlumA8N4fEk4UOZp	The Family Madrigal	Stephanie Beatriz, Olga Merediz, Encanto - Cast	16	#bd3200	2022-02-16	Viral 50	is
6K5ph5mq1qprHae3TrgTj5	"Surface Pressure - From ""Encanto""/Soundtrack Version"	Jessica Darrow	17	#84bd00	2022-02-16	Viral 50	is
6QHXcb0eFwOKZOZ9bOFmxm	Toxic Pony	ALTÉGO, Britney Spears, Ginuwine	18	#84bd00	2022-02-16	Viral 50	is
7BbaIYAdi3pg4MGl6PHwPv	Monëy so big	Yeat	19	#bd3200	2022-02-16	Viral 50	is
259m7df2nr0yU8n9Xv5Zmg	Seinna meir	Start	20	#84bd00	2022-02-16	Viral 50	is
0lEjxUUlKqjqXrVlIHFduD	P power (feat. Drake)	Gunna	21	#84bd00	2022-02-16	Viral 50	is
5rohUzwEoRsUvAA1Bf3DLo	Dos Oruguitas	Sebastian Yatra	22	#bd3200	2022-02-16	Viral 50	is
5M4yti0QxgqJieUYaEXcpw	Eventually	Tame Impala	23	#84bd00	2022-02-16	Viral 50	is
6FiySur7YZL0Kff2YVGsEB	Right Foot Creep	YoungBoy Never Broke Again	24	#bd3200	2022-02-16	Viral 50	is
4MKOj49FQ3dlI9gqCOIjIn	Pump 101	Digga D, Still Brickin'	25	#84bd00	2022-02-16	Viral 50	is
3xRH6FPVtheDyNla3T1FE7	Hrs and Hrs	Muni Long	26	#bd3200	2022-02-16	Viral 50	is
1dxcQA922vdRVtSlGunpGX	Fjólublátt ljós við barinn	Klíkan	27	#84bd00	2022-02-16	Viral 50	is
6GomT970rCOkKAyyrwJeZi	Move Your Body	Öwnboss, Sevek	28	#84bd00	2022-02-16	Viral 50	is
2GkIiFzUqrWMsUOW0ZfI9t	Cold Feet	BRÍET	29	#bd3200	2022-02-16	Viral 50	is
4SkkXTtocKccDPJjq4xutq	Ástarsæla	Júníus Meyvant	30	#bd3200	2022-02-16	Viral 50	is
37xrhWcR2phF4KatFB2edo	Rauður bíll	Geiri Sæm	31	#84bd00	2022-02-16	Viral 50	is
2Q5q1q01KOdHt5fM00WUJ8	Colombia, Mi Encanto	Carlos Vives	32	#84bd00	2022-02-16	Viral 50	is
05EG9LwFCVjkoYEWzsrHHO	Legend	Tevvez	33	#84bd00	2022-02-16	Viral 50	is
3AVXwaOGCEL8cmBecfcsFJ	Light Switch	Charlie Puth	34	#84bd00	2022-02-16	Viral 50	is
1ZdhOMWyFR8Iv9eylMGYg2	Mount Everest	Labrinth	35	#4687d7	2022-02-16	Viral 50	is
6nQ1B216Liiydhgn2gar0o	Material Girl	Saucy Santana	36	#bd3200	2022-02-16	Viral 50	is
10hMM5nsZQf66ldBlgWBfG	All For Us - from the HBO Original Series Euphoria	Labrinth, Zendaya	37	#84bd00	2022-02-16	Viral 50	is
0uI7yAKUf52Cn7y3sYyjiX	3 Nights	Dominic Fike	38	#84bd00	2022-02-16	Viral 50	is
4B6XjmOWI55np7y4MUTXDu	La Seine - Extrait de la bande originale un monstre à Paris	Vanessa Paradis, -M-	39	#bd3200	2022-02-16	Viral 50	is
11iIikXxC6NP0Ma8vMD27x	Alien Blues	Vundabar	40	#84bd00	2022-02-16	Viral 50	is
6zQPRiKYLdpAIn5HDtzDYc	Meant to be Yours	Jamie Muscato, Original West End Cast of Heathers	41	#84bd00	2022-02-16	Viral 50	is
5Ts1DYOuouQLgzTaisxWYh	Love Grows (Where My Rosemary Goes)	Edison Lighthouse	42	#84bd00	2022-02-16	Viral 50	is
3yMC1KsTwh0ceXdIe4QQAQ	Fingers Crossed	Lauren Spencer-Smith	43	#bd3200	2022-02-16	Viral 50	is
1DxRMgLoWXgmIFF2Unp5pD	Packs and Potions	HAZEY	44	#4687d7	2022-02-16	Viral 50	is
0rNIEBlBuo5108lnHyGbqJ	Eat Your Salad	Citi Zēni	45	#4687d7	2022-02-16	Viral 50	is
38nkd5HL1PMbaoU7HNqxu9	intertwined	Arny Margret	46	#4687d7	2022-02-16	Viral 50	is
6lknMmJZALXxx7emwwZWLX	Frozen	Madonna, Sickick	47	#bd3200	2022-02-16	Viral 50	is
6jPVyjPqp2BNUJnDSwm8tK	Two Oruguitas	Sebastian Yatra	48	#bd3200	2022-02-16	Viral 50	is
503OTo2dSqe7qk76rgsbep	Still D.R.E.	Dr. Dre, Snoop Dogg	49	#4687d7	2022-02-16	Viral 50	is
2K7xn816oNHJZ0aVqdQsha	Softcore	The Neighbourhood	50	#bd3200	2022-02-16	Viral 50	is
6NI1jGEu4dRI1g9f6u7hB0	LaLíf	Kjartan Ólafsson	1	#3e3e40	2022-02-17	Viral 50	is
2n6GNBBTehOPfiQtPGlsCg	Töfrar	Silfurtónar	2	#3e3e40	2022-02-17	Viral 50	is
3Oww84xrmgjyr5J1ilOmAf	Down Under (feat. Colin Hay)	Luude	3	#3e3e40	2022-02-17	Viral 50	is
52xJxFP6TqMuO4Yt0eOkMz	We Don't Talk About Bruno	Carolina Gaitán - La Gaita, Mauro Castillo, Adassa, Rhenzy Feliz, Diane Guerrero, Stephanie Beatriz, Encanto - Cast	4	#3e3e40	2022-02-17	Viral 50	is
45GDh5cZcRVOAyQqZWxiUt	Playboy	Jx.Zero	5	#84bd00	2022-02-17	Viral 50	is
79nEEoEPY2w8EXj9hjn5oc	Ginseng Strip 2002	Yung Lean	6	#bd3200	2022-02-17	Viral 50	is
6WCrwk8hAiwqatYcTG2V2M	Bensínlaus	Atlantsolía	7	#84bd00	2022-02-17	Viral 50	is
4bLL8O04PMkzYpT4sC47kd	Ástin heldur vöku	Júlí Heiðar	8	#bd3200	2022-02-17	Viral 50	is
7Fege3yv4dvehB3NdRBGwI	Banking On Me	Gunna	9	#84bd00	2022-02-17	Viral 50	is
5vUnjhBzRJJIAOJPde6zDx	TO THE MOON	Jnr Choi, Sam Tompkins	10	#bd3200	2022-02-17	Viral 50	is
3DRG3HjNz4ZzjDapuZZVOt	Svart-hvíta hetjan mín	Dúkkulísurnar	11	#84bd00	2022-02-17	Viral 50	is
4b1yxSdlumA8N4fEk4UOZp	The Family Madrigal	Stephanie Beatriz, Olga Merediz, Encanto - Cast	12	#84bd00	2022-02-17	Viral 50	is
6K5ph5mq1qprHae3TrgTj5	"Surface Pressure - From ""Encanto""/Soundtrack Version"	Jessica Darrow	13	#84bd00	2022-02-17	Viral 50	is
27V23PaP4xV3O6c1yuAAYi	Vals númer 1	Magnús Eiríksson	14	#bd3200	2022-02-17	Viral 50	is
6QHXcb0eFwOKZOZ9bOFmxm	Toxic Pony	ALTÉGO, Britney Spears, Ginuwine	15	#84bd00	2022-02-17	Viral 50	is
3XOalgusokruzA5ZBA2Qcb	pushin P (feat. Young Thug)	Gunna, Future	16	#bd3200	2022-02-17	Viral 50	is
250HCdqW1C97j3MjvWlysp	Bjór	Fræbblarnir	17	#bd3200	2022-02-17	Viral 50	is
2Xb6wJYGi0QXwURw5WWvI5	Right Down the Line	Gerry Rafferty	18	#bd3200	2022-02-17	Viral 50	is
1dxcQA922vdRVtSlGunpGX	Fjólublátt ljós við barinn	Klíkan	19	#84bd00	2022-02-17	Viral 50	is
5rohUzwEoRsUvAA1Bf3DLo	Dos Oruguitas	Sebastian Yatra	20	#84bd00	2022-02-17	Viral 50	is
259m7df2nr0yU8n9Xv5Zmg	Seinna meir	Start	21	#bd3200	2022-02-17	Viral 50	is
5M4yti0QxgqJieUYaEXcpw	Eventually	Tame Impala	22	#84bd00	2022-02-17	Viral 50	is
6nQ1B216Liiydhgn2gar0o	Material Girl	Saucy Santana	23	#84bd00	2022-02-17	Viral 50	is
4SkkXTtocKccDPJjq4xutq	Ástarsæla	Júníus Meyvant	24	#84bd00	2022-02-17	Viral 50	is
1ZdhOMWyFR8Iv9eylMGYg2	Mount Everest	Labrinth	25	#84bd00	2022-02-17	Viral 50	is
7BbaIYAdi3pg4MGl6PHwPv	Monëy so big	Yeat	26	#bd3200	2022-02-17	Viral 50	is
37xrhWcR2phF4KatFB2edo	Rauður bíll	Geiri Sæm	27	#84bd00	2022-02-17	Viral 50	is
0rNIEBlBuo5108lnHyGbqJ	Eat Your Salad	Citi Zēni	28	#84bd00	2022-02-17	Viral 50	is
2Q5q1q01KOdHt5fM00WUJ8	Colombia, Mi Encanto	Carlos Vives	29	#84bd00	2022-02-17	Viral 50	is
6FiySur7YZL0Kff2YVGsEB	Right Foot Creep	YoungBoy Never Broke Again	30	#bd3200	2022-02-17	Viral 50	is
4MKOj49FQ3dlI9gqCOIjIn	Pump 101	Digga D, Still Brickin'	31	#bd3200	2022-02-17	Viral 50	is
10hMM5nsZQf66ldBlgWBfG	All For Us - from the HBO Original Series Euphoria	Labrinth, Zendaya	32	#84bd00	2022-02-17	Viral 50	is
6lknMmJZALXxx7emwwZWLX	Frozen	Madonna, Sickick	33	#84bd00	2022-02-17	Viral 50	is
0lEjxUUlKqjqXrVlIHFduD	P power (feat. Drake)	Gunna	34	#bd3200	2022-02-17	Viral 50	is
2GkIiFzUqrWMsUOW0ZfI9t	Cold Feet	BRÍET	35	#bd3200	2022-02-17	Viral 50	is
4B6XjmOWI55np7y4MUTXDu	La Seine - Extrait de la bande originale un monstre à Paris	Vanessa Paradis, -M-	36	#84bd00	2022-02-17	Viral 50	is
38nkd5HL1PMbaoU7HNqxu9	intertwined	Arny Margret	37	#84bd00	2022-02-17	Viral 50	is
6jPVyjPqp2BNUJnDSwm8tK	Two Oruguitas	Sebastian Yatra	38	#84bd00	2022-02-17	Viral 50	is
3xRH6FPVtheDyNla3T1FE7	Hrs and Hrs	Muni Long	39	#bd3200	2022-02-17	Viral 50	is
05EG9LwFCVjkoYEWzsrHHO	Legend	Tevvez	40	#bd3200	2022-02-17	Viral 50	is
4iwiYqzoLImJraKQ9Pf2I2	Ameno Amapiano Remix (You Wanna Bamba)	Goya Menor, Nektunez	41	#4687d7	2022-02-17	Viral 50	is
0uI7yAKUf52Cn7y3sYyjiX	3 Nights	Dominic Fike	42	#bd3200	2022-02-17	Viral 50	is
5Ts1DYOuouQLgzTaisxWYh	Love Grows (Where My Rosemary Goes)	Edison Lighthouse	43	#bd3200	2022-02-17	Viral 50	is
11iIikXxC6NP0Ma8vMD27x	Alien Blues	Vundabar	44	#bd3200	2022-02-17	Viral 50	is
1DxRMgLoWXgmIFF2Unp5pD	Packs and Potions	HAZEY	45	#bd3200	2022-02-17	Viral 50	is
503OTo2dSqe7qk76rgsbep	Still D.R.E.	Dr. Dre, Snoop Dogg	46	#84bd00	2022-02-17	Viral 50	is
3AVXwaOGCEL8cmBecfcsFJ	Light Switch	Charlie Puth	47	#bd3200	2022-02-17	Viral 50	is
2B4GHvToeLTOBB4QLzW3Ni	Pepas	Farruko	48	#4687d7	2022-02-17	Viral 50	is
6zQPRiKYLdpAIn5HDtzDYc	Meant to be Yours	Jamie Muscato, Original West End Cast of Heathers	49	#bd3200	2022-02-17	Viral 50	is
3oRW9ZGPRbLRMneQ5lwflt	Waiting On A Miracle	Stephanie Beatriz	50	#4687d7	2022-02-17	Viral 50	is
6NI1jGEu4dRI1g9f6u7hB0	LaLíf	Kjartan Ólafsson	1	#3e3e40	2022-02-18	Viral 50	is
2n6GNBBTehOPfiQtPGlsCg	Töfrar	Silfurtónar	2	#3e3e40	2022-02-18	Viral 50	is
3Oww84xrmgjyr5J1ilOmAf	Down Under (feat. Colin Hay)	Luude	3	#3e3e40	2022-02-18	Viral 50	is
52xJxFP6TqMuO4Yt0eOkMz	We Don't Talk About Bruno	Carolina Gaitán - La Gaita, Mauro Castillo, Adassa, Rhenzy Feliz, Diane Guerrero, Stephanie Beatriz, Encanto - Cast	4	#3e3e40	2022-02-18	Viral 50	is
6WCrwk8hAiwqatYcTG2V2M	Bensínlaus	Atlantsolía	5	#84bd00	2022-02-18	Viral 50	is
45GDh5cZcRVOAyQqZWxiUt	Playboy	Jx.Zero	6	#bd3200	2022-02-18	Viral 50	is
79nEEoEPY2w8EXj9hjn5oc	Ginseng Strip 2002	Yung Lean	7	#bd3200	2022-02-18	Viral 50	is
7Fege3yv4dvehB3NdRBGwI	Banking On Me	Gunna	8	#84bd00	2022-02-18	Viral 50	is
4bLL8O04PMkzYpT4sC47kd	Ástin heldur vöku	Júlí Heiðar	9	#bd3200	2022-02-18	Viral 50	is
4b1yxSdlumA8N4fEk4UOZp	The Family Madrigal	Stephanie Beatriz, Olga Merediz, Encanto - Cast	10	#84bd00	2022-02-18	Viral 50	is
6K5ph5mq1qprHae3TrgTj5	"Surface Pressure - From ""Encanto""/Soundtrack Version"	Jessica Darrow	11	#84bd00	2022-02-18	Viral 50	is
6QHXcb0eFwOKZOZ9bOFmxm	Toxic Pony	ALTÉGO, Britney Spears, Ginuwine	12	#84bd00	2022-02-18	Viral 50	is
27V23PaP4xV3O6c1yuAAYi	Vals númer 1	Magnús Eiríksson	13	#84bd00	2022-02-18	Viral 50	is
3XOalgusokruzA5ZBA2Qcb	pushin P (feat. Young Thug)	Gunna, Future	14	#84bd00	2022-02-18	Viral 50	is
5rohUzwEoRsUvAA1Bf3DLo	Dos Oruguitas	Sebastian Yatra	15	#84bd00	2022-02-18	Viral 50	is
250HCdqW1C97j3MjvWlysp	Bjór	Fræbblarnir	16	#84bd00	2022-02-18	Viral 50	is
5vUnjhBzRJJIAOJPde6zDx	TO THE MOON	Jnr Choi, Sam Tompkins	17	#bd3200	2022-02-18	Viral 50	is
2Xb6wJYGi0QXwURw5WWvI5	Right Down the Line	Gerry Rafferty	18	#3e3e40	2022-02-18	Viral 50	is
3DRG3HjNz4ZzjDapuZZVOt	Svart-hvíta hetjan mín	Dúkkulísurnar	19	#bd3200	2022-02-18	Viral 50	is
259m7df2nr0yU8n9Xv5Zmg	Seinna meir	Start	20	#84bd00	2022-02-18	Viral 50	is
1dxcQA922vdRVtSlGunpGX	Fjólublátt ljós við barinn	Klíkan	21	#bd3200	2022-02-18	Viral 50	is
0rNIEBlBuo5108lnHyGbqJ	Eat Your Salad	Citi Zēni	22	#84bd00	2022-02-18	Viral 50	is
7BbaIYAdi3pg4MGl6PHwPv	Monëy so big	Yeat	23	#84bd00	2022-02-18	Viral 50	is
0lEjxUUlKqjqXrVlIHFduD	P power (feat. Drake)	Gunna	24	#84bd00	2022-02-18	Viral 50	is
503OTo2dSqe7qk76rgsbep	Still D.R.E.	Dr. Dre, Snoop Dogg	25	#84bd00	2022-02-18	Viral 50	is
4SkkXTtocKccDPJjq4xutq	Ástarsæla	Júníus Meyvant	26	#bd3200	2022-02-18	Viral 50	is
37xrhWcR2phF4KatFB2edo	Rauður bíll	Geiri Sæm	27	#3e3e40	2022-02-18	Viral 50	is
3yMC1KsTwh0ceXdIe4QQAQ	Fingers Crossed	Lauren Spencer-Smith	28	#4687d7	2022-02-18	Viral 50	is
1ZdhOMWyFR8Iv9eylMGYg2	Mount Everest	Labrinth	29	#bd3200	2022-02-18	Viral 50	is
3AVXwaOGCEL8cmBecfcsFJ	Light Switch	Charlie Puth	30	#84bd00	2022-02-18	Viral 50	is
58HvfVOeJY7lUuCqF0m3ly	MIDDLE OF THE NIGHT	Elley Duhé	31	#4687d7	2022-02-18	Viral 50	is
4MKOj49FQ3dlI9gqCOIjIn	Pump 101	Digga D, Still Brickin'	32	#bd3200	2022-02-18	Viral 50	is
6nQ1B216Liiydhgn2gar0o	Material Girl	Saucy Santana	33	#bd3200	2022-02-18	Viral 50	is
10hMM5nsZQf66ldBlgWBfG	All For Us - from the HBO Original Series Euphoria	Labrinth, Zendaya	34	#bd3200	2022-02-18	Viral 50	is
5M4yti0QxgqJieUYaEXcpw	Eventually	Tame Impala	35	#bd3200	2022-02-18	Viral 50	is
6lknMmJZALXxx7emwwZWLX	Frozen	Madonna, Sickick	36	#bd3200	2022-02-18	Viral 50	is
38nkd5HL1PMbaoU7HNqxu9	intertwined	Arny Margret	37	#3e3e40	2022-02-18	Viral 50	is
6jPVyjPqp2BNUJnDSwm8tK	Two Oruguitas	Sebastian Yatra	38	#3e3e40	2022-02-18	Viral 50	is
2Q5q1q01KOdHt5fM00WUJ8	Colombia, Mi Encanto	Carlos Vives	39	#bd3200	2022-02-18	Viral 50	is
5Ts1DYOuouQLgzTaisxWYh	Love Grows (Where My Rosemary Goes)	Edison Lighthouse	40	#84bd00	2022-02-18	Viral 50	is
3xRH6FPVtheDyNla3T1FE7	Hrs and Hrs	Muni Long	41	#bd3200	2022-02-18	Viral 50	is
05EG9LwFCVjkoYEWzsrHHO	Legend	Tevvez	42	#bd3200	2022-02-18	Viral 50	is
4B6XjmOWI55np7y4MUTXDu	La Seine - Extrait de la bande originale un monstre à Paris	Vanessa Paradis, -M-	43	#bd3200	2022-02-18	Viral 50	is
1DxRMgLoWXgmIFF2Unp5pD	Packs and Potions	HAZEY	44	#84bd00	2022-02-18	Viral 50	is
2GkIiFzUqrWMsUOW0ZfI9t	Cold Feet	BRÍET	45	#bd3200	2022-02-18	Viral 50	is
6FiySur7YZL0Kff2YVGsEB	Right Foot Creep	YoungBoy Never Broke Again	46	#bd3200	2022-02-18	Viral 50	is
11iIikXxC6NP0Ma8vMD27x	Alien Blues	Vundabar	47	#bd3200	2022-02-18	Viral 50	is
4iwiYqzoLImJraKQ9Pf2I2	Ameno Amapiano Remix (You Wanna Bamba)	Goya Menor, Nektunez	48	#bd3200	2022-02-18	Viral 50	is
4LwU4Vp6od3Sb08CsP99GC	The Next Episode	Dr. Dre, Snoop Dogg	49	#4687d7	2022-02-18	Viral 50	is
0uI7yAKUf52Cn7y3sYyjiX	3 Nights	Dominic Fike	50	#bd3200	2022-02-18	Viral 50	is
6NI1jGEu4dRI1g9f6u7hB0	LaLíf	Kjartan Ólafsson	1	#3e3e40	2022-02-19	Viral 50	is
2n6GNBBTehOPfiQtPGlsCg	Töfrar	Silfurtónar	2	#3e3e40	2022-02-19	Viral 50	is
6WCrwk8hAiwqatYcTG2V2M	Bensínlaus	Atlantsolía	3	#84bd00	2022-02-19	Viral 50	is
3Oww84xrmgjyr5J1ilOmAf	Down Under (feat. Colin Hay)	Luude	4	#bd3200	2022-02-19	Viral 50	is
52xJxFP6TqMuO4Yt0eOkMz	We Don't Talk About Bruno	Carolina Gaitán - La Gaita, Mauro Castillo, Adassa, Rhenzy Feliz, Diane Guerrero, Stephanie Beatriz, Encanto - Cast	5	#bd3200	2022-02-19	Viral 50	is
7Fege3yv4dvehB3NdRBGwI	Banking On Me	Gunna	6	#84bd00	2022-02-19	Viral 50	is
45GDh5cZcRVOAyQqZWxiUt	Playboy	Jx.Zero	7	#bd3200	2022-02-19	Viral 50	is
79nEEoEPY2w8EXj9hjn5oc	Ginseng Strip 2002	Yung Lean	8	#bd3200	2022-02-19	Viral 50	is
4bLL8O04PMkzYpT4sC47kd	Ástin heldur vöku	Júlí Heiðar	9	#3e3e40	2022-02-19	Viral 50	is
4b1yxSdlumA8N4fEk4UOZp	The Family Madrigal	Stephanie Beatriz, Olga Merediz, Encanto - Cast	10	#3e3e40	2022-02-19	Viral 50	is
6K5ph5mq1qprHae3TrgTj5	"Surface Pressure - From ""Encanto""/Soundtrack Version"	Jessica Darrow	11	#3e3e40	2022-02-19	Viral 50	is
250HCdqW1C97j3MjvWlysp	Bjór	Fræbblarnir	12	#84bd00	2022-02-19	Viral 50	is
3XOalgusokruzA5ZBA2Qcb	pushin P (feat. Young Thug)	Gunna, Future	13	#84bd00	2022-02-19	Viral 50	is
6QHXcb0eFwOKZOZ9bOFmxm	Toxic Pony	ALTÉGO, Britney Spears, Ginuwine	14	#bd3200	2022-02-19	Viral 50	is
2Xb6wJYGi0QXwURw5WWvI5	Right Down the Line	Gerry Rafferty	15	#84bd00	2022-02-19	Viral 50	is
3AVXwaOGCEL8cmBecfcsFJ	Light Switch	Charlie Puth	16	#84bd00	2022-02-19	Viral 50	is
3DRG3HjNz4ZzjDapuZZVOt	Svart-hvíta hetjan mín	Dúkkulísurnar	17	#84bd00	2022-02-19	Viral 50	is
1dxcQA922vdRVtSlGunpGX	Fjólublátt ljós við barinn	Klíkan	18	#84bd00	2022-02-19	Viral 50	is
27V23PaP4xV3O6c1yuAAYi	Vals númer 1	Magnús Eiríksson	19	#bd3200	2022-02-19	Viral 50	is
0rNIEBlBuo5108lnHyGbqJ	Eat Your Salad	Citi Zēni	20	#84bd00	2022-02-19	Viral 50	is
58HvfVOeJY7lUuCqF0m3ly	MIDDLE OF THE NIGHT	Elley Duhé	21	#84bd00	2022-02-19	Viral 50	is
1ZdhOMWyFR8Iv9eylMGYg2	Mount Everest	Labrinth	22	#84bd00	2022-02-19	Viral 50	is
5rohUzwEoRsUvAA1Bf3DLo	Dos Oruguitas	Sebastian Yatra	23	#bd3200	2022-02-19	Viral 50	is
503OTo2dSqe7qk76rgsbep	Still D.R.E.	Dr. Dre, Snoop Dogg	24	#84bd00	2022-02-19	Viral 50	is
3yMC1KsTwh0ceXdIe4QQAQ	Fingers Crossed	Lauren Spencer-Smith	25	#84bd00	2022-02-19	Viral 50	is
5vUnjhBzRJJIAOJPde6zDx	TO THE MOON	Jnr Choi, Sam Tompkins	26	#bd3200	2022-02-19	Viral 50	is
6lknMmJZALXxx7emwwZWLX	Frozen	Madonna, Sickick	27	#84bd00	2022-02-19	Viral 50	is
4SkkXTtocKccDPJjq4xutq	Ástarsæla	Júníus Meyvant	28	#bd3200	2022-02-19	Viral 50	is
259m7df2nr0yU8n9Xv5Zmg	Seinna meir	Start	29	#bd3200	2022-02-19	Viral 50	is
1DxRMgLoWXgmIFF2Unp5pD	Packs and Potions	HAZEY	30	#84bd00	2022-02-19	Viral 50	is
11iIikXxC6NP0Ma8vMD27x	Alien Blues	Vundabar	31	#84bd00	2022-02-19	Viral 50	is
4iwiYqzoLImJraKQ9Pf2I2	Ameno Amapiano Remix (You Wanna Bamba)	Goya Menor, Nektunez	32	#84bd00	2022-02-19	Viral 50	is
0lEjxUUlKqjqXrVlIHFduD	P power (feat. Drake)	Gunna	33	#bd3200	2022-02-19	Viral 50	is
38nkd5HL1PMbaoU7HNqxu9	intertwined	Arny Margret	34	#84bd00	2022-02-19	Viral 50	is
6jPVyjPqp2BNUJnDSwm8tK	Two Oruguitas	Sebastian Yatra	35	#84bd00	2022-02-19	Viral 50	is
2Q5q1q01KOdHt5fM00WUJ8	Colombia, Mi Encanto	Carlos Vives	36	#84bd00	2022-02-19	Viral 50	is
4LwU4Vp6od3Sb08CsP99GC	The Next Episode	Dr. Dre, Snoop Dogg	37	#84bd00	2022-02-19	Viral 50	is
5M4yti0QxgqJieUYaEXcpw	Eventually	Tame Impala	38	#bd3200	2022-02-19	Viral 50	is
5Ts1DYOuouQLgzTaisxWYh	Love Grows (Where My Rosemary Goes)	Edison Lighthouse	39	#84bd00	2022-02-19	Viral 50	is
3xRH6FPVtheDyNla3T1FE7	Hrs and Hrs	Muni Long	40	#84bd00	2022-02-19	Viral 50	is
6nQ1B216Liiydhgn2gar0o	Material Girl	Saucy Santana	41	#bd3200	2022-02-19	Viral 50	is
10hMM5nsZQf66ldBlgWBfG	All For Us - from the HBO Original Series Euphoria	Labrinth, Zendaya	42	#bd3200	2022-02-19	Viral 50	is
6FiySur7YZL0Kff2YVGsEB	Right Foot Creep	YoungBoy Never Broke Again	43	#84bd00	2022-02-19	Viral 50	is
7BbaIYAdi3pg4MGl6PHwPv	Monëy so big	Yeat	44	#bd3200	2022-02-19	Viral 50	is
4MKOj49FQ3dlI9gqCOIjIn	Pump 101	Digga D, Still Brickin'	45	#bd3200	2022-02-19	Viral 50	is
2GkIiFzUqrWMsUOW0ZfI9t	Cold Feet	BRÍET	46	#bd3200	2022-02-19	Viral 50	is
0MoQI1EZGSHLhd5UBdxPol	Substance	03 Greedo	47	#4687d7	2022-02-19	Viral 50	is
6Kz3o55LxMA11GbvFXHFtX	Human Behaviour	Björk	48	#4687d7	2022-02-19	Viral 50	is
6jHBzdq0by8m9DcQ6lL8VG	Með stjörnunum	Herbert Guðmundsson	49	#4687d7	2022-02-19	Viral 50	is
4fouWK6XVHhzl78KzQ1UjL	abcdefu	GAYLE	50	#4687d7	2022-02-19	Viral 50	is
6NI1jGEu4dRI1g9f6u7hB0	LaLíf	Kjartan Ólafsson	1	#3e3e40	2022-02-20	Viral 50	is
2n6GNBBTehOPfiQtPGlsCg	Töfrar	Silfurtónar	2	#3e3e40	2022-02-20	Viral 50	is
6WCrwk8hAiwqatYcTG2V2M	Bensínlaus	Atlantsolía	3	#3e3e40	2022-02-20	Viral 50	is
7Fege3yv4dvehB3NdRBGwI	Banking On Me	Gunna	4	#84bd00	2022-02-20	Viral 50	is
3Oww84xrmgjyr5J1ilOmAf	Down Under (feat. Colin Hay)	Luude	5	#bd3200	2022-02-20	Viral 50	is
52xJxFP6TqMuO4Yt0eOkMz	We Don't Talk About Bruno	Carolina Gaitán - La Gaita, Mauro Castillo, Adassa, Rhenzy Feliz, Diane Guerrero, Stephanie Beatriz, Encanto - Cast	6	#bd3200	2022-02-20	Viral 50	is
45GDh5cZcRVOAyQqZWxiUt	Playboy	Jx.Zero	7	#3e3e40	2022-02-20	Viral 50	is
79nEEoEPY2w8EXj9hjn5oc	Ginseng Strip 2002	Yung Lean	8	#3e3e40	2022-02-20	Viral 50	is
4bLL8O04PMkzYpT4sC47kd	Ástin heldur vöku	Júlí Heiðar	9	#3e3e40	2022-02-20	Viral 50	is
250HCdqW1C97j3MjvWlysp	Bjór	Fræbblarnir	10	#84bd00	2022-02-20	Viral 50	is
4b1yxSdlumA8N4fEk4UOZp	The Family Madrigal	Stephanie Beatriz, Olga Merediz, Encanto - Cast	11	#bd3200	2022-02-20	Viral 50	is
6K5ph5mq1qprHae3TrgTj5	"Surface Pressure - From ""Encanto""/Soundtrack Version"	Jessica Darrow	12	#bd3200	2022-02-20	Viral 50	is
3AVXwaOGCEL8cmBecfcsFJ	Light Switch	Charlie Puth	13	#84bd00	2022-02-20	Viral 50	is
58HvfVOeJY7lUuCqF0m3ly	MIDDLE OF THE NIGHT	Elley Duhé	14	#84bd00	2022-02-20	Viral 50	is
6QHXcb0eFwOKZOZ9bOFmxm	Toxic Pony	ALTÉGO, Britney Spears, Ginuwine	15	#bd3200	2022-02-20	Viral 50	is
3XOalgusokruzA5ZBA2Qcb	pushin P (feat. Young Thug)	Gunna, Future	16	#bd3200	2022-02-20	Viral 50	is
2Xb6wJYGi0QXwURw5WWvI5	Right Down the Line	Gerry Rafferty	17	#bd3200	2022-02-20	Viral 50	is
503OTo2dSqe7qk76rgsbep	Still D.R.E.	Dr. Dre, Snoop Dogg	18	#84bd00	2022-02-20	Viral 50	is
1dxcQA922vdRVtSlGunpGX	Fjólublátt ljós við barinn	Klíkan	19	#bd3200	2022-02-20	Viral 50	is
27V23PaP4xV3O6c1yuAAYi	Vals númer 1	Magnús Eiríksson	20	#bd3200	2022-02-20	Viral 50	is
0rNIEBlBuo5108lnHyGbqJ	Eat Your Salad	Citi Zēni	21	#bd3200	2022-02-20	Viral 50	is
3yMC1KsTwh0ceXdIe4QQAQ	Fingers Crossed	Lauren Spencer-Smith	22	#84bd00	2022-02-20	Viral 50	is
7BbaIYAdi3pg4MGl6PHwPv	Monëy so big	Yeat	23	#84bd00	2022-02-20	Viral 50	is
5vUnjhBzRJJIAOJPde6zDx	TO THE MOON	Jnr Choi, Sam Tompkins	24	#84bd00	2022-02-20	Viral 50	is
4SkkXTtocKccDPJjq4xutq	Ástarsæla	Júníus Meyvant	25	#84bd00	2022-02-20	Viral 50	is
1ZdhOMWyFR8Iv9eylMGYg2	Mount Everest	Labrinth	26	#bd3200	2022-02-20	Viral 50	is
0lEjxUUlKqjqXrVlIHFduD	P power (feat. Drake)	Gunna	27	#84bd00	2022-02-20	Viral 50	is
6lknMmJZALXxx7emwwZWLX	Frozen	Madonna, Sickick	28	#bd3200	2022-02-20	Viral 50	is
5rohUzwEoRsUvAA1Bf3DLo	Dos Oruguitas	Sebastian Yatra	29	#bd3200	2022-02-20	Viral 50	is
0sTlGEld0h8kIPZaKDYUf4	Notion	The Rare Occasions	30	#4687d7	2022-02-20	Viral 50	is
259m7df2nr0yU8n9Xv5Zmg	Seinna meir	Start	31	#bd3200	2022-02-20	Viral 50	is
1DxRMgLoWXgmIFF2Unp5pD	Packs and Potions	HAZEY	32	#bd3200	2022-02-20	Viral 50	is
4LwU4Vp6od3Sb08CsP99GC	The Next Episode	Dr. Dre, Snoop Dogg	33	#84bd00	2022-02-20	Viral 50	is
11iIikXxC6NP0Ma8vMD27x	Alien Blues	Vundabar	34	#bd3200	2022-02-20	Viral 50	is
37ROoLBH0Z5rQiDeHzHn2l	Svart-hvíta hetjan mín	Dúkkulísurnar	35	#4687d7	2022-02-20	Viral 50	is
3xRH6FPVtheDyNla3T1FE7	Hrs and Hrs	Muni Long	36	#84bd00	2022-02-20	Viral 50	is
6jHBzdq0by8m9DcQ6lL8VG	Með stjörnunum	Herbert Guðmundsson	37	#84bd00	2022-02-20	Viral 50	is
6FiySur7YZL0Kff2YVGsEB	Right Foot Creep	YoungBoy Never Broke Again	38	#84bd00	2022-02-20	Viral 50	is
5Ts1DYOuouQLgzTaisxWYh	Love Grows (Where My Rosemary Goes)	Edison Lighthouse	39	#3e3e40	2022-02-20	Viral 50	is
3cqWSJzuxZCsglpaxWtosT	Before I Knew It	Mason Ramsey	40	#4687d7	2022-02-20	Viral 50	is
4iwiYqzoLImJraKQ9Pf2I2	Ameno Amapiano Remix (You Wanna Bamba)	Goya Menor, Nektunez	41	#bd3200	2022-02-20	Viral 50	is
4MKOj49FQ3dlI9gqCOIjIn	Pump 101	Digga D, Still Brickin'	42	#84bd00	2022-02-20	Viral 50	is
6Kz3o55LxMA11GbvFXHFtX	Human Behaviour	Björk	43	#84bd00	2022-02-20	Viral 50	is
50Cf2eYv8zT3v2HAkwhIiL	Give That Wolf A Banana	Subwoolfer	44	#4687d7	2022-02-20	Viral 50	is
5TMLavqGRKNxgzMBrVpC9R	Mon Amour - Remix	zzoilo, Aitana	45	#4687d7	2022-02-20	Viral 50	is
0MoQI1EZGSHLhd5UBdxPol	Substance	03 Greedo	46	#84bd00	2022-02-20	Viral 50	is
38nkd5HL1PMbaoU7HNqxu9	intertwined	Arny Margret	47	#bd3200	2022-02-20	Viral 50	is
5M4yti0QxgqJieUYaEXcpw	Eventually	Tame Impala	48	#bd3200	2022-02-20	Viral 50	is
4fouWK6XVHhzl78KzQ1UjL	abcdefu	GAYLE	49	#84bd00	2022-02-20	Viral 50	is
10hMM5nsZQf66ldBlgWBfG	All For Us - from the HBO Original Series Euphoria	Labrinth, Zendaya	50	#bd3200	2022-02-20	Viral 50	is
2n6GNBBTehOPfiQtPGlsCg	Töfrar	Silfurtónar	1	#84bd00	2022-02-21	Viral 50	is
6NI1jGEu4dRI1g9f6u7hB0	LaLíf	Kjartan Ólafsson	2	#bd3200	2022-02-21	Viral 50	is
6WCrwk8hAiwqatYcTG2V2M	Bensínlaus	Atlantsolía	3	#3e3e40	2022-02-21	Viral 50	is
45GDh5cZcRVOAyQqZWxiUt	Playboy	Jx.Zero	4	#84bd00	2022-02-21	Viral 50	is
3Oww84xrmgjyr5J1ilOmAf	Down Under (feat. Colin Hay)	Luude	5	#3e3e40	2022-02-21	Viral 50	is
7Fege3yv4dvehB3NdRBGwI	Banking On Me	Gunna	6	#bd3200	2022-02-21	Viral 50	is
52xJxFP6TqMuO4Yt0eOkMz	We Don't Talk About Bruno	Carolina Gaitán - La Gaita, Mauro Castillo, Adassa, Rhenzy Feliz, Diane Guerrero, Stephanie Beatriz, Encanto - Cast	7	#bd3200	2022-02-21	Viral 50	is
79nEEoEPY2w8EXj9hjn5oc	Ginseng Strip 2002	Yung Lean	8	#3e3e40	2022-02-21	Viral 50	is
6QHXcb0eFwOKZOZ9bOFmxm	Toxic Pony	ALTÉGO, Britney Spears, Ginuwine	9	#84bd00	2022-02-21	Viral 50	is
4bLL8O04PMkzYpT4sC47kd	Ástin heldur vöku	Júlí Heiðar	10	#bd3200	2022-02-21	Viral 50	is
250HCdqW1C97j3MjvWlysp	Bjór	Fræbblarnir	11	#bd3200	2022-02-21	Viral 50	is
3o9kpgkIcffx0iSwxhuNI2	Numb Little Bug	Em Beihold	12	#4687d7	2022-02-21	Viral 50	is
7BbaIYAdi3pg4MGl6PHwPv	Monëy so big	Yeat	13	#84bd00	2022-02-21	Viral 50	is
58HvfVOeJY7lUuCqF0m3ly	MIDDLE OF THE NIGHT	Elley Duhé	14	#3e3e40	2022-02-21	Viral 50	is
6K5ph5mq1qprHae3TrgTj5	"Surface Pressure - From ""Encanto""/Soundtrack Version"	Jessica Darrow	15	#bd3200	2022-02-21	Viral 50	is
4b1yxSdlumA8N4fEk4UOZp	The Family Madrigal	Stephanie Beatriz, Olga Merediz, Encanto - Cast	16	#bd3200	2022-02-21	Viral 50	is
27V23PaP4xV3O6c1yuAAYi	Vals númer 1	Magnús Eiríksson	17	#84bd00	2022-02-21	Viral 50	is
6brzImyRC7tYwWKIvumozI	Stan Smith	Alcemist, Coco	18	#4687d7	2022-02-21	Viral 50	is
50Cf2eYv8zT3v2HAkwhIiL	Give That Wolf A Banana	Subwoolfer	19	#84bd00	2022-02-21	Viral 50	is
2Xb6wJYGi0QXwURw5WWvI5	Right Down the Line	Gerry Rafferty	20	#bd3200	2022-02-21	Viral 50	is
3cqWSJzuxZCsglpaxWtosT	Before I Knew It	Mason Ramsey	21	#84bd00	2022-02-21	Viral 50	is
1dxcQA922vdRVtSlGunpGX	Fjólublátt ljós við barinn	Klíkan	22	#bd3200	2022-02-21	Viral 50	is
0rNIEBlBuo5108lnHyGbqJ	Eat Your Salad	Citi Zēni	23	#bd3200	2022-02-21	Viral 50	is
3AVXwaOGCEL8cmBecfcsFJ	Light Switch	Charlie Puth	24	#bd3200	2022-02-21	Viral 50	is
3XOalgusokruzA5ZBA2Qcb	pushin P (feat. Young Thug)	Gunna, Future	25	#bd3200	2022-02-21	Viral 50	is
0sTlGEld0h8kIPZaKDYUf4	Notion	The Rare Occasions	26	#84bd00	2022-02-21	Viral 50	is
5vUnjhBzRJJIAOJPde6zDx	TO THE MOON	Jnr Choi, Sam Tompkins	27	#bd3200	2022-02-21	Viral 50	is
4SkkXTtocKccDPJjq4xutq	Ástarsæla	Júníus Meyvant	28	#bd3200	2022-02-21	Viral 50	is
1ZdhOMWyFR8Iv9eylMGYg2	Mount Everest	Labrinth	29	#bd3200	2022-02-21	Viral 50	is
6lknMmJZALXxx7emwwZWLX	Frozen	Madonna, Sickick	30	#bd3200	2022-02-21	Viral 50	is
7rdIKBTAQm4nLlpA5E8DBI	Shake	Ishowsped	31	#4687d7	2022-02-21	Viral 50	is
0P2P1AxcRYhiZvoF5MyRmM	Rumors (feat. Lil Durk)	Gucci Mane	32	#4687d7	2022-02-21	Viral 50	is
259m7df2nr0yU8n9Xv5Zmg	Seinna meir	Start	33	#bd3200	2022-02-21	Viral 50	is
0lEjxUUlKqjqXrVlIHFduD	P power (feat. Drake)	Gunna	34	#bd3200	2022-02-21	Viral 50	is
1DxRMgLoWXgmIFF2Unp5pD	Packs and Potions	HAZEY	35	#bd3200	2022-02-21	Viral 50	is
3oqh1aMQniNyTPWZl6TC1a	Bleikur og blár	Friðrik Dór	36	#4687d7	2022-02-21	Viral 50	is
4LwU4Vp6od3Sb08CsP99GC	The Next Episode	Dr. Dre, Snoop Dogg	37	#bd3200	2022-02-21	Viral 50	is
503OTo2dSqe7qk76rgsbep	Still D.R.E.	Dr. Dre, Snoop Dogg	38	#bd3200	2022-02-21	Viral 50	is
6jHBzdq0by8m9DcQ6lL8VG	Með stjörnunum	Herbert Guðmundsson	39	#bd3200	2022-02-21	Viral 50	is
3yMC1KsTwh0ceXdIe4QQAQ	Fingers Crossed	Lauren Spencer-Smith	40	#bd3200	2022-02-21	Viral 50	is
3DRG3HjNz4ZzjDapuZZVOt	Svart-hvíta hetjan mín	Dúkkulísurnar	41	#bd3200	2022-02-21	Viral 50	is
0GDx2mPnwXcluMEAgaWdj4	Einn dans við mig	Friðrik Dór, Hemmi Gunn	42	#4687d7	2022-02-21	Viral 50	is
4iwiYqzoLImJraKQ9Pf2I2	Ameno Amapiano Remix (You Wanna Bamba)	Goya Menor, Nektunez	43	#bd3200	2022-02-21	Viral 50	is
0hPHAF0F67IQZZZ6Giis99	Örmagna	Friðrik Dór	44	#4687d7	2022-02-21	Viral 50	is
6FiySur7YZL0Kff2YVGsEB	Right Foot Creep	YoungBoy Never Broke Again	45	#bd3200	2022-02-21	Viral 50	is
05EG9LwFCVjkoYEWzsrHHO	Legend	Tevvez	46	#4687d7	2022-02-21	Viral 50	is
5rohUzwEoRsUvAA1Bf3DLo	Dos Oruguitas	Sebastian Yatra	47	#bd3200	2022-02-21	Viral 50	is
4B6XjmOWI55np7y4MUTXDu	La Seine - Extrait de la bande originale un monstre à Paris	Vanessa Paradis, -M-	48	#4687d7	2022-02-21	Viral 50	is
10hMM5nsZQf66ldBlgWBfG	All For Us - from the HBO Original Series Euphoria	Labrinth, Zendaya	49	#84bd00	2022-02-21	Viral 50	is
0MoQI1EZGSHLhd5UBdxPol	Substance	03 Greedo	50	#bd3200	2022-02-21	Viral 50	is
2n6GNBBTehOPfiQtPGlsCg	Töfrar	Silfurtónar	1	#3e3e40	2022-02-22	Viral 50	is
6NI1jGEu4dRI1g9f6u7hB0	LaLíf	Kjartan Ólafsson	2	#3e3e40	2022-02-22	Viral 50	is
6WCrwk8hAiwqatYcTG2V2M	Bensínlaus	Atlantsolía	3	#3e3e40	2022-02-22	Viral 50	is
3Oww84xrmgjyr5J1ilOmAf	Down Under (feat. Colin Hay)	Luude	4	#84bd00	2022-02-22	Viral 50	is
45GDh5cZcRVOAyQqZWxiUt	Playboy	Jx.Zero	5	#bd3200	2022-02-22	Viral 50	is
7Fege3yv4dvehB3NdRBGwI	Banking On Me	Gunna	6	#3e3e40	2022-02-22	Viral 50	is
3o9kpgkIcffx0iSwxhuNI2	Numb Little Bug	Em Beihold	7	#84bd00	2022-02-22	Viral 50	is
6QHXcb0eFwOKZOZ9bOFmxm	Toxic Pony	ALTÉGO, Britney Spears, Ginuwine	8	#84bd00	2022-02-22	Viral 50	is
1ko2lVN0vKGUl9zrU0qSlT	Just the Two of Us (feat. Bill Withers)	Grover Washington, Jr.	9	#4687d7	2022-02-22	Viral 50	is
52xJxFP6TqMuO4Yt0eOkMz	We Don't Talk About Bruno	Carolina Gaitán - La Gaita, Mauro Castillo, Adassa, Rhenzy Feliz, Diane Guerrero, Stephanie Beatriz, Encanto - Cast	10	#bd3200	2022-02-22	Viral 50	is
79nEEoEPY2w8EXj9hjn5oc	Ginseng Strip 2002	Yung Lean	11	#bd3200	2022-02-22	Viral 50	is
250HCdqW1C97j3MjvWlysp	Bjór	Fræbblarnir	12	#bd3200	2022-02-22	Viral 50	is
4bLL8O04PMkzYpT4sC47kd	Ástin heldur vöku	Júlí Heiðar	13	#bd3200	2022-02-22	Viral 50	is
7BbaIYAdi3pg4MGl6PHwPv	Monëy so big	Yeat	14	#bd3200	2022-02-22	Viral 50	is
50Cf2eYv8zT3v2HAkwhIiL	Give That Wolf A Banana	Subwoolfer	15	#84bd00	2022-02-22	Viral 50	is
6K5ph5mq1qprHae3TrgTj5	"Surface Pressure - From ""Encanto""/Soundtrack Version"	Jessica Darrow	16	#bd3200	2022-02-22	Viral 50	is
58HvfVOeJY7lUuCqF0m3ly	MIDDLE OF THE NIGHT	Elley Duhé	17	#bd3200	2022-02-22	Viral 50	is
27V23PaP4xV3O6c1yuAAYi	Vals númer 1	Magnús Eiríksson	18	#bd3200	2022-02-22	Viral 50	is
6brzImyRC7tYwWKIvumozI	Stan Smith	Alcemist, Coco	19	#bd3200	2022-02-22	Viral 50	is
4b1yxSdlumA8N4fEk4UOZp	The Family Madrigal	Stephanie Beatriz, Olga Merediz, Encanto - Cast	20	#bd3200	2022-02-22	Viral 50	is
1ZdhOMWyFR8Iv9eylMGYg2	Mount Everest	Labrinth	21	#84bd00	2022-02-22	Viral 50	is
4SkkXTtocKccDPJjq4xutq	Ástarsæla	Júníus Meyvant	22	#84bd00	2022-02-22	Viral 50	is
3cqWSJzuxZCsglpaxWtosT	Before I Knew It	Mason Ramsey	23	#bd3200	2022-02-22	Viral 50	is
1dxcQA922vdRVtSlGunpGX	Fjólublátt ljós við barinn	Klíkan	24	#bd3200	2022-02-22	Viral 50	is
3yMC1KsTwh0ceXdIe4QQAQ	Fingers Crossed	Lauren Spencer-Smith	25	#84bd00	2022-02-22	Viral 50	is
2Xb6wJYGi0QXwURw5WWvI5	Right Down the Line	Gerry Rafferty	26	#bd3200	2022-02-22	Viral 50	is
0rNIEBlBuo5108lnHyGbqJ	Eat Your Salad	Citi Zēni	27	#bd3200	2022-02-22	Viral 50	is
0sTlGEld0h8kIPZaKDYUf4	Notion	The Rare Occasions	28	#bd3200	2022-02-22	Viral 50	is
0lEjxUUlKqjqXrVlIHFduD	P power (feat. Drake)	Gunna	29	#84bd00	2022-02-22	Viral 50	is
5vUnjhBzRJJIAOJPde6zDx	TO THE MOON	Jnr Choi, Sam Tompkins	30	#bd3200	2022-02-22	Viral 50	is
6jHBzdq0by8m9DcQ6lL8VG	Með stjörnunum	Herbert Guðmundsson	31	#84bd00	2022-02-22	Viral 50	is
3oqh1aMQniNyTPWZl6TC1a	Bleikur og blár	Friðrik Dór	32	#84bd00	2022-02-22	Viral 50	is
5rohUzwEoRsUvAA1Bf3DLo	Dos Oruguitas	Sebastian Yatra	33	#84bd00	2022-02-22	Viral 50	is
3AVXwaOGCEL8cmBecfcsFJ	Light Switch	Charlie Puth	34	#bd3200	2022-02-22	Viral 50	is
3XOalgusokruzA5ZBA2Qcb	pushin P (feat. Young Thug)	Gunna, Future	35	#bd3200	2022-02-22	Viral 50	is
0P2P1AxcRYhiZvoF5MyRmM	Rumors (feat. Lil Durk)	Gucci Mane	36	#bd3200	2022-02-22	Viral 50	is
5M4yti0QxgqJieUYaEXcpw	Eventually	Tame Impala	37	#4687d7	2022-02-22	Viral 50	is
4B6XjmOWI55np7y4MUTXDu	La Seine - Extrait de la bande originale un monstre à Paris	Vanessa Paradis, -M-	38	#84bd00	2022-02-22	Viral 50	is
3lQaTms3Is0GeZRWY8LhSn	Elísabet	Pétur Örn Guðmundsson	39	#4687d7	2022-02-22	Viral 50	is
6lknMmJZALXxx7emwwZWLX	Frozen	Madonna, Sickick	40	#bd3200	2022-02-22	Viral 50	is
503OTo2dSqe7qk76rgsbep	Still D.R.E.	Dr. Dre, Snoop Dogg	41	#bd3200	2022-02-22	Viral 50	is
3DRG3HjNz4ZzjDapuZZVOt	Svart-hvíta hetjan mín	Dúkkulísurnar	42	#bd3200	2022-02-22	Viral 50	is
3xRH6FPVtheDyNla3T1FE7	Hrs and Hrs	Muni Long	43	#4687d7	2022-02-22	Viral 50	is
4iwiYqzoLImJraKQ9Pf2I2	Ameno Amapiano Remix (You Wanna Bamba)	Goya Menor, Nektunez	44	#bd3200	2022-02-22	Viral 50	is
6FiySur7YZL0Kff2YVGsEB	Right Foot Creep	YoungBoy Never Broke Again	45	#3e3e40	2022-02-22	Viral 50	is
1DxRMgLoWXgmIFF2Unp5pD	Packs and Potions	HAZEY	46	#bd3200	2022-02-22	Viral 50	is
7rdIKBTAQm4nLlpA5E8DBI	Shake	Ishowsped	47	#bd3200	2022-02-22	Viral 50	is
10hMM5nsZQf66ldBlgWBfG	All For Us - from the HBO Original Series Euphoria	Labrinth, Zendaya	48	#84bd00	2022-02-22	Viral 50	is
4LwU4Vp6od3Sb08CsP99GC	The Next Episode	Dr. Dre, Snoop Dogg	49	#bd3200	2022-02-22	Viral 50	is
0GDx2mPnwXcluMEAgaWdj4	Einn dans við mig	Friðrik Dór, Hemmi Gunn	50	#bd3200	2022-02-22	Viral 50	is
2n6GNBBTehOPfiQtPGlsCg	Töfrar	Silfurtónar	1	#3e3e40	2022-02-23	Viral 50	is
6NI1jGEu4dRI1g9f6u7hB0	LaLíf	Kjartan Ólafsson	2	#3e3e40	2022-02-23	Viral 50	is
6WCrwk8hAiwqatYcTG2V2M	Bensínlaus	Atlantsolía	3	#3e3e40	2022-02-23	Viral 50	is
45GDh5cZcRVOAyQqZWxiUt	Playboy	Jx.Zero	4	#84bd00	2022-02-23	Viral 50	is
3Oww84xrmgjyr5J1ilOmAf	Down Under (feat. Colin Hay)	Luude	5	#bd3200	2022-02-23	Viral 50	is
3o9kpgkIcffx0iSwxhuNI2	Numb Little Bug	Em Beihold	6	#84bd00	2022-02-23	Viral 50	is
6QHXcb0eFwOKZOZ9bOFmxm	Toxic Pony	ALTÉGO, Britney Spears, Ginuwine	7	#84bd00	2022-02-23	Viral 50	is
7Fege3yv4dvehB3NdRBGwI	Banking On Me	Gunna	8	#bd3200	2022-02-23	Viral 50	is
79nEEoEPY2w8EXj9hjn5oc	Ginseng Strip 2002	Yung Lean	9	#84bd00	2022-02-23	Viral 50	is
52xJxFP6TqMuO4Yt0eOkMz	We Don't Talk About Bruno	Carolina Gaitán - La Gaita, Mauro Castillo, Adassa, Rhenzy Feliz, Diane Guerrero, Stephanie Beatriz, Encanto - Cast	10	#3e3e40	2022-02-23	Viral 50	is
1ko2lVN0vKGUl9zrU0qSlT	Just the Two of Us (feat. Bill Withers)	Grover Washington, Jr.	11	#bd3200	2022-02-23	Viral 50	is
7BbaIYAdi3pg4MGl6PHwPv	Monëy so big	Yeat	12	#84bd00	2022-02-23	Viral 50	is
4bLL8O04PMkzYpT4sC47kd	Ástin heldur vöku	Júlí Heiðar	13	#3e3e40	2022-02-23	Viral 50	is
250HCdqW1C97j3MjvWlysp	Bjór	Fræbblarnir	14	#bd3200	2022-02-23	Viral 50	is
50Cf2eYv8zT3v2HAkwhIiL	Give That Wolf A Banana	Subwoolfer	15	#3e3e40	2022-02-23	Viral 50	is
58HvfVOeJY7lUuCqF0m3ly	MIDDLE OF THE NIGHT	Elley Duhé	16	#84bd00	2022-02-23	Viral 50	is
4b1yxSdlumA8N4fEk4UOZp	The Family Madrigal	Stephanie Beatriz, Olga Merediz, Encanto - Cast	17	#84bd00	2022-02-23	Viral 50	is
1dxcQA922vdRVtSlGunpGX	Fjólublátt ljós við barinn	Klíkan	18	#84bd00	2022-02-23	Viral 50	is
27V23PaP4xV3O6c1yuAAYi	Vals númer 1	Magnús Eiríksson	19	#bd3200	2022-02-23	Viral 50	is
4SkkXTtocKccDPJjq4xutq	Ástarsæla	Júníus Meyvant	20	#84bd00	2022-02-23	Viral 50	is
6K5ph5mq1qprHae3TrgTj5	"Surface Pressure - From ""Encanto""/Soundtrack Version"	Jessica Darrow	21	#bd3200	2022-02-23	Viral 50	is
6brzImyRC7tYwWKIvumozI	Stan Smith	Alcemist, Coco	22	#bd3200	2022-02-23	Viral 50	is
7qzFXUvBk7lELXuxVREypV	Nearly Lost You	Screaming Trees	23	#4687d7	2022-02-23	Viral 50	is
3XOalgusokruzA5ZBA2Qcb	pushin P (feat. Young Thug)	Gunna, Future	24	#84bd00	2022-02-23	Viral 50	is
3cqWSJzuxZCsglpaxWtosT	Before I Knew It	Mason Ramsey	25	#bd3200	2022-02-23	Viral 50	is
05EG9LwFCVjkoYEWzsrHHO	Legend	Tevvez	26	#4687d7	2022-02-23	Viral 50	is
1ZdhOMWyFR8Iv9eylMGYg2	Mount Everest	Labrinth	27	#bd3200	2022-02-23	Viral 50	is
3lQaTms3Is0GeZRWY8LhSn	Elísabet	Pétur Örn Guðmundsson	28	#84bd00	2022-02-23	Viral 50	is
3AVXwaOGCEL8cmBecfcsFJ	Light Switch	Charlie Puth	29	#84bd00	2022-02-23	Viral 50	is
3yMC1KsTwh0ceXdIe4QQAQ	Fingers Crossed	Lauren Spencer-Smith	30	#bd3200	2022-02-23	Viral 50	is
6GomT970rCOkKAyyrwJeZi	Move Your Body	Öwnboss, Sevek	31	#4687d7	2022-02-23	Viral 50	is
5rohUzwEoRsUvAA1Bf3DLo	Dos Oruguitas	Sebastian Yatra	32	#84bd00	2022-02-23	Viral 50	is
6jHBzdq0by8m9DcQ6lL8VG	Með stjörnunum	Herbert Guðmundsson	33	#bd3200	2022-02-23	Viral 50	is
6FiySur7YZL0Kff2YVGsEB	Right Foot Creep	YoungBoy Never Broke Again	34	#84bd00	2022-02-23	Viral 50	is
5vUnjhBzRJJIAOJPde6zDx	TO THE MOON	Jnr Choi, Sam Tompkins	35	#bd3200	2022-02-23	Viral 50	is
3oqh1aMQniNyTPWZl6TC1a	Bleikur og blár	Friðrik Dór	36	#bd3200	2022-02-23	Viral 50	is
4iwiYqzoLImJraKQ9Pf2I2	Ameno Amapiano Remix (You Wanna Bamba)	Goya Menor, Nektunez	37	#84bd00	2022-02-23	Viral 50	is
0sTlGEld0h8kIPZaKDYUf4	Notion	The Rare Occasions	38	#bd3200	2022-02-23	Viral 50	is
2Xb6wJYGi0QXwURw5WWvI5	Right Down the Line	Gerry Rafferty	39	#bd3200	2022-02-23	Viral 50	is
5M4yti0QxgqJieUYaEXcpw	Eventually	Tame Impala	40	#bd3200	2022-02-23	Viral 50	is
0P2P1AxcRYhiZvoF5MyRmM	Rumors (feat. Lil Durk)	Gucci Mane	41	#bd3200	2022-02-23	Viral 50	is
0rNIEBlBuo5108lnHyGbqJ	Eat Your Salad	Citi Zēni	42	#bd3200	2022-02-23	Viral 50	is
0lEjxUUlKqjqXrVlIHFduD	P power (feat. Drake)	Gunna	43	#bd3200	2022-02-23	Viral 50	is
4B6XjmOWI55np7y4MUTXDu	La Seine - Extrait de la bande originale un monstre à Paris	Vanessa Paradis, -M-	44	#bd3200	2022-02-23	Viral 50	is
6lknMmJZALXxx7emwwZWLX	Frozen	Madonna, Sickick	45	#bd3200	2022-02-23	Viral 50	is
3xRH6FPVtheDyNla3T1FE7	Hrs and Hrs	Muni Long	46	#bd3200	2022-02-23	Viral 50	is
4aMxs74PXoQg2SLgjypcvb	Turban	Yeat	47	#4687d7	2022-02-23	Viral 50	is
37ROoLBH0Z5rQiDeHzHn2l	Svart-hvíta hetjan mín	Dúkkulísurnar	48	#4687d7	2022-02-23	Viral 50	is
0MoQI1EZGSHLhd5UBdxPol	Substance	03 Greedo	49	#4687d7	2022-02-23	Viral 50	is
5XW4BwCrfYpci5zMbJxs4N	Do Ya Wanna Taste It	Wig Wam	50	#4687d7	2022-02-23	Viral 50	is
2n6GNBBTehOPfiQtPGlsCg	Töfrar	Silfurtónar	1	#3e3e40	2022-02-24	Viral 50	is
6WCrwk8hAiwqatYcTG2V2M	Bensínlaus	Atlantsolía	2	#84bd00	2022-02-24	Viral 50	is
6NI1jGEu4dRI1g9f6u7hB0	LaLíf	Kjartan Ólafsson	3	#bd3200	2022-02-24	Viral 50	is
3Oww84xrmgjyr5J1ilOmAf	Down Under (feat. Colin Hay)	Luude	4	#84bd00	2022-02-24	Viral 50	is
45GDh5cZcRVOAyQqZWxiUt	Playboy	Jx.Zero	5	#bd3200	2022-02-24	Viral 50	is
3o9kpgkIcffx0iSwxhuNI2	Numb Little Bug	Em Beihold	6	#3e3e40	2022-02-24	Viral 50	is
6QHXcb0eFwOKZOZ9bOFmxm	Toxic Pony	ALTÉGO, Britney Spears, Ginuwine	7	#3e3e40	2022-02-24	Viral 50	is
4bLL8O04PMkzYpT4sC47kd	Ástin heldur vöku	Júlí Heiðar	8	#84bd00	2022-02-24	Viral 50	is
7BbaIYAdi3pg4MGl6PHwPv	Monëy so big	Yeat	9	#84bd00	2022-02-24	Viral 50	is
1ko2lVN0vKGUl9zrU0qSlT	Just the Two of Us (feat. Bill Withers)	Grover Washington, Jr.	10	#84bd00	2022-02-24	Viral 50	is
50Cf2eYv8zT3v2HAkwhIiL	Give That Wolf A Banana	Subwoolfer	11	#84bd00	2022-02-24	Viral 50	is
79nEEoEPY2w8EXj9hjn5oc	Ginseng Strip 2002	Yung Lean	12	#bd3200	2022-02-24	Viral 50	is
7Fege3yv4dvehB3NdRBGwI	Banking On Me	Gunna	13	#bd3200	2022-02-24	Viral 50	is
52xJxFP6TqMuO4Yt0eOkMz	We Don't Talk About Bruno	Carolina Gaitán - La Gaita, Mauro Castillo, Adassa, Rhenzy Feliz, Diane Guerrero, Stephanie Beatriz, Encanto - Cast	14	#bd3200	2022-02-24	Viral 50	is
250HCdqW1C97j3MjvWlysp	Bjór	Fræbblarnir	15	#bd3200	2022-02-24	Viral 50	is
7qzFXUvBk7lELXuxVREypV	Nearly Lost You	Screaming Trees	16	#84bd00	2022-02-24	Viral 50	is
58HvfVOeJY7lUuCqF0m3ly	MIDDLE OF THE NIGHT	Elley Duhé	17	#bd3200	2022-02-24	Viral 50	is
1dxcQA922vdRVtSlGunpGX	Fjólublátt ljós við barinn	Klíkan	18	#3e3e40	2022-02-24	Viral 50	is
6GomT970rCOkKAyyrwJeZi	Move Your Body	Öwnboss, Sevek	19	#84bd00	2022-02-24	Viral 50	is
27V23PaP4xV3O6c1yuAAYi	Vals númer 1	Magnús Eiríksson	20	#bd3200	2022-02-24	Viral 50	is
4SkkXTtocKccDPJjq4xutq	Ástarsæla	Júníus Meyvant	21	#bd3200	2022-02-24	Viral 50	is
6FiySur7YZL0Kff2YVGsEB	Right Foot Creep	YoungBoy Never Broke Again	22	#84bd00	2022-02-24	Viral 50	is
1ZdhOMWyFR8Iv9eylMGYg2	Mount Everest	Labrinth	23	#84bd00	2022-02-24	Viral 50	is
3lQaTms3Is0GeZRWY8LhSn	Elísabet	Pétur Örn Guðmundsson	24	#84bd00	2022-02-24	Viral 50	is
3AVXwaOGCEL8cmBecfcsFJ	Light Switch	Charlie Puth	25	#84bd00	2022-02-24	Viral 50	is
4b1yxSdlumA8N4fEk4UOZp	The Family Madrigal	Stephanie Beatriz, Olga Merediz, Encanto - Cast	26	#bd3200	2022-02-24	Viral 50	is
3oqh1aMQniNyTPWZl6TC1a	Bleikur og blár	Friðrik Dór	27	#84bd00	2022-02-24	Viral 50	is
3XOalgusokruzA5ZBA2Qcb	pushin P (feat. Young Thug)	Gunna, Future	28	#bd3200	2022-02-24	Viral 50	is
0lEjxUUlKqjqXrVlIHFduD	P power (feat. Drake)	Gunna	29	#84bd00	2022-02-24	Viral 50	is
05EG9LwFCVjkoYEWzsrHHO	Legend	Tevvez	30	#bd3200	2022-02-24	Viral 50	is
3cqWSJzuxZCsglpaxWtosT	Before I Knew It	Mason Ramsey	31	#bd3200	2022-02-24	Viral 50	is
0nCgsAki7e7I243CUblGxU	Stan Smith	Alcemist, Coco	32	#bd3200	2022-02-24	Viral 50	is
6K5ph5mq1qprHae3TrgTj5	"Surface Pressure - From ""Encanto""/Soundtrack Version"	Jessica Darrow	33	#bd3200	2022-02-24	Viral 50	is
3yMC1KsTwh0ceXdIe4QQAQ	Fingers Crossed	Lauren Spencer-Smith	34	#bd3200	2022-02-24	Viral 50	is
0P2P1AxcRYhiZvoF5MyRmM	Rumors (feat. Lil Durk)	Gucci Mane	35	#84bd00	2022-02-24	Viral 50	is
6jHBzdq0by8m9DcQ6lL8VG	Með stjörnunum	Herbert Guðmundsson	36	#bd3200	2022-02-24	Viral 50	is
5rohUzwEoRsUvAA1Bf3DLo	Dos Oruguitas	Sebastian Yatra	37	#bd3200	2022-02-24	Viral 50	is
1DxRMgLoWXgmIFF2Unp5pD	Packs and Potions	HAZEY	38	#4687d7	2022-02-24	Viral 50	is
5vUnjhBzRJJIAOJPde6zDx	TO THE MOON	Jnr Choi, Sam Tompkins	39	#bd3200	2022-02-24	Viral 50	is
0sTlGEld0h8kIPZaKDYUf4	Notion	The Rare Occasions	40	#bd3200	2022-02-24	Viral 50	is
5M4yti0QxgqJieUYaEXcpw	Eventually	Tame Impala	41	#bd3200	2022-02-24	Viral 50	is
2Xb6wJYGi0QXwURw5WWvI5	Right Down the Line	Gerry Rafferty	42	#bd3200	2022-02-24	Viral 50	is
4B6XjmOWI55np7y4MUTXDu	La Seine - Extrait de la bande originale un monstre à Paris	Vanessa Paradis, -M-	43	#84bd00	2022-02-24	Viral 50	is
4VtRHZ4tBDHaWltVAytlLY	Go	Cat Burns	44	#4687d7	2022-02-24	Viral 50	is
6lknMmJZALXxx7emwwZWLX	Frozen	Madonna, Sickick	45	#3e3e40	2022-02-24	Viral 50	is
4aMxs74PXoQg2SLgjypcvb	Turban	Yeat	46	#84bd00	2022-02-24	Viral 50	is
4LwU4Vp6od3Sb08CsP99GC	The Next Episode	Dr. Dre, Snoop Dogg	47	#4687d7	2022-02-24	Viral 50	is
0rNIEBlBuo5108lnHyGbqJ	Eat Your Salad	Citi Zēni	48	#bd3200	2022-02-24	Viral 50	is
4iwiYqzoLImJraKQ9Pf2I2	Ameno Amapiano Remix (You Wanna Bamba)	Goya Menor, Nektunez	49	#bd3200	2022-02-24	Viral 50	is
3xRH6FPVtheDyNla3T1FE7	Hrs and Hrs	Muni Long	50	#bd3200	2022-02-24	Viral 50	is
2n6GNBBTehOPfiQtPGlsCg	Töfrar	Silfurtónar	1	#3e3e40	2022-02-25	Viral 50	is
3Oww84xrmgjyr5J1ilOmAf	Down Under (feat. Colin Hay)	Luude	2	#84bd00	2022-02-25	Viral 50	is
3o9kpgkIcffx0iSwxhuNI2	Numb Little Bug	Em Beihold	3	#84bd00	2022-02-25	Viral 50	is
6WCrwk8hAiwqatYcTG2V2M	Bensínlaus	Atlantsolía	4	#bd3200	2022-02-25	Viral 50	is
45GDh5cZcRVOAyQqZWxiUt	Playboy	Jx.Zero	5	#3e3e40	2022-02-25	Viral 50	is
50Cf2eYv8zT3v2HAkwhIiL	Give That Wolf A Banana	Subwoolfer	6	#84bd00	2022-02-25	Viral 50	is
6QHXcb0eFwOKZOZ9bOFmxm	Toxic Pony	ALTÉGO, Britney Spears, Ginuwine	7	#3e3e40	2022-02-25	Viral 50	is
7BbaIYAdi3pg4MGl6PHwPv	Monëy so big	Yeat	8	#84bd00	2022-02-25	Viral 50	is
6NI1jGEu4dRI1g9f6u7hB0	LaLíf	Kjartan Ólafsson	9	#bd3200	2022-02-25	Viral 50	is
4bLL8O04PMkzYpT4sC47kd	Ástin heldur vöku	Júlí Heiðar	10	#bd3200	2022-02-25	Viral 50	is
79nEEoEPY2w8EXj9hjn5oc	Ginseng Strip 2002	Yung Lean	11	#84bd00	2022-02-25	Viral 50	is
7qzFXUvBk7lELXuxVREypV	Nearly Lost You	Screaming Trees	12	#84bd00	2022-02-25	Viral 50	is
1ko2lVN0vKGUl9zrU0qSlT	Just the Two of Us (feat. Bill Withers)	Grover Washington, Jr.	13	#bd3200	2022-02-25	Viral 50	is
6GomT970rCOkKAyyrwJeZi	Move Your Body	Öwnboss, Sevek	14	#84bd00	2022-02-25	Viral 50	is
1dxcQA922vdRVtSlGunpGX	Fjólublátt ljós við barinn	Klíkan	15	#84bd00	2022-02-25	Viral 50	is
7Fege3yv4dvehB3NdRBGwI	Banking On Me	Gunna	16	#bd3200	2022-02-25	Viral 50	is
250HCdqW1C97j3MjvWlysp	Bjór	Fræbblarnir	17	#bd3200	2022-02-25	Viral 50	is
52xJxFP6TqMuO4Yt0eOkMz	We Don't Talk About Bruno	Carolina Gaitán - La Gaita, Mauro Castillo, Adassa, Rhenzy Feliz, Diane Guerrero, Stephanie Beatriz, Encanto - Cast	18	#bd3200	2022-02-25	Viral 50	is
6FiySur7YZL0Kff2YVGsEB	Right Foot Creep	YoungBoy Never Broke Again	19	#84bd00	2022-02-25	Viral 50	is
4SkkXTtocKccDPJjq4xutq	Ástarsæla	Júníus Meyvant	20	#84bd00	2022-02-25	Viral 50	is
3lQaTms3Is0GeZRWY8LhSn	Elísabet	Pétur Örn Guðmundsson	21	#84bd00	2022-02-25	Viral 50	is
1ZdhOMWyFR8Iv9eylMGYg2	Mount Everest	Labrinth	22	#84bd00	2022-02-25	Viral 50	is
05EG9LwFCVjkoYEWzsrHHO	Legend	Tevvez	23	#84bd00	2022-02-25	Viral 50	is
58HvfVOeJY7lUuCqF0m3ly	MIDDLE OF THE NIGHT	Elley Duhé	24	#bd3200	2022-02-25	Viral 50	is
0P2P1AxcRYhiZvoF5MyRmM	Rumors (feat. Lil Durk)	Gucci Mane	25	#84bd00	2022-02-25	Viral 50	is
4b1yxSdlumA8N4fEk4UOZp	The Family Madrigal	Stephanie Beatriz, Olga Merediz, Encanto - Cast	26	#3e3e40	2022-02-25	Viral 50	is
3XOalgusokruzA5ZBA2Qcb	pushin P (feat. Young Thug)	Gunna, Future	27	#84bd00	2022-02-25	Viral 50	is
4iwiYqzoLImJraKQ9Pf2I2	Ameno Amapiano Remix (You Wanna Bamba)	Goya Menor, Nektunez	28	#84bd00	2022-02-25	Viral 50	is
3AVXwaOGCEL8cmBecfcsFJ	Light Switch	Charlie Puth	29	#bd3200	2022-02-25	Viral 50	is
3cqWSJzuxZCsglpaxWtosT	Before I Knew It	Mason Ramsey	30	#84bd00	2022-02-25	Viral 50	is
6K5ph5mq1qprHae3TrgTj5	"Surface Pressure - From ""Encanto""/Soundtrack Version"	Jessica Darrow	31	#84bd00	2022-02-25	Viral 50	is
4aMxs74PXoQg2SLgjypcvb	Turban	Yeat	32	#84bd00	2022-02-25	Viral 50	is
1DxRMgLoWXgmIFF2Unp5pD	Packs and Potions	HAZEY	33	#84bd00	2022-02-25	Viral 50	is
0lEjxUUlKqjqXrVlIHFduD	P power (feat. Drake)	Gunna	34	#bd3200	2022-02-25	Viral 50	is
27V23PaP4xV3O6c1yuAAYi	Vals númer 1	Magnús Eiríksson	35	#bd3200	2022-02-25	Viral 50	is
0rNIEBlBuo5108lnHyGbqJ	Eat Your Salad	Citi Zēni	36	#84bd00	2022-02-25	Viral 50	is
3oqh1aMQniNyTPWZl6TC1a	Bleikur og blár	Friðrik Dór	37	#bd3200	2022-02-25	Viral 50	is
0sTlGEld0h8kIPZaKDYUf4	Notion	The Rare Occasions	38	#84bd00	2022-02-25	Viral 50	is
5M4yti0QxgqJieUYaEXcpw	Eventually	Tame Impala	39	#84bd00	2022-02-25	Viral 50	is
6jHBzdq0by8m9DcQ6lL8VG	Með stjörnunum	Herbert Guðmundsson	40	#bd3200	2022-02-25	Viral 50	is
2Xb6wJYGi0QXwURw5WWvI5	Right Down the Line	Gerry Rafferty	41	#84bd00	2022-02-25	Viral 50	is
5rohUzwEoRsUvAA1Bf3DLo	Dos Oruguitas	Sebastian Yatra	42	#bd3200	2022-02-25	Viral 50	is
4B6XjmOWI55np7y4MUTXDu	La Seine - Extrait de la bande originale un monstre à Paris	Vanessa Paradis, -M-	43	#3e3e40	2022-02-25	Viral 50	is
0nCgsAki7e7I243CUblGxU	Stan Smith	Alcemist, Coco	44	#bd3200	2022-02-25	Viral 50	is
7evuMZb19fe5dTtnNJnyio	Fofo	kashh	45	#4687d7	2022-02-25	Viral 50	is
4LwU4Vp6od3Sb08CsP99GC	The Next Episode	Dr. Dre, Snoop Dogg	46	#84bd00	2022-02-25	Viral 50	is
4VtRHZ4tBDHaWltVAytlLY	Go	Cat Burns	47	#bd3200	2022-02-25	Viral 50	is
3yMC1KsTwh0ceXdIe4QQAQ	Fingers Crossed	Lauren Spencer-Smith	48	#bd3200	2022-02-25	Viral 50	is
3xRH6FPVtheDyNla3T1FE7	Hrs and Hrs	Muni Long	49	#84bd00	2022-02-25	Viral 50	is
2t16D9V5FmmRAJjsSpwvZf	When I R.I.P.	Labrinth	50	#4687d7	2022-02-25	Viral 50	is
3lQaTms3Is0GeZRWY8LhSn	Elísabet	Pétur Örn Guðmundsson	1	#84bd00	2022-02-26	Viral 50	is
2n6GNBBTehOPfiQtPGlsCg	Töfrar	Silfurtónar	2	#bd3200	2022-02-26	Viral 50	is
3Oww84xrmgjyr5J1ilOmAf	Down Under (feat. Colin Hay)	Luude	3	#bd3200	2022-02-26	Viral 50	is
3o9kpgkIcffx0iSwxhuNI2	Numb Little Bug	Em Beihold	4	#bd3200	2022-02-26	Viral 50	is
6WCrwk8hAiwqatYcTG2V2M	Bensínlaus	Atlantsolía	5	#bd3200	2022-02-26	Viral 50	is
6QHXcb0eFwOKZOZ9bOFmxm	Toxic Pony	ALTÉGO, Britney Spears, Ginuwine	6	#84bd00	2022-02-26	Viral 50	is
50Cf2eYv8zT3v2HAkwhIiL	Give That Wolf A Banana	Subwoolfer	7	#bd3200	2022-02-26	Viral 50	is
45GDh5cZcRVOAyQqZWxiUt	Playboy	Jx.Zero	8	#bd3200	2022-02-26	Viral 50	is
7BbaIYAdi3pg4MGl6PHwPv	Monëy so big	Yeat	9	#bd3200	2022-02-26	Viral 50	is
6NI1jGEu4dRI1g9f6u7hB0	LaLíf	Kjartan Ólafsson	10	#bd3200	2022-02-26	Viral 50	is
7qzFXUvBk7lELXuxVREypV	Nearly Lost You	Screaming Trees	11	#84bd00	2022-02-26	Viral 50	is
79nEEoEPY2w8EXj9hjn5oc	Ginseng Strip 2002	Yung Lean	12	#bd3200	2022-02-26	Viral 50	is
6FiySur7YZL0Kff2YVGsEB	Right Foot Creep	YoungBoy Never Broke Again	13	#84bd00	2022-02-26	Viral 50	is
4bLL8O04PMkzYpT4sC47kd	Ástin heldur vöku	Júlí Heiðar	14	#bd3200	2022-02-26	Viral 50	is
1dxcQA922vdRVtSlGunpGX	Fjólublátt ljós við barinn	Klíkan	15	#3e3e40	2022-02-26	Viral 50	is
7Fege3yv4dvehB3NdRBGwI	Banking On Me	Gunna	16	#3e3e40	2022-02-26	Viral 50	is
05EG9LwFCVjkoYEWzsrHHO	Legend	Tevvez	17	#84bd00	2022-02-26	Viral 50	is
6GomT970rCOkKAyyrwJeZi	Move Your Body	Öwnboss, Sevek	18	#bd3200	2022-02-26	Viral 50	is
52xJxFP6TqMuO4Yt0eOkMz	We Don't Talk About Bruno	Carolina Gaitán - La Gaita, Mauro Castillo, Adassa, Rhenzy Feliz, Diane Guerrero, Stephanie Beatriz, Encanto - Cast	19	#bd3200	2022-02-26	Viral 50	is
5rohUzwEoRsUvAA1Bf3DLo	Dos Oruguitas	Sebastian Yatra	20	#84bd00	2022-02-26	Viral 50	is
3XOalgusokruzA5ZBA2Qcb	pushin P (feat. Young Thug)	Gunna, Future	21	#84bd00	2022-02-26	Viral 50	is
1ZdhOMWyFR8Iv9eylMGYg2	Mount Everest	Labrinth	22	#3e3e40	2022-02-26	Viral 50	is
27V23PaP4xV3O6c1yuAAYi	Vals númer 1	Magnús Eiríksson	23	#84bd00	2022-02-26	Viral 50	is
0P2P1AxcRYhiZvoF5MyRmM	Rumors (feat. Lil Durk)	Gucci Mane	24	#84bd00	2022-02-26	Viral 50	is
250HCdqW1C97j3MjvWlysp	Bjór	Fræbblarnir	25	#bd3200	2022-02-26	Viral 50	is
4SkkXTtocKccDPJjq4xutq	Ástarsæla	Júníus Meyvant	26	#bd3200	2022-02-26	Viral 50	is
4b1yxSdlumA8N4fEk4UOZp	The Family Madrigal	Stephanie Beatriz, Olga Merediz, Encanto - Cast	27	#bd3200	2022-02-26	Viral 50	is
4B6XjmOWI55np7y4MUTXDu	La Seine - Extrait de la bande originale un monstre à Paris	Vanessa Paradis, -M-	28	#84bd00	2022-02-26	Viral 50	is
0rNIEBlBuo5108lnHyGbqJ	Eat Your Salad	Citi Zēni	29	#84bd00	2022-02-26	Viral 50	is
4aMxs74PXoQg2SLgjypcvb	Turban	Yeat	30	#84bd00	2022-02-26	Viral 50	is
5M4yti0QxgqJieUYaEXcpw	Eventually	Tame Impala	31	#84bd00	2022-02-26	Viral 50	is
6K5ph5mq1qprHae3TrgTj5	"Surface Pressure - From ""Encanto""/Soundtrack Version"	Jessica Darrow	32	#bd3200	2022-02-26	Viral 50	is
0lEjxUUlKqjqXrVlIHFduD	P power (feat. Drake)	Gunna	33	#84bd00	2022-02-26	Viral 50	is
4VtRHZ4tBDHaWltVAytlLY	Go	Cat Burns	34	#84bd00	2022-02-26	Viral 50	is
58HvfVOeJY7lUuCqF0m3ly	MIDDLE OF THE NIGHT	Elley Duhé	35	#bd3200	2022-02-26	Viral 50	is
0cp97b37sFNsdIbQH6po3T	Surround Sound (feat. 21 Savage & Baby Tate)	JID	36	#4687d7	2022-02-26	Viral 50	is
1DxRMgLoWXgmIFF2Unp5pD	Packs and Potions	HAZEY	37	#bd3200	2022-02-26	Viral 50	is
7evuMZb19fe5dTtnNJnyio	Fofo	kashh	38	#84bd00	2022-02-26	Viral 50	is
2Xb6wJYGi0QXwURw5WWvI5	Right Down the Line	Gerry Rafferty	39	#84bd00	2022-02-26	Viral 50	is
3cqWSJzuxZCsglpaxWtosT	Before I Knew It	Mason Ramsey	40	#bd3200	2022-02-26	Viral 50	is
4iwiYqzoLImJraKQ9Pf2I2	Ameno Amapiano Remix (You Wanna Bamba)	Goya Menor, Nektunez	41	#bd3200	2022-02-26	Viral 50	is
3oqh1aMQniNyTPWZl6TC1a	Bleikur og blár	Friðrik Dór	42	#bd3200	2022-02-26	Viral 50	is
2B4GHvToeLTOBB4QLzW3Ni	Pepas	Farruko	43	#4687d7	2022-02-26	Viral 50	is
0sTlGEld0h8kIPZaKDYUf4	Notion	The Rare Occasions	44	#bd3200	2022-02-26	Viral 50	is
2t16D9V5FmmRAJjsSpwvZf	When I R.I.P.	Labrinth	45	#84bd00	2022-02-26	Viral 50	is
3xRH6FPVtheDyNla3T1FE7	Hrs and Hrs	Muni Long	46	#84bd00	2022-02-26	Viral 50	is
38nkd5HL1PMbaoU7HNqxu9	intertwined	Arny Margret	47	#4687d7	2022-02-26	Viral 50	is
2K7xn816oNHJZ0aVqdQsha	Softcore	The Neighbourhood	48	#4687d7	2022-02-26	Viral 50	is
4LwU4Vp6od3Sb08CsP99GC	The Next Episode	Dr. Dre, Snoop Dogg	49	#bd3200	2022-02-26	Viral 50	is
3AVXwaOGCEL8cmBecfcsFJ	Light Switch	Charlie Puth	50	#bd3200	2022-02-26	Viral 50	is
7u0iiYvFoI3qI6tFe8JT6t	Elísabet	Pétur Örn Guðmundsson	1	#3e3e40	2022-02-27	Viral 50	is
2n6GNBBTehOPfiQtPGlsCg	Töfrar	Silfurtónar	2	#3e3e40	2022-02-27	Viral 50	is
3Oww84xrmgjyr5J1ilOmAf	Down Under (feat. Colin Hay)	Luude	3	#3e3e40	2022-02-27	Viral 50	is
3o9kpgkIcffx0iSwxhuNI2	Numb Little Bug	Em Beihold	4	#3e3e40	2022-02-27	Viral 50	is
6WCrwk8hAiwqatYcTG2V2M	Bensínlaus	Atlantsolía	5	#3e3e40	2022-02-27	Viral 50	is
6QHXcb0eFwOKZOZ9bOFmxm	Toxic Pony	ALTÉGO, Britney Spears, Ginuwine	6	#3e3e40	2022-02-27	Viral 50	is
45GDh5cZcRVOAyQqZWxiUt	Playboy	Jx.Zero	7	#84bd00	2022-02-27	Viral 50	is
7BbaIYAdi3pg4MGl6PHwPv	Monëy so big	Yeat	8	#84bd00	2022-02-27	Viral 50	is
79nEEoEPY2w8EXj9hjn5oc	Ginseng Strip 2002	Yung Lean	9	#84bd00	2022-02-27	Viral 50	is
1ko2lVN0vKGUl9zrU0qSlT	Just the Two of Us (feat. Bill Withers)	Grover Washington, Jr.	10	#4687d7	2022-02-27	Viral 50	is
6NI1jGEu4dRI1g9f6u7hB0	LaLíf	Kjartan Ólafsson	11	#bd3200	2022-02-27	Viral 50	is
7qzFXUvBk7lELXuxVREypV	Nearly Lost You	Screaming Trees	12	#bd3200	2022-02-27	Viral 50	is
50Cf2eYv8zT3v2HAkwhIiL	Give That Wolf A Banana	Subwoolfer	13	#bd3200	2022-02-27	Viral 50	is
6FiySur7YZL0Kff2YVGsEB	Right Foot Creep	YoungBoy Never Broke Again	14	#bd3200	2022-02-27	Viral 50	is
52xJxFP6TqMuO4Yt0eOkMz	We Don't Talk About Bruno	Carolina Gaitán - La Gaita, Mauro Castillo, Adassa, Rhenzy Feliz, Diane Guerrero, Stephanie Beatriz, Encanto - Cast	15	#84bd00	2022-02-27	Viral 50	is
7Fege3yv4dvehB3NdRBGwI	Banking On Me	Gunna	16	#3e3e40	2022-02-27	Viral 50	is
1dxcQA922vdRVtSlGunpGX	Fjólublátt ljós við barinn	Klíkan	17	#bd3200	2022-02-27	Viral 50	is
05EG9LwFCVjkoYEWzsrHHO	Legend	Tevvez	18	#bd3200	2022-02-27	Viral 50	is
6GomT970rCOkKAyyrwJeZi	Move Your Body	Öwnboss, Sevek	19	#bd3200	2022-02-27	Viral 50	is
0P2P1AxcRYhiZvoF5MyRmM	Rumors (feat. Lil Durk)	Gucci Mane	20	#84bd00	2022-02-27	Viral 50	is
5rohUzwEoRsUvAA1Bf3DLo	Dos Oruguitas	Sebastian Yatra	21	#bd3200	2022-02-27	Viral 50	is
4VtRHZ4tBDHaWltVAytlLY	Go	Cat Burns	22	#84bd00	2022-02-27	Viral 50	is
1ZdhOMWyFR8Iv9eylMGYg2	Mount Everest	Labrinth	23	#bd3200	2022-02-27	Viral 50	is
6K5ph5mq1qprHae3TrgTj5	"Surface Pressure - From ""Encanto""/Soundtrack Version"	Jessica Darrow	24	#84bd00	2022-02-27	Viral 50	is
4bLL8O04PMkzYpT4sC47kd	Ástin heldur vöku	Júlí Heiðar	25	#bd3200	2022-02-27	Viral 50	is
3XOalgusokruzA5ZBA2Qcb	pushin P (feat. Young Thug)	Gunna, Future	26	#bd3200	2022-02-27	Viral 50	is
4B6XjmOWI55np7y4MUTXDu	La Seine - Extrait de la bande originale un monstre à Paris	Vanessa Paradis, -M-	27	#84bd00	2022-02-27	Viral 50	is
0rNIEBlBuo5108lnHyGbqJ	Eat Your Salad	Citi Zēni	28	#84bd00	2022-02-27	Viral 50	is
4aMxs74PXoQg2SLgjypcvb	Turban	Yeat	29	#84bd00	2022-02-27	Viral 50	is
4SkkXTtocKccDPJjq4xutq	Ástarsæla	Júníus Meyvant	30	#bd3200	2022-02-27	Viral 50	is
5M4yti0QxgqJieUYaEXcpw	Eventually	Tame Impala	31	#3e3e40	2022-02-27	Viral 50	is
58HvfVOeJY7lUuCqF0m3ly	MIDDLE OF THE NIGHT	Elley Duhé	32	#84bd00	2022-02-27	Viral 50	is
4b1yxSdlumA8N4fEk4UOZp	The Family Madrigal	Stephanie Beatriz, Olga Merediz, Encanto - Cast	33	#bd3200	2022-02-27	Viral 50	is
38nkd5HL1PMbaoU7HNqxu9	intertwined	Arny Margret	34	#84bd00	2022-02-27	Viral 50	is
27V23PaP4xV3O6c1yuAAYi	Vals númer 1	Magnús Eiríksson	35	#bd3200	2022-02-27	Viral 50	is
1DxRMgLoWXgmIFF2Unp5pD	Packs and Potions	HAZEY	36	#84bd00	2022-02-27	Viral 50	is
0lEjxUUlKqjqXrVlIHFduD	P power (feat. Drake)	Gunna	37	#bd3200	2022-02-27	Viral 50	is
3A4cpTBPaIQdtPFb5JxtaX	Slow Jamz	Twista, Kanye West, Jamie Foxx	38	#4687d7	2022-02-27	Viral 50	is
76YSWx6L6FNsuaP6GWBb8P	All For Us	Labrinth, Zendaya	39	#4687d7	2022-02-27	Viral 50	is
2Xb6wJYGi0QXwURw5WWvI5	Right Down the Line	Gerry Rafferty	40	#bd3200	2022-02-27	Viral 50	is
4iwiYqzoLImJraKQ9Pf2I2	Ameno Amapiano Remix (You Wanna Bamba)	Goya Menor, Nektunez	41	#3e3e40	2022-02-27	Viral 50	is
3oqh1aMQniNyTPWZl6TC1a	Bleikur og blár	Friðrik Dór	42	#3e3e40	2022-02-27	Viral 50	is
250HCdqW1C97j3MjvWlysp	Bjór	Fræbblarnir	43	#bd3200	2022-02-27	Viral 50	is
3xRH6FPVtheDyNla3T1FE7	Hrs and Hrs	Muni Long	44	#84bd00	2022-02-27	Viral 50	is
0BvM4sh1rKdKKidamKdHH7	Ain't got nobody	Sísý Ey	45	#4687d7	2022-02-27	Viral 50	is
7evuMZb19fe5dTtnNJnyio	Fofo	kashh	46	#bd3200	2022-02-27	Viral 50	is
0cp97b37sFNsdIbQH6po3T	Surround Sound (feat. 21 Savage & Baby Tate)	JID	47	#bd3200	2022-02-27	Viral 50	is
3AVXwaOGCEL8cmBecfcsFJ	Light Switch	Charlie Puth	48	#84bd00	2022-02-27	Viral 50	is
1uQYkEOi0bWGxc5YPxQRJO	Baby Blue	Sigrún Stella	49	#4687d7	2022-02-27	Viral 50	is
0VSw95THiskH1osgxwgDDk	The Wiggle Wiggle Song	Haffi Haff	50	#4687d7	2022-02-27	Viral 50	is
7u0iiYvFoI3qI6tFe8JT6t	Elísabet	Pétur Örn Guðmundsson	1	#3e3e40	2022-02-28	Viral 50	is
4t3gM4Rl5rz5du0Qn2Yd8K	Með hækkandi sól	Sigga Eyþórs, Beta Ey, Elín Ey	2	#4687d7	2022-02-28	Viral 50	is
33i76siNTo39XfYo8oqEzY	Gía	Haffi Haff	3	#4687d7	2022-02-28	Viral 50	is
3jx6wsXt6OOgw0mQIlmWlb	Ljósið	Stefan Oli	4	#4687d7	2022-02-28	Viral 50	is
2n6GNBBTehOPfiQtPGlsCg	Töfrar	Silfurtónar	5	#bd3200	2022-02-28	Viral 50	is
5LgU3ovyTAvJ4IRGZes5bS	All I Know	Stefan Oli	6	#4687d7	2022-02-28	Viral 50	is
3o9kpgkIcffx0iSwxhuNI2	Numb Little Bug	Em Beihold	7	#bd3200	2022-02-28	Viral 50	is
6WCrwk8hAiwqatYcTG2V2M	Bensínlaus	Atlantsolía	8	#bd3200	2022-02-28	Viral 50	is
3yxtmMzxVUobXExlRJNcZb	Tökum af stað	Daughters of Reykjavík	9	#4687d7	2022-02-28	Viral 50	is
3Oww84xrmgjyr5J1ilOmAf	Down Under (feat. Colin Hay)	Luude	10	#bd3200	2022-02-28	Viral 50	is
6E4Lmb2YbDG8jANjCnevRK	Don't You Know (íslenska útgáfan)	Amarosis	11	#4687d7	2022-02-28	Viral 50	is
1BhA8LbbTftmLuhSGoRV40	Hjartað mitt	Stefanía Svavarsdóttir	12	#4687d7	2022-02-28	Viral 50	is
45GDh5cZcRVOAyQqZWxiUt	Playboy	Jx.Zero	13	#bd3200	2022-02-28	Viral 50	is
4wMjRiC0lFIx7mo7EZdLGF	Volcano	Haffi Haff	14	#4687d7	2022-02-28	Viral 50	is
7qzFXUvBk7lELXuxVREypV	Nearly Lost You	Screaming Trees	15	#bd3200	2022-02-28	Viral 50	is
3IBL9TxT1r8E3zlrMjIlNT	Séns með þér	Hanna Mia, Astrotourists	16	#4687d7	2022-02-28	Viral 50	is
6QHXcb0eFwOKZOZ9bOFmxm	Toxic Pony	ALTÉGO, Britney Spears, Ginuwine	17	#bd3200	2022-02-28	Viral 50	is
6NI1jGEu4dRI1g9f6u7hB0	LaLíf	Kjartan Ólafsson	18	#bd3200	2022-02-28	Viral 50	is
0LU4WGvqi88j2RjDhhN6Dm	Hækkum í botn	SUNCITY, Sanna Martinez	19	#4687d7	2022-02-28	Viral 50	is
6FiySur7YZL0Kff2YVGsEB	Right Foot Creep	YoungBoy Never Broke Again	20	#bd3200	2022-02-28	Viral 50	is
7BbaIYAdi3pg4MGl6PHwPv	Monëy so big	Yeat	21	#bd3200	2022-02-28	Viral 50	is
3YFnfm9z8RmPFIZ7C16u4e	Doja	$NOT, A$AP Rocky	22	#4687d7	2022-02-28	Viral 50	is
7Fege3yv4dvehB3NdRBGwI	Banking On Me	Gunna	23	#bd3200	2022-02-28	Viral 50	is
4VtRHZ4tBDHaWltVAytlLY	Go	Cat Burns	24	#bd3200	2022-02-28	Viral 50	is
1dxcQA922vdRVtSlGunpGX	Fjólublátt ljós við barinn	Klíkan	25	#bd3200	2022-02-28	Viral 50	is
4lpZYPQkoe9g3w8FN8UNNw	Þaðan af	Katla	26	#4687d7	2022-02-28	Viral 50	is
6c5MbySvBl1Ybi9ZkuWa8N	Turn This Around	Daughters of Reykjavík	27	#4687d7	2022-02-28	Viral 50	is
50Cf2eYv8zT3v2HAkwhIiL	Give That Wolf A Banana	Subwoolfer	28	#bd3200	2022-02-28	Viral 50	is
79nEEoEPY2w8EXj9hjn5oc	Ginseng Strip 2002	Yung Lean	29	#bd3200	2022-02-28	Viral 50	is
6GomT970rCOkKAyyrwJeZi	Move Your Body	Öwnboss, Sevek	30	#bd3200	2022-02-28	Viral 50	is
3Ot1NYpvz95HEaAxJ1uKa6	Keep it Cool	SUNCITY, Sanna Martinez	31	#4687d7	2022-02-28	Viral 50	is
0P2P1AxcRYhiZvoF5MyRmM	Rumors (feat. Lil Durk)	Gucci Mane	32	#bd3200	2022-02-28	Viral 50	is
4bLL8O04PMkzYpT4sC47kd	Ástin heldur vöku	Júlí Heiðar	33	#bd3200	2022-02-28	Viral 50	is
1ZdhOMWyFR8Iv9eylMGYg2	Mount Everest	Labrinth	34	#bd3200	2022-02-28	Viral 50	is
3A4cpTBPaIQdtPFb5JxtaX	Slow Jamz	Twista, Kanye West, Jamie Foxx	35	#84bd00	2022-02-28	Viral 50	is
3xRH6FPVtheDyNla3T1FE7	Hrs and Hrs	Muni Long	36	#84bd00	2022-02-28	Viral 50	is
5rohUzwEoRsUvAA1Bf3DLo	Dos Oruguitas	Sebastian Yatra	37	#bd3200	2022-02-28	Viral 50	is
1ZMGp9MTXbtAPvcKa0U3zS	Brividi	Mahmood, BLANCO	38	#4687d7	2022-02-28	Viral 50	is
1DxRMgLoWXgmIFF2Unp5pD	Packs and Potions	HAZEY	39	#bd3200	2022-02-28	Viral 50	is
05EG9LwFCVjkoYEWzsrHHO	Legend	Tevvez	40	#bd3200	2022-02-28	Viral 50	is
4aMxs74PXoQg2SLgjypcvb	Turban	Yeat	41	#bd3200	2022-02-28	Viral 50	is
1uQYkEOi0bWGxc5YPxQRJO	Baby Blue	Sigrún Stella	42	#84bd00	2022-02-28	Viral 50	is
1pYsBrqRmQaj9wSTUNL3eT	Bona Fide (feat. Soffía Björg)	Krummi	43	#4687d7	2022-02-28	Viral 50	is
38nkd5HL1PMbaoU7HNqxu9	intertwined	Arny Margret	44	#bd3200	2022-02-28	Viral 50	is
04woIMsNe3heO7JRgsR0cL	Don’t You Know	Amarosis	45	#4687d7	2022-02-28	Viral 50	is
2Xb6wJYGi0QXwURw5WWvI5	Right Down the Line	Gerry Rafferty	46	#bd3200	2022-02-28	Viral 50	is
52xJxFP6TqMuO4Yt0eOkMz	We Don't Talk About Bruno	Carolina Gaitán - La Gaita, Mauro Castillo, Adassa, Rhenzy Feliz, Diane Guerrero, Stephanie Beatriz, Encanto - Cast	47	#bd3200	2022-02-28	Viral 50	is
0rNIEBlBuo5108lnHyGbqJ	Eat Your Salad	Citi Zēni	48	#bd3200	2022-02-28	Viral 50	is
4iwiYqzoLImJraKQ9Pf2I2	Ameno Amapiano Remix (You Wanna Bamba)	Goya Menor, Nektunez	49	#bd3200	2022-02-28	Viral 50	is
5M4yti0QxgqJieUYaEXcpw	Eventually	Tame Impala	50	#bd3200	2022-02-28	Viral 50	is
7u0iiYvFoI3qI6tFe8JT6t	Elísabet	Pétur Örn Guðmundsson	1	#3e3e40	2022-03-01	Viral 50	is
4t3gM4Rl5rz5du0Qn2Yd8K	Með hækkandi sól	Sigga Eyþórs, Beta Ey, Elín Ey	2	#3e3e40	2022-03-01	Viral 50	is
33i76siNTo39XfYo8oqEzY	Gía	Haffi Haff	3	#3e3e40	2022-03-01	Viral 50	is
3jx6wsXt6OOgw0mQIlmWlb	Ljósið	Stefan Oli	4	#3e3e40	2022-03-01	Viral 50	is
5LgU3ovyTAvJ4IRGZes5bS	All I Know	Stefan Oli	5	#84bd00	2022-03-01	Viral 50	is
2n6GNBBTehOPfiQtPGlsCg	Töfrar	Silfurtónar	6	#bd3200	2022-03-01	Viral 50	is
6WCrwk8hAiwqatYcTG2V2M	Bensínlaus	Atlantsolía	7	#84bd00	2022-03-01	Viral 50	is
3o9kpgkIcffx0iSwxhuNI2	Numb Little Bug	Em Beihold	8	#bd3200	2022-03-01	Viral 50	is
3yxtmMzxVUobXExlRJNcZb	Tökum af stað	Daughters of Reykjavík	9	#3e3e40	2022-03-01	Viral 50	is
6E4Lmb2YbDG8jANjCnevRK	Don't You Know (íslenska útgáfan)	Amarosis	10	#84bd00	2022-03-01	Viral 50	is
3Oww84xrmgjyr5J1ilOmAf	Down Under (feat. Colin Hay)	Luude	11	#bd3200	2022-03-01	Viral 50	is
1BhA8LbbTftmLuhSGoRV40	Hjartað mitt	Stefanía Svavarsdóttir	12	#3e3e40	2022-03-01	Viral 50	is
45GDh5cZcRVOAyQqZWxiUt	Playboy	Jx.Zero	13	#3e3e40	2022-03-01	Viral 50	is
6NI1jGEu4dRI1g9f6u7hB0	LaLíf	Kjartan Ólafsson	14	#84bd00	2022-03-01	Viral 50	is
4wMjRiC0lFIx7mo7EZdLGF	Volcano	Haffi Haff	15	#bd3200	2022-03-01	Viral 50	is
3IBL9TxT1r8E3zlrMjIlNT	Séns með þér	Hanna Mia, Astrotourists	16	#3e3e40	2022-03-01	Viral 50	is
6c5MbySvBl1Ybi9ZkuWa8N	Turn This Around	Daughters of Reykjavík	17	#84bd00	2022-03-01	Viral 50	is
7BbaIYAdi3pg4MGl6PHwPv	Monëy so big	Yeat	18	#84bd00	2022-03-01	Viral 50	is
6FiySur7YZL0Kff2YVGsEB	Right Foot Creep	YoungBoy Never Broke Again	19	#84bd00	2022-03-01	Viral 50	is
6QHXcb0eFwOKZOZ9bOFmxm	Toxic Pony	ALTÉGO, Britney Spears, Ginuwine	20	#bd3200	2022-03-01	Viral 50	is
4lpZYPQkoe9g3w8FN8UNNw	Þaðan af	Katla	21	#84bd00	2022-03-01	Viral 50	is
50Cf2eYv8zT3v2HAkwhIiL	Give That Wolf A Banana	Subwoolfer	22	#84bd00	2022-03-01	Viral 50	is
1AU6nlNT9nC4d22aDb7xwp	Mögulegt	Markéta Irglová	23	#4687d7	2022-03-01	Viral 50	is
1dxcQA922vdRVtSlGunpGX	Fjólublátt ljós við barinn	Klíkan	24	#84bd00	2022-03-01	Viral 50	is
6GomT970rCOkKAyyrwJeZi	Move Your Body	Öwnboss, Sevek	25	#84bd00	2022-03-01	Viral 50	is
0LU4WGvqi88j2RjDhhN6Dm	Hækkum í botn	SUNCITY, Sanna Martinez	26	#bd3200	2022-03-01	Viral 50	is
4bLL8O04PMkzYpT4sC47kd	Ástin heldur vöku	Júlí Heiðar	27	#84bd00	2022-03-01	Viral 50	is
1uQYkEOi0bWGxc5YPxQRJO	Baby Blue	Sigrún Stella	28	#84bd00	2022-03-01	Viral 50	is
49KTdYsWNtkvOslTpgZuM1	War	ArrDee, Aitch	29	#4687d7	2022-03-01	Viral 50	is
7qzFXUvBk7lELXuxVREypV	Nearly Lost You	Screaming Trees	30	#bd3200	2022-03-01	Viral 50	is
4VtRHZ4tBDHaWltVAytlLY	Go	Cat Burns	31	#bd3200	2022-03-01	Viral 50	is
1DxRMgLoWXgmIFF2Unp5pD	Packs and Potions	HAZEY	32	#84bd00	2022-03-01	Viral 50	is
3A4cpTBPaIQdtPFb5JxtaX	Slow Jamz	Twista, Kanye West, Jamie Foxx	33	#84bd00	2022-03-01	Viral 50	is
0P2P1AxcRYhiZvoF5MyRmM	Rumors (feat. Lil Durk)	Gucci Mane	34	#bd3200	2022-03-01	Viral 50	is
1ZdhOMWyFR8Iv9eylMGYg2	Mount Everest	Labrinth	35	#bd3200	2022-03-01	Viral 50	is
05EG9LwFCVjkoYEWzsrHHO	Legend	Tevvez	36	#84bd00	2022-03-01	Viral 50	is
3YFnfm9z8RmPFIZ7C16u4e	Doja	$NOT, A$AP Rocky	37	#bd3200	2022-03-01	Viral 50	is
79nEEoEPY2w8EXj9hjn5oc	Ginseng Strip 2002	Yung Lean	38	#bd3200	2022-03-01	Viral 50	is
259m7df2nr0yU8n9Xv5Zmg	Seinna meir	Start	39	#4687d7	2022-03-01	Viral 50	is
52xJxFP6TqMuO4Yt0eOkMz	We Don't Talk About Bruno	Carolina Gaitán - La Gaita, Mauro Castillo, Adassa, Rhenzy Feliz, Diane Guerrero, Stephanie Beatriz, Encanto - Cast	40	#84bd00	2022-03-01	Viral 50	is
4iwiYqzoLImJraKQ9Pf2I2	Ameno Amapiano Remix (You Wanna Bamba)	Goya Menor, Nektunez	41	#84bd00	2022-03-01	Viral 50	is
04woIMsNe3heO7JRgsR0cL	Don’t You Know	Amarosis	42	#84bd00	2022-03-01	Viral 50	is
38nkd5HL1PMbaoU7HNqxu9	intertwined	Arny Margret	43	#84bd00	2022-03-01	Viral 50	is
3DRG3HjNz4ZzjDapuZZVOt	Svart-hvíta hetjan mín	Dúkkulísurnar	44	#4687d7	2022-03-01	Viral 50	is
250HCdqW1C97j3MjvWlysp	Bjór	Fræbblarnir	45	#4687d7	2022-03-01	Viral 50	is
2Xb6wJYGi0QXwURw5WWvI5	Right Down the Line	Gerry Rafferty	46	#3e3e40	2022-03-01	Viral 50	is
5rohUzwEoRsUvAA1Bf3DLo	Dos Oruguitas	Sebastian Yatra	47	#bd3200	2022-03-01	Viral 50	is
1ZMGp9MTXbtAPvcKa0U3zS	Brividi	Mahmood, BLANCO	48	#bd3200	2022-03-01	Viral 50	is
3gCq7rgDpU2Zv2ni5M5XWR	1944	Jamala	49	#4687d7	2022-03-01	Viral 50	is
76YSWx6L6FNsuaP6GWBb8P	All For Us	Labrinth, Zendaya	50	#4687d7	2022-03-01	Viral 50	is
7u0iiYvFoI3qI6tFe8JT6t	Elísabet	Pétur Örn Guðmundsson	1	#3e3e40	2022-03-02	Viral 50	is
4t3gM4Rl5rz5du0Qn2Yd8K	Með hækkandi sól	Sigga Eyþórs, Beta Ey, Elín Ey	2	#3e3e40	2022-03-02	Viral 50	is
33i76siNTo39XfYo8oqEzY	Gía	Haffi Haff	3	#3e3e40	2022-03-02	Viral 50	is
3jx6wsXt6OOgw0mQIlmWlb	Ljósið	Stefan Oli	4	#3e3e40	2022-03-02	Viral 50	is
5LgU3ovyTAvJ4IRGZes5bS	All I Know	Stefan Oli	5	#3e3e40	2022-03-02	Viral 50	is
6WCrwk8hAiwqatYcTG2V2M	Bensínlaus	Atlantsolía	6	#84bd00	2022-03-02	Viral 50	is
2n6GNBBTehOPfiQtPGlsCg	Töfrar	Silfurtónar	7	#bd3200	2022-03-02	Viral 50	is
3o9kpgkIcffx0iSwxhuNI2	Numb Little Bug	Em Beihold	8	#3e3e40	2022-03-02	Viral 50	is
3yxtmMzxVUobXExlRJNcZb	Tökum af stað	Daughters of Reykjavík	9	#3e3e40	2022-03-02	Viral 50	is
3Oww84xrmgjyr5J1ilOmAf	Down Under (feat. Colin Hay)	Luude	10	#84bd00	2022-03-02	Viral 50	is
6E4Lmb2YbDG8jANjCnevRK	Don't You Know (íslenska útgáfan)	Amarosis	11	#bd3200	2022-03-02	Viral 50	is
1BhA8LbbTftmLuhSGoRV40	Hjartað mitt	Stefanía Svavarsdóttir	12	#3e3e40	2022-03-02	Viral 50	is
6c5MbySvBl1Ybi9ZkuWa8N	Turn This Around	Daughters of Reykjavík	13	#84bd00	2022-03-02	Viral 50	is
4lpZYPQkoe9g3w8FN8UNNw	Þaðan af	Katla	14	#84bd00	2022-03-02	Viral 50	is
45GDh5cZcRVOAyQqZWxiUt	Playboy	Jx.Zero	15	#bd3200	2022-03-02	Viral 50	is
4wMjRiC0lFIx7mo7EZdLGF	Volcano	Haffi Haff	16	#bd3200	2022-03-02	Viral 50	is
3IBL9TxT1r8E3zlrMjIlNT	Séns með þér	Hanna Mia, Astrotourists	17	#bd3200	2022-03-02	Viral 50	is
6FiySur7YZL0Kff2YVGsEB	Right Foot Creep	YoungBoy Never Broke Again	18	#84bd00	2022-03-02	Viral 50	is
7BbaIYAdi3pg4MGl6PHwPv	Monëy so big	Yeat	19	#bd3200	2022-03-02	Viral 50	is
6NI1jGEu4dRI1g9f6u7hB0	LaLíf	Kjartan Ólafsson	20	#bd3200	2022-03-02	Viral 50	is
6QHXcb0eFwOKZOZ9bOFmxm	Toxic Pony	ALTÉGO, Britney Spears, Ginuwine	21	#bd3200	2022-03-02	Viral 50	is
04woIMsNe3heO7JRgsR0cL	Don’t You Know	Amarosis	22	#84bd00	2022-03-02	Viral 50	is
50Cf2eYv8zT3v2HAkwhIiL	Give That Wolf A Banana	Subwoolfer	23	#bd3200	2022-03-02	Viral 50	is
1AU6nlNT9nC4d22aDb7xwp	Mögulegt	Markéta Irglová	24	#bd3200	2022-03-02	Viral 50	is
250HCdqW1C97j3MjvWlysp	Bjór	Fræbblarnir	25	#84bd00	2022-03-02	Viral 50	is
4bLL8O04PMkzYpT4sC47kd	Ástin heldur vöku	Júlí Heiðar	26	#84bd00	2022-03-02	Viral 50	is
49KTdYsWNtkvOslTpgZuM1	War	ArrDee, Aitch	27	#84bd00	2022-03-02	Viral 50	is
1dxcQA922vdRVtSlGunpGX	Fjólublátt ljós við barinn	Klíkan	28	#bd3200	2022-03-02	Viral 50	is
6GomT970rCOkKAyyrwJeZi	Move Your Body	Öwnboss, Sevek	29	#bd3200	2022-03-02	Viral 50	is
0LU4WGvqi88j2RjDhhN6Dm	Hækkum í botn	SUNCITY, Sanna Martinez	30	#bd3200	2022-03-02	Viral 50	is
1uQYkEOi0bWGxc5YPxQRJO	Baby Blue	Sigrún Stella	31	#bd3200	2022-03-02	Viral 50	is
4VtRHZ4tBDHaWltVAytlLY	Go	Cat Burns	32	#bd3200	2022-03-02	Viral 50	is
58HvfVOeJY7lUuCqF0m3ly	MIDDLE OF THE NIGHT	Elley Duhé	33	#4687d7	2022-03-02	Viral 50	is
3A4cpTBPaIQdtPFb5JxtaX	Slow Jamz	Twista, Kanye West, Jamie Foxx	34	#bd3200	2022-03-02	Viral 50	is
1DxRMgLoWXgmIFF2Unp5pD	Packs and Potions	HAZEY	35	#bd3200	2022-03-02	Viral 50	is
259m7df2nr0yU8n9Xv5Zmg	Seinna meir	Start	36	#84bd00	2022-03-02	Viral 50	is
1ZdhOMWyFR8Iv9eylMGYg2	Mount Everest	Labrinth	37	#bd3200	2022-03-02	Viral 50	is
3YFnfm9z8RmPFIZ7C16u4e	Doja	$NOT, A$AP Rocky	38	#bd3200	2022-03-02	Viral 50	is
1pYsBrqRmQaj9wSTUNL3eT	Bona Fide (feat. Soffía Björg)	Krummi	39	#4687d7	2022-03-02	Viral 50	is
2Xb6wJYGi0QXwURw5WWvI5	Right Down the Line	Gerry Rafferty	40	#84bd00	2022-03-02	Viral 50	is
76YSWx6L6FNsuaP6GWBb8P	All For Us	Labrinth, Zendaya	41	#84bd00	2022-03-02	Viral 50	is
0P2P1AxcRYhiZvoF5MyRmM	Rumors (feat. Lil Durk)	Gucci Mane	42	#bd3200	2022-03-02	Viral 50	is
38nkd5HL1PMbaoU7HNqxu9	intertwined	Arny Margret	43	#3e3e40	2022-03-02	Viral 50	is
3gCq7rgDpU2Zv2ni5M5XWR	1944	Jamala	44	#84bd00	2022-03-02	Viral 50	is
0BvM4sh1rKdKKidamKdHH7	Ain't got nobody	Sísý Ey	45	#4687d7	2022-03-02	Viral 50	is
52xJxFP6TqMuO4Yt0eOkMz	We Don't Talk About Bruno	Carolina Gaitán - La Gaita, Mauro Castillo, Adassa, Rhenzy Feliz, Diane Guerrero, Stephanie Beatriz, Encanto - Cast	46	#bd3200	2022-03-02	Viral 50	is
6SzNZUQsMN41QlUU0P5oGx	Possible	Markéta Irglová	47	#4687d7	2022-03-02	Viral 50	is
1ZMGp9MTXbtAPvcKa0U3zS	Brividi	Mahmood, BLANCO	48	#3e3e40	2022-03-02	Viral 50	is
4iwiYqzoLImJraKQ9Pf2I2	Ameno Amapiano Remix (You Wanna Bamba)	Goya Menor, Nektunez	49	#bd3200	2022-03-02	Viral 50	is
6lLlsNrDFT6mfxgJBggBYj	Hvar er Guðmundur?	Jóhann Páll Jóhannsson	50	#4687d7	2022-03-02	Viral 50	is
7u0iiYvFoI3qI6tFe8JT6t	Elísabet	Pétur Örn Guðmundsson	1	#3e3e40	2022-03-03	Viral 50	is
4t3gM4Rl5rz5du0Qn2Yd8K	Með hækkandi sól	Sigga Eyþórs, Beta Ey, Elín Ey	2	#3e3e40	2022-03-03	Viral 50	is
33i76siNTo39XfYo8oqEzY	Gía	Haffi Haff	3	#3e3e40	2022-03-03	Viral 50	is
3jx6wsXt6OOgw0mQIlmWlb	Ljósið	Stefan Oli	4	#3e3e40	2022-03-03	Viral 50	is
5LgU3ovyTAvJ4IRGZes5bS	All I Know	Stefan Oli	5	#3e3e40	2022-03-03	Viral 50	is
6WCrwk8hAiwqatYcTG2V2M	Bensínlaus	Atlantsolía	6	#3e3e40	2022-03-03	Viral 50	is
3yxtmMzxVUobXExlRJNcZb	Tökum af stað	Daughters of Reykjavík	7	#84bd00	2022-03-03	Viral 50	is
3Oww84xrmgjyr5J1ilOmAf	Down Under (feat. Colin Hay)	Luude	8	#84bd00	2022-03-03	Viral 50	is
2n6GNBBTehOPfiQtPGlsCg	Töfrar	Silfurtónar	9	#bd3200	2022-03-03	Viral 50	is
3o9kpgkIcffx0iSwxhuNI2	Numb Little Bug	Em Beihold	10	#bd3200	2022-03-03	Viral 50	is
6E4Lmb2YbDG8jANjCnevRK	Don't You Know (íslenska útgáfan)	Amarosis	11	#3e3e40	2022-03-03	Viral 50	is
1BhA8LbbTftmLuhSGoRV40	Hjartað mitt	Stefanía Svavarsdóttir	12	#3e3e40	2022-03-03	Viral 50	is
4lpZYPQkoe9g3w8FN8UNNw	Þaðan af	Katla	13	#84bd00	2022-03-03	Viral 50	is
45GDh5cZcRVOAyQqZWxiUt	Playboy	Jx.Zero	14	#84bd00	2022-03-03	Viral 50	is
6c5MbySvBl1Ybi9ZkuWa8N	Turn This Around	Daughters of Reykjavík	15	#bd3200	2022-03-03	Viral 50	is
4wMjRiC0lFIx7mo7EZdLGF	Volcano	Haffi Haff	16	#3e3e40	2022-03-03	Viral 50	is
04woIMsNe3heO7JRgsR0cL	Don’t You Know	Amarosis	17	#84bd00	2022-03-03	Viral 50	is
6QHXcb0eFwOKZOZ9bOFmxm	Toxic Pony	ALTÉGO, Britney Spears, Ginuwine	18	#84bd00	2022-03-03	Viral 50	is
6FiySur7YZL0Kff2YVGsEB	Right Foot Creep	YoungBoy Never Broke Again	19	#bd3200	2022-03-03	Viral 50	is
3IBL9TxT1r8E3zlrMjIlNT	Séns með þér	Hanna Mia, Astrotourists	20	#bd3200	2022-03-03	Viral 50	is
250HCdqW1C97j3MjvWlysp	Bjór	Fræbblarnir	21	#84bd00	2022-03-03	Viral 50	is
50Cf2eYv8zT3v2HAkwhIiL	Give That Wolf A Banana	Subwoolfer	22	#84bd00	2022-03-03	Viral 50	is
1AU6nlNT9nC4d22aDb7xwp	Mögulegt	Markéta Irglová	23	#84bd00	2022-03-03	Viral 50	is
6NI1jGEu4dRI1g9f6u7hB0	LaLíf	Kjartan Ólafsson	24	#bd3200	2022-03-03	Viral 50	is
7BbaIYAdi3pg4MGl6PHwPv	Monëy so big	Yeat	25	#bd3200	2022-03-03	Viral 50	is
3A4cpTBPaIQdtPFb5JxtaX	Slow Jamz	Twista, Kanye West, Jamie Foxx	26	#84bd00	2022-03-03	Viral 50	is
0LU4WGvqi88j2RjDhhN6Dm	Hækkum í botn	SUNCITY, Sanna Martinez	27	#84bd00	2022-03-03	Viral 50	is
6GomT970rCOkKAyyrwJeZi	Move Your Body	Öwnboss, Sevek	28	#84bd00	2022-03-03	Viral 50	is
1uQYkEOi0bWGxc5YPxQRJO	Baby Blue	Sigrún Stella	29	#84bd00	2022-03-03	Viral 50	is
49KTdYsWNtkvOslTpgZuM1	War	ArrDee, Aitch	30	#bd3200	2022-03-03	Viral 50	is
58HvfVOeJY7lUuCqF0m3ly	MIDDLE OF THE NIGHT	Elley Duhé	31	#84bd00	2022-03-03	Viral 50	is
1dxcQA922vdRVtSlGunpGX	Fjólublátt ljós við barinn	Klíkan	32	#bd3200	2022-03-03	Viral 50	is
3DRG3HjNz4ZzjDapuZZVOt	Svart-hvíta hetjan mín	Dúkkulísurnar	33	#4687d7	2022-03-03	Viral 50	is
259m7df2nr0yU8n9Xv5Zmg	Seinna meir	Start	34	#84bd00	2022-03-03	Viral 50	is
0P2P1AxcRYhiZvoF5MyRmM	Rumors (feat. Lil Durk)	Gucci Mane	35	#84bd00	2022-03-03	Viral 50	is
52xJxFP6TqMuO4Yt0eOkMz	We Don't Talk About Bruno	Carolina Gaitán - La Gaita, Mauro Castillo, Adassa, Rhenzy Feliz, Diane Guerrero, Stephanie Beatriz, Encanto - Cast	36	#84bd00	2022-03-03	Viral 50	is
2Xb6wJYGi0QXwURw5WWvI5	Right Down the Line	Gerry Rafferty	37	#84bd00	2022-03-03	Viral 50	is
3xRH6FPVtheDyNla3T1FE7	Hrs and Hrs	Muni Long	38	#4687d7	2022-03-03	Viral 50	is
38nkd5HL1PMbaoU7HNqxu9	intertwined	Arny Margret	39	#84bd00	2022-03-03	Viral 50	is
6nQ1B216Liiydhgn2gar0o	Material Girl	Saucy Santana	40	#4687d7	2022-03-03	Viral 50	is
6lLlsNrDFT6mfxgJBggBYj	Hvar er Guðmundur?	Jóhann Páll Jóhannsson	41	#84bd00	2022-03-03	Viral 50	is
3Ot1NYpvz95HEaAxJ1uKa6	Keep it Cool	SUNCITY, Sanna Martinez	42	#4687d7	2022-03-03	Viral 50	is
4bLL8O04PMkzYpT4sC47kd	Ástin heldur vöku	Júlí Heiðar	43	#bd3200	2022-03-03	Viral 50	is
4VtRHZ4tBDHaWltVAytlLY	Go	Cat Burns	44	#bd3200	2022-03-03	Viral 50	is
76YSWx6L6FNsuaP6GWBb8P	All For Us	Labrinth, Zendaya	45	#bd3200	2022-03-03	Viral 50	is
79nEEoEPY2w8EXj9hjn5oc	Ginseng Strip 2002	Yung Lean	46	#4687d7	2022-03-03	Viral 50	is
6SzNZUQsMN41QlUU0P5oGx	Possible	Markéta Irglová	47	#3e3e40	2022-03-03	Viral 50	is
1ZMGp9MTXbtAPvcKa0U3zS	Brividi	Mahmood, BLANCO	48	#3e3e40	2022-03-03	Viral 50	is
6K5ph5mq1qprHae3TrgTj5	"Surface Pressure - From ""Encanto""/Soundtrack Version"	Jessica Darrow	49	#4687d7	2022-03-03	Viral 50	is
3gCq7rgDpU2Zv2ni5M5XWR	1944	Jamala	50	#bd3200	2022-03-03	Viral 50	is
7u0iiYvFoI3qI6tFe8JT6t	Elísabet	Pétur Örn Guðmundsson	1	#3e3e40	2022-03-04	Viral 50	is
4t3gM4Rl5rz5du0Qn2Yd8K	Með hækkandi sól	Sigga Eyþórs, Beta Ey, Elín Ey	2	#3e3e40	2022-03-04	Viral 50	is
33i76siNTo39XfYo8oqEzY	Gía	Haffi Haff	3	#3e3e40	2022-03-04	Viral 50	is
3jx6wsXt6OOgw0mQIlmWlb	Ljósið	Stefan Oli	4	#3e3e40	2022-03-04	Viral 50	is
5LgU3ovyTAvJ4IRGZes5bS	All I Know	Stefan Oli	5	#3e3e40	2022-03-04	Viral 50	is
6WCrwk8hAiwqatYcTG2V2M	Bensínlaus	Atlantsolía	6	#3e3e40	2022-03-04	Viral 50	is
3yxtmMzxVUobXExlRJNcZb	Tökum af stað	Daughters of Reykjavík	7	#3e3e40	2022-03-04	Viral 50	is
3o9kpgkIcffx0iSwxhuNI2	Numb Little Bug	Em Beihold	8	#84bd00	2022-03-04	Viral 50	is
3Oww84xrmgjyr5J1ilOmAf	Down Under (feat. Colin Hay)	Luude	9	#bd3200	2022-03-04	Viral 50	is
6E4Lmb2YbDG8jANjCnevRK	Don't You Know (íslenska útgáfan)	Amarosis	10	#84bd00	2022-03-04	Viral 50	is
2n6GNBBTehOPfiQtPGlsCg	Töfrar	Silfurtónar	11	#bd3200	2022-03-04	Viral 50	is
4lpZYPQkoe9g3w8FN8UNNw	Þaðan af	Katla	12	#84bd00	2022-03-04	Viral 50	is
1BhA8LbbTftmLuhSGoRV40	Hjartað mitt	Stefanía Svavarsdóttir	13	#bd3200	2022-03-04	Viral 50	is
45GDh5cZcRVOAyQqZWxiUt	Playboy	Jx.Zero	14	#3e3e40	2022-03-04	Viral 50	is
04woIMsNe3heO7JRgsR0cL	Don’t You Know	Amarosis	15	#84bd00	2022-03-04	Viral 50	is
6c5MbySvBl1Ybi9ZkuWa8N	Turn This Around	Daughters of Reykjavík	16	#bd3200	2022-03-04	Viral 50	is
3IBL9TxT1r8E3zlrMjIlNT	Séns með þér	Hanna Mia, Astrotourists	17	#84bd00	2022-03-04	Viral 50	is
4wMjRiC0lFIx7mo7EZdLGF	Volcano	Haffi Haff	18	#bd3200	2022-03-04	Viral 50	is
1AU6nlNT9nC4d22aDb7xwp	Mögulegt	Markéta Irglová	19	#84bd00	2022-03-04	Viral 50	is
6QHXcb0eFwOKZOZ9bOFmxm	Toxic Pony	ALTÉGO, Britney Spears, Ginuwine	20	#bd3200	2022-03-04	Viral 50	is
6FiySur7YZL0Kff2YVGsEB	Right Foot Creep	YoungBoy Never Broke Again	21	#bd3200	2022-03-04	Viral 50	is
7BbaIYAdi3pg4MGl6PHwPv	Monëy so big	Yeat	22	#84bd00	2022-03-04	Viral 50	is
250HCdqW1C97j3MjvWlysp	Bjór	Fræbblarnir	23	#bd3200	2022-03-04	Viral 50	is
0LU4WGvqi88j2RjDhhN6Dm	Hækkum í botn	SUNCITY, Sanna Martinez	24	#84bd00	2022-03-04	Viral 50	is
6NI1jGEu4dRI1g9f6u7hB0	LaLíf	Kjartan Ólafsson	25	#bd3200	2022-03-04	Viral 50	is
49KTdYsWNtkvOslTpgZuM1	War	ArrDee, Aitch	26	#84bd00	2022-03-04	Viral 50	is
3A4cpTBPaIQdtPFb5JxtaX	Slow Jamz	Twista, Kanye West, Jamie Foxx	27	#bd3200	2022-03-04	Viral 50	is
6GomT970rCOkKAyyrwJeZi	Move Your Body	Öwnboss, Sevek	28	#3e3e40	2022-03-04	Viral 50	is
37ROoLBH0Z5rQiDeHzHn2l	Svart-hvíta hetjan mín	Dúkkulísurnar	29	#4687d7	2022-03-04	Viral 50	is
58HvfVOeJY7lUuCqF0m3ly	MIDDLE OF THE NIGHT	Elley Duhé	30	#84bd00	2022-03-04	Viral 50	is
259m7df2nr0yU8n9Xv5Zmg	Seinna meir	Start	31	#84bd00	2022-03-04	Viral 50	is
4bLL8O04PMkzYpT4sC47kd	Ástin heldur vöku	Júlí Heiðar	32	#84bd00	2022-03-04	Viral 50	is
4heBcjj4Lw3X2sQVFNbLbz	Scared Money (feat. J. Cole and Moneybagg Yo)	YG	33	#4687d7	2022-03-04	Viral 50	is
76YSWx6L6FNsuaP6GWBb8P	All For Us	Labrinth, Zendaya	34	#84bd00	2022-03-04	Viral 50	is
1uQYkEOi0bWGxc5YPxQRJO	Baby Blue	Sigrún Stella	35	#bd3200	2022-03-04	Viral 50	is
52xJxFP6TqMuO4Yt0eOkMz	We Don't Talk About Bruno	Carolina Gaitán - La Gaita, Mauro Castillo, Adassa, Rhenzy Feliz, Diane Guerrero, Stephanie Beatriz, Encanto - Cast	36	#3e3e40	2022-03-04	Viral 50	is
50Cf2eYv8zT3v2HAkwhIiL	Give That Wolf A Banana	Subwoolfer	37	#bd3200	2022-03-04	Viral 50	is
6D7UmVOpb3eZSzQ0odYc0j	FLOTT	FLOTT	38	#4687d7	2022-03-04	Viral 50	is
3Ot1NYpvz95HEaAxJ1uKa6	Keep it Cool	SUNCITY, Sanna Martinez	39	#84bd00	2022-03-04	Viral 50	is
3xRH6FPVtheDyNla3T1FE7	Hrs and Hrs	Muni Long	40	#bd3200	2022-03-04	Viral 50	is
6nQ1B216Liiydhgn2gar0o	Material Girl	Saucy Santana	41	#bd3200	2022-03-04	Viral 50	is
1dxcQA922vdRVtSlGunpGX	Fjólublátt ljós við barinn	Klíkan	42	#bd3200	2022-03-04	Viral 50	is
7Fege3yv4dvehB3NdRBGwI	Banking On Me	Gunna	43	#4687d7	2022-03-04	Viral 50	is
6lLlsNrDFT6mfxgJBggBYj	Hvar er Guðmundur?	Jóhann Páll Jóhannsson	44	#bd3200	2022-03-04	Viral 50	is
3IPGG5Niex4hGlXFOYWzp9	Don't Play That	King Von, 21 Savage	45	#4687d7	2022-03-04	Viral 50	is
6SzNZUQsMN41QlUU0P5oGx	Possible	Markéta Irglová	46	#84bd00	2022-03-04	Viral 50	is
79nEEoEPY2w8EXj9hjn5oc	Ginseng Strip 2002	Yung Lean	47	#bd3200	2022-03-04	Viral 50	is
38nkd5HL1PMbaoU7HNqxu9	intertwined	Arny Margret	48	#bd3200	2022-03-04	Viral 50	is
2Xb6wJYGi0QXwURw5WWvI5	Right Down the Line	Gerry Rafferty	49	#bd3200	2022-03-04	Viral 50	is
4VtRHZ4tBDHaWltVAytlLY	Go	Cat Burns	50	#bd3200	2022-03-04	Viral 50	is
4t3gM4Rl5rz5du0Qn2Yd8K	Með hækkandi sól	Sigga Eyþórs, Beta Ey, Elín Ey	1	#84bd00	2022-03-05	Viral 50	is
7u0iiYvFoI3qI6tFe8JT6t	Elísabet	Pétur Örn Guðmundsson	2	#bd3200	2022-03-05	Viral 50	is
33i76siNTo39XfYo8oqEzY	Gía	Haffi Haff	3	#3e3e40	2022-03-05	Viral 50	is
3jx6wsXt6OOgw0mQIlmWlb	Ljósið	Stefan Oli	4	#3e3e40	2022-03-05	Viral 50	is
4lpZYPQkoe9g3w8FN8UNNw	Þaðan af	Katla	5	#84bd00	2022-03-05	Viral 50	is
6WCrwk8hAiwqatYcTG2V2M	Bensínlaus	Atlantsolía	6	#3e3e40	2022-03-05	Viral 50	is
3yxtmMzxVUobXExlRJNcZb	Tökum af stað	Daughters of Reykjavík	7	#3e3e40	2022-03-05	Viral 50	is
3Oww84xrmgjyr5J1ilOmAf	Down Under (feat. Colin Hay)	Luude	8	#84bd00	2022-03-05	Viral 50	is
3o9kpgkIcffx0iSwxhuNI2	Numb Little Bug	Em Beihold	9	#bd3200	2022-03-05	Viral 50	is
2n6GNBBTehOPfiQtPGlsCg	Töfrar	Silfurtónar	10	#84bd00	2022-03-05	Viral 50	is
1AU6nlNT9nC4d22aDb7xwp	Mögulegt	Markéta Irglová	11	#84bd00	2022-03-05	Viral 50	is
6c5MbySvBl1Ybi9ZkuWa8N	Turn This Around	Daughters of Reykjavík	12	#84bd00	2022-03-05	Viral 50	is
04woIMsNe3heO7JRgsR0cL	Don’t You Know	Amarosis	13	#84bd00	2022-03-05	Viral 50	is
45GDh5cZcRVOAyQqZWxiUt	Playboy	Jx.Zero	14	#3e3e40	2022-03-05	Viral 50	is
5LgU3ovyTAvJ4IRGZes5bS	All I Know	Stefan Oli	15	#bd3200	2022-03-05	Viral 50	is
7BbaIYAdi3pg4MGl6PHwPv	Monëy so big	Yeat	16	#84bd00	2022-03-05	Viral 50	is
6E4Lmb2YbDG8jANjCnevRK	Don't You Know (íslenska útgáfan)	Amarosis	17	#bd3200	2022-03-05	Viral 50	is
3IBL9TxT1r8E3zlrMjIlNT	Séns með þér	Hanna Mia, Astrotourists	18	#bd3200	2022-03-05	Viral 50	is
1BhA8LbbTftmLuhSGoRV40	Hjartað mitt	Stefanía Svavarsdóttir	19	#bd3200	2022-03-05	Viral 50	is
0LU4WGvqi88j2RjDhhN6Dm	Hækkum í botn	SUNCITY, Sanna Martinez	20	#84bd00	2022-03-05	Viral 50	is
6QHXcb0eFwOKZOZ9bOFmxm	Toxic Pony	ALTÉGO, Britney Spears, Ginuwine	21	#bd3200	2022-03-05	Viral 50	is
4wMjRiC0lFIx7mo7EZdLGF	Volcano	Haffi Haff	22	#bd3200	2022-03-05	Viral 50	is
250HCdqW1C97j3MjvWlysp	Bjór	Fræbblarnir	23	#3e3e40	2022-03-05	Viral 50	is
6FiySur7YZL0Kff2YVGsEB	Right Foot Creep	YoungBoy Never Broke Again	24	#bd3200	2022-03-05	Viral 50	is
5wuD1oRGdrxLMCjOEIeYzH	Then Again	Katla	25	#4687d7	2022-03-05	Viral 50	is
6NI1jGEu4dRI1g9f6u7hB0	LaLíf	Kjartan Ólafsson	26	#bd3200	2022-03-05	Viral 50	is
4bLL8O04PMkzYpT4sC47kd	Ástin heldur vöku	Júlí Heiðar	27	#84bd00	2022-03-05	Viral 50	is
6GomT970rCOkKAyyrwJeZi	Move Your Body	Öwnboss, Sevek	28	#3e3e40	2022-03-05	Viral 50	is
58HvfVOeJY7lUuCqF0m3ly	MIDDLE OF THE NIGHT	Elley Duhé	29	#84bd00	2022-03-05	Viral 50	is
49KTdYsWNtkvOslTpgZuM1	War	ArrDee, Aitch	30	#bd3200	2022-03-05	Viral 50	is
7Fege3yv4dvehB3NdRBGwI	Banking On Me	Gunna	31	#84bd00	2022-03-05	Viral 50	is
37ROoLBH0Z5rQiDeHzHn2l	Svart-hvíta hetjan mín	Dúkkulísurnar	32	#bd3200	2022-03-05	Viral 50	is
6D7UmVOpb3eZSzQ0odYc0j	FLOTT	FLOTT	33	#84bd00	2022-03-05	Viral 50	is
259m7df2nr0yU8n9Xv5Zmg	Seinna meir	Start	34	#bd3200	2022-03-05	Viral 50	is
3Ot1NYpvz95HEaAxJ1uKa6	Keep it Cool	SUNCITY, Sanna Martinez	35	#84bd00	2022-03-05	Viral 50	is
79nEEoEPY2w8EXj9hjn5oc	Ginseng Strip 2002	Yung Lean	36	#84bd00	2022-03-05	Viral 50	is
50Cf2eYv8zT3v2HAkwhIiL	Give That Wolf A Banana	Subwoolfer	37	#3e3e40	2022-03-05	Viral 50	is
1uQYkEOi0bWGxc5YPxQRJO	Baby Blue	Sigrún Stella	38	#bd3200	2022-03-05	Viral 50	is
6lLlsNrDFT6mfxgJBggBYj	Hvar er Guðmundur?	Jóhann Páll Jóhannsson	39	#84bd00	2022-03-05	Viral 50	is
6nQ1B216Liiydhgn2gar0o	Material Girl	Saucy Santana	40	#84bd00	2022-03-05	Viral 50	is
3xRH6FPVtheDyNla3T1FE7	Hrs and Hrs	Muni Long	41	#bd3200	2022-03-05	Viral 50	is
1dxcQA922vdRVtSlGunpGX	Fjólublátt ljós við barinn	Klíkan	42	#3e3e40	2022-03-05	Viral 50	is
3IPGG5Niex4hGlXFOYWzp9	Don't Play That	King Von, 21 Savage	43	#84bd00	2022-03-05	Viral 50	is
6SzNZUQsMN41QlUU0P5oGx	Possible	Markéta Irglová	44	#84bd00	2022-03-05	Viral 50	is
6K5ph5mq1qprHae3TrgTj5	"Surface Pressure - From ""Encanto""/Soundtrack Version"	Jessica Darrow	45	#4687d7	2022-03-05	Viral 50	is
3A4cpTBPaIQdtPFb5JxtaX	Slow Jamz	Twista, Kanye West, Jamie Foxx	46	#bd3200	2022-03-05	Viral 50	is
2Xb6wJYGi0QXwURw5WWvI5	Right Down the Line	Gerry Rafferty	47	#84bd00	2022-03-05	Viral 50	is
4heBcjj4Lw3X2sQVFNbLbz	Scared Money (feat. J. Cole and Moneybagg Yo)	YG	48	#bd3200	2022-03-05	Viral 50	is
1DxRMgLoWXgmIFF2Unp5pD	Packs and Potions	HAZEY	49	#4687d7	2022-03-05	Viral 50	is
4VtRHZ4tBDHaWltVAytlLY	Go	Cat Burns	50	#3e3e40	2022-03-05	Viral 50	is
4t3gM4Rl5rz5du0Qn2Yd8K	Með hækkandi sól	Sigga Eyþórs, Beta Ey, Elín Ey	1	#3e3e40	2022-03-06	Viral 50	is
4lpZYPQkoe9g3w8FN8UNNw	Þaðan af	Katla	2	#84bd00	2022-03-06	Viral 50	is
33i76siNTo39XfYo8oqEzY	Gía	Haffi Haff	3	#3e3e40	2022-03-06	Viral 50	is
3jx6wsXt6OOgw0mQIlmWlb	Ljósið	Stefan Oli	4	#3e3e40	2022-03-06	Viral 50	is
3yxtmMzxVUobXExlRJNcZb	Tökum af stað	Daughters of Reykjavík	5	#84bd00	2022-03-06	Viral 50	is
6WCrwk8hAiwqatYcTG2V2M	Bensínlaus	Atlantsolía	6	#3e3e40	2022-03-06	Viral 50	is
3Oww84xrmgjyr5J1ilOmAf	Down Under (feat. Colin Hay)	Luude	7	#84bd00	2022-03-06	Viral 50	is
7u0iiYvFoI3qI6tFe8JT6t	Elísabet	Pétur Örn Guðmundsson	8	#bd3200	2022-03-06	Viral 50	is
3o9kpgkIcffx0iSwxhuNI2	Numb Little Bug	Em Beihold	9	#3e3e40	2022-03-06	Viral 50	is
6c5MbySvBl1Ybi9ZkuWa8N	Turn This Around	Daughters of Reykjavík	10	#84bd00	2022-03-06	Viral 50	is
2n6GNBBTehOPfiQtPGlsCg	Töfrar	Silfurtónar	11	#bd3200	2022-03-06	Viral 50	is
45GDh5cZcRVOAyQqZWxiUt	Playboy	Jx.Zero	12	#84bd00	2022-03-06	Viral 50	is
1AU6nlNT9nC4d22aDb7xwp	Mögulegt	Markéta Irglová	13	#bd3200	2022-03-06	Viral 50	is
04woIMsNe3heO7JRgsR0cL	Don’t You Know	Amarosis	14	#bd3200	2022-03-06	Viral 50	is
6E4Lmb2YbDG8jANjCnevRK	Don't You Know (íslenska útgáfan)	Amarosis	15	#84bd00	2022-03-06	Viral 50	is
3IBL9TxT1r8E3zlrMjIlNT	Séns með þér	Hanna Mia, Astrotourists	16	#84bd00	2022-03-06	Viral 50	is
5LgU3ovyTAvJ4IRGZes5bS	All I Know	Stefan Oli	17	#bd3200	2022-03-06	Viral 50	is
7BbaIYAdi3pg4MGl6PHwPv	Monëy so big	Yeat	18	#bd3200	2022-03-06	Viral 50	is
0LU4WGvqi88j2RjDhhN6Dm	Hækkum í botn	SUNCITY, Sanna Martinez	19	#84bd00	2022-03-06	Viral 50	is
5wuD1oRGdrxLMCjOEIeYzH	Then Again	Katla	20	#84bd00	2022-03-06	Viral 50	is
6QHXcb0eFwOKZOZ9bOFmxm	Toxic Pony	ALTÉGO, Britney Spears, Ginuwine	21	#3e3e40	2022-03-06	Viral 50	is
3DRG3HjNz4ZzjDapuZZVOt	Svart-hvíta hetjan mín	Dúkkulísurnar	22	#84bd00	2022-03-06	Viral 50	is
250HCdqW1C97j3MjvWlysp	Bjór	Fræbblarnir	23	#3e3e40	2022-03-06	Viral 50	is
6FiySur7YZL0Kff2YVGsEB	Right Foot Creep	YoungBoy Never Broke Again	24	#3e3e40	2022-03-06	Viral 50	is
6NI1jGEu4dRI1g9f6u7hB0	LaLíf	Kjartan Ólafsson	25	#84bd00	2022-03-06	Viral 50	is
49KTdYsWNtkvOslTpgZuM1	War	ArrDee, Aitch	26	#84bd00	2022-03-06	Viral 50	is
4wMjRiC0lFIx7mo7EZdLGF	Volcano	Haffi Haff	27	#bd3200	2022-03-06	Viral 50	is
6D7UmVOpb3eZSzQ0odYc0j	FLOTT	FLOTT	28	#84bd00	2022-03-06	Viral 50	is
6GomT970rCOkKAyyrwJeZi	Move Your Body	Öwnboss, Sevek	29	#bd3200	2022-03-06	Viral 50	is
4bLL8O04PMkzYpT4sC47kd	Ástin heldur vöku	Júlí Heiðar	30	#bd3200	2022-03-06	Viral 50	is
50Cf2eYv8zT3v2HAkwhIiL	Give That Wolf A Banana	Subwoolfer	31	#84bd00	2022-03-06	Viral 50	is
6lLlsNrDFT6mfxgJBggBYj	Hvar er Guðmundur?	Jóhann Páll Jóhannsson	32	#84bd00	2022-03-06	Viral 50	is
259m7df2nr0yU8n9Xv5Zmg	Seinna meir	Start	33	#84bd00	2022-03-06	Viral 50	is
3Ot1NYpvz95HEaAxJ1uKa6	Keep it Cool	SUNCITY, Sanna Martinez	34	#84bd00	2022-03-06	Viral 50	is
1uQYkEOi0bWGxc5YPxQRJO	Baby Blue	Sigrún Stella	35	#84bd00	2022-03-06	Viral 50	is
7Fege3yv4dvehB3NdRBGwI	Banking On Me	Gunna	36	#bd3200	2022-03-06	Viral 50	is
3IPGG5Niex4hGlXFOYWzp9	Don't Play That	King Von, 21 Savage	37	#84bd00	2022-03-06	Viral 50	is
3xRH6FPVtheDyNla3T1FE7	Hrs and Hrs	Muni Long	38	#84bd00	2022-03-06	Viral 50	is
1dxcQA922vdRVtSlGunpGX	Fjólublátt ljós við barinn	Klíkan	39	#84bd00	2022-03-06	Viral 50	is
6SzNZUQsMN41QlUU0P5oGx	Possible	Markéta Irglová	40	#84bd00	2022-03-06	Viral 50	is
5vUnjhBzRJJIAOJPde6zDx	TO THE MOON	Jnr Choi, Sam Tompkins	41	#4687d7	2022-03-06	Viral 50	is
2Xb6wJYGi0QXwURw5WWvI5	Right Down the Line	Gerry Rafferty	42	#84bd00	2022-03-06	Viral 50	is
79nEEoEPY2w8EXj9hjn5oc	Ginseng Strip 2002	Yung Lean	43	#bd3200	2022-03-06	Viral 50	is
1DxRMgLoWXgmIFF2Unp5pD	Packs and Potions	HAZEY	44	#84bd00	2022-03-06	Viral 50	is
58HvfVOeJY7lUuCqF0m3ly	MIDDLE OF THE NIGHT	Elley Duhé	45	#bd3200	2022-03-06	Viral 50	is
6K5ph5mq1qprHae3TrgTj5	"Surface Pressure - From ""Encanto""/Soundtrack Version"	Jessica Darrow	46	#bd3200	2022-03-06	Viral 50	is
6nQ1B216Liiydhgn2gar0o	Material Girl	Saucy Santana	47	#bd3200	2022-03-06	Viral 50	is
4heBcjj4Lw3X2sQVFNbLbz	Scared Money (feat. J. Cole and Moneybagg Yo)	YG	48	#3e3e40	2022-03-06	Viral 50	is
52xJxFP6TqMuO4Yt0eOkMz	We Don't Talk About Bruno	Carolina Gaitán - La Gaita, Mauro Castillo, Adassa, Rhenzy Feliz, Diane Guerrero, Stephanie Beatriz, Encanto - Cast	49	#4687d7	2022-03-06	Viral 50	is
3A4cpTBPaIQdtPFb5JxtaX	Slow Jamz	Twista, Kanye West, Jamie Foxx	50	#bd3200	2022-03-06	Viral 50	is
4t3gM4Rl5rz5du0Qn2Yd8K	Með hækkandi sól	Sigga Eyþórs, Beta Ey, Elín Ey	1	#3e3e40	2022-03-07	Viral 50	is
4lpZYPQkoe9g3w8FN8UNNw	Þaðan af	Katla	2	#3e3e40	2022-03-07	Viral 50	is
4huBDGP4I3S0pYI0EaRN1c	City of Gods	Fivio Foreign, Kanye West, Alicia Keys	3	#4687d7	2022-03-07	Viral 50	is
3jx6wsXt6OOgw0mQIlmWlb	Ljósið	Stefan Oli	4	#3e3e40	2022-03-07	Viral 50	is
3yxtmMzxVUobXExlRJNcZb	Tökum af stað	Daughters of Reykjavík	5	#3e3e40	2022-03-07	Viral 50	is
6c5MbySvBl1Ybi9ZkuWa8N	Turn This Around	Daughters of Reykjavík	6	#84bd00	2022-03-07	Viral 50	is
6WCrwk8hAiwqatYcTG2V2M	Bensínlaus	Atlantsolía	7	#bd3200	2022-03-07	Viral 50	is
33i76siNTo39XfYo8oqEzY	Gía	Haffi Haff	8	#bd3200	2022-03-07	Viral 50	is
3o9kpgkIcffx0iSwxhuNI2	Numb Little Bug	Em Beihold	9	#3e3e40	2022-03-07	Viral 50	is
3Oww84xrmgjyr5J1ilOmAf	Down Under (feat. Colin Hay)	Luude	10	#bd3200	2022-03-07	Viral 50	is
5wuD1oRGdrxLMCjOEIeYzH	Then Again	Katla	11	#84bd00	2022-03-07	Viral 50	is
6E4Lmb2YbDG8jANjCnevRK	Don't You Know (íslenska útgáfan)	Amarosis	12	#84bd00	2022-03-07	Viral 50	is
1AU6nlNT9nC4d22aDb7xwp	Mögulegt	Markéta Irglová	13	#3e3e40	2022-03-07	Viral 50	is
04woIMsNe3heO7JRgsR0cL	Don’t You Know	Amarosis	14	#3e3e40	2022-03-07	Viral 50	is
45GDh5cZcRVOAyQqZWxiUt	Playboy	Jx.Zero	15	#bd3200	2022-03-07	Viral 50	is
3IBL9TxT1r8E3zlrMjIlNT	Séns með þér	Hanna Mia, Astrotourists	16	#3e3e40	2022-03-07	Viral 50	is
7u0iiYvFoI3qI6tFe8JT6t	Elísabet	Pétur Örn Guðmundsson	17	#bd3200	2022-03-07	Viral 50	is
0LU4WGvqi88j2RjDhhN6Dm	Hækkum í botn	SUNCITY, Sanna Martinez	18	#84bd00	2022-03-07	Viral 50	is
2n6GNBBTehOPfiQtPGlsCg	Töfrar	Silfurtónar	19	#bd3200	2022-03-07	Viral 50	is
5LgU3ovyTAvJ4IRGZes5bS	All I Know	Stefan Oli	20	#bd3200	2022-03-07	Viral 50	is
7BbaIYAdi3pg4MGl6PHwPv	Monëy so big	Yeat	21	#bd3200	2022-03-07	Viral 50	is
6QHXcb0eFwOKZOZ9bOFmxm	Toxic Pony	ALTÉGO, Britney Spears, Ginuwine	22	#bd3200	2022-03-07	Viral 50	is
59CfNbkERJ3NoTXDvoURjj	Boyfriend	Dove Cameron	23	#4687d7	2022-03-07	Viral 50	is
50Cf2eYv8zT3v2HAkwhIiL	Give That Wolf A Banana	Subwoolfer	24	#84bd00	2022-03-07	Viral 50	is
49KTdYsWNtkvOslTpgZuM1	War	ArrDee, Aitch	25	#84bd00	2022-03-07	Viral 50	is
3FMedgGsLUNwx8NciePFEK	Reggae & Calypso (Russ Millions x Buni x YV)	Russ Millions	26	#4687d7	2022-03-07	Viral 50	is
6FiySur7YZL0Kff2YVGsEB	Right Foot Creep	YoungBoy Never Broke Again	27	#bd3200	2022-03-07	Viral 50	is
250HCdqW1C97j3MjvWlysp	Bjór	Fræbblarnir	28	#bd3200	2022-03-07	Viral 50	is
0N0h5lXc4HOiLgGb9EZi8m	Rocking A Cardigan in Atlanta	lil Shordie Scott	29	#4687d7	2022-03-07	Viral 50	is
6D7UmVOpb3eZSzQ0odYc0j	FLOTT	FLOTT	30	#bd3200	2022-03-07	Viral 50	is
3Ot1NYpvz95HEaAxJ1uKa6	Keep it Cool	SUNCITY, Sanna Martinez	31	#84bd00	2022-03-07	Viral 50	is
1ri9ZUkBJVFUdgwzCnfcYs	MAMIII	Becky G, KAROL G	32	#4687d7	2022-03-07	Viral 50	is
7Fege3yv4dvehB3NdRBGwI	Banking On Me	Gunna	33	#84bd00	2022-03-07	Viral 50	is
6GomT970rCOkKAyyrwJeZi	Move Your Body	Öwnboss, Sevek	34	#bd3200	2022-03-07	Viral 50	is
4bLL8O04PMkzYpT4sC47kd	Ástin heldur vöku	Júlí Heiðar	35	#bd3200	2022-03-07	Viral 50	is
37ROoLBH0Z5rQiDeHzHn2l	Svart-hvíta hetjan mín	Dúkkulísurnar	36	#4687d7	2022-03-07	Viral 50	is
6SzNZUQsMN41QlUU0P5oGx	Possible	Markéta Irglová	37	#84bd00	2022-03-07	Viral 50	is
0rNIEBlBuo5108lnHyGbqJ	Eat Your Salad	Citi Zēni	38	#4687d7	2022-03-07	Viral 50	is
52xJxFP6TqMuO4Yt0eOkMz	We Don't Talk About Bruno	Carolina Gaitán - La Gaita, Mauro Castillo, Adassa, Rhenzy Feliz, Diane Guerrero, Stephanie Beatriz, Encanto - Cast	39	#84bd00	2022-03-07	Viral 50	is
2WL6GQzPuK9Nrpy9XwNEbz	Something In The Way - Remastered	Nirvana	40	#4687d7	2022-03-07	Viral 50	is
259m7df2nr0yU8n9Xv5Zmg	Seinna meir	Start	41	#bd3200	2022-03-07	Viral 50	is
1uQYkEOi0bWGxc5YPxQRJO	Baby Blue	Sigrún Stella	42	#bd3200	2022-03-07	Viral 50	is
4wMjRiC0lFIx7mo7EZdLGF	Volcano	Haffi Haff	43	#bd3200	2022-03-07	Viral 50	is
58HvfVOeJY7lUuCqF0m3ly	MIDDLE OF THE NIGHT	Elley Duhé	44	#84bd00	2022-03-07	Viral 50	is
7rdIKBTAQm4nLlpA5E8DBI	Shake	Ishowsped	45	#4687d7	2022-03-07	Viral 50	is
0zCgWGmDF0aih5qexATyBn	After Dark	Mr.Kitty	46	#4687d7	2022-03-07	Viral 50	is
5vUnjhBzRJJIAOJPde6zDx	TO THE MOON	Jnr Choi, Sam Tompkins	47	#bd3200	2022-03-07	Viral 50	is
79nEEoEPY2w8EXj9hjn5oc	Ginseng Strip 2002	Yung Lean	48	#bd3200	2022-03-07	Viral 50	is
2AAyBZmMVZSZfgzXRYJOWQ	emo girl (feat. WILLOW)	Machine Gun Kelly	49	#4687d7	2022-03-07	Viral 50	is
0unPBMjVwn0HpWget3DBze	Stefania (Kalush Orchestra)	KALUSH	50	#4687d7	2022-03-07	Viral 50	is
4lpZYPQkoe9g3w8FN8UNNw	Þaðan af	Katla	1	#84bd00	2022-03-08	Viral 50	is
4t3gM4Rl5rz5du0Qn2Yd8K	Með hækkandi sól	Sigga Eyþórs, Beta Ey, Elín Ey	2	#bd3200	2022-03-08	Viral 50	is
4huBDGP4I3S0pYI0EaRN1c	City of Gods	Fivio Foreign, Kanye West, Alicia Keys	3	#3e3e40	2022-03-08	Viral 50	is
3jx6wsXt6OOgw0mQIlmWlb	Ljósið	Stefan Oli	4	#3e3e40	2022-03-08	Viral 50	is
3yxtmMzxVUobXExlRJNcZb	Tökum af stað	Daughters of Reykjavík	5	#3e3e40	2022-03-08	Viral 50	is
6c5MbySvBl1Ybi9ZkuWa8N	Turn This Around	Daughters of Reykjavík	6	#3e3e40	2022-03-08	Viral 50	is
3o9kpgkIcffx0iSwxhuNI2	Numb Little Bug	Em Beihold	7	#84bd00	2022-03-08	Viral 50	is
5wuD1oRGdrxLMCjOEIeYzH	Then Again	Katla	8	#84bd00	2022-03-08	Viral 50	is
6WCrwk8hAiwqatYcTG2V2M	Bensínlaus	Atlantsolía	9	#bd3200	2022-03-08	Viral 50	is
04woIMsNe3heO7JRgsR0cL	Don’t You Know	Amarosis	10	#84bd00	2022-03-08	Viral 50	is
3Oww84xrmgjyr5J1ilOmAf	Down Under (feat. Colin Hay)	Luude	11	#bd3200	2022-03-08	Viral 50	is
59CfNbkERJ3NoTXDvoURjj	Boyfriend	Dove Cameron	12	#84bd00	2022-03-08	Viral 50	is
33i76siNTo39XfYo8oqEzY	Gía	Haffi Haff	13	#bd3200	2022-03-08	Viral 50	is
6E4Lmb2YbDG8jANjCnevRK	Don't You Know (íslenska útgáfan)	Amarosis	14	#bd3200	2022-03-08	Viral 50	is
5LgU3ovyTAvJ4IRGZes5bS	All I Know	Stefan Oli	15	#84bd00	2022-03-08	Viral 50	is
3IBL9TxT1r8E3zlrMjIlNT	Séns með þér	Hanna Mia, Astrotourists	16	#3e3e40	2022-03-08	Viral 50	is
45GDh5cZcRVOAyQqZWxiUt	Playboy	Jx.Zero	17	#bd3200	2022-03-08	Viral 50	is
0LU4WGvqi88j2RjDhhN6Dm	Hækkum í botn	SUNCITY, Sanna Martinez	18	#3e3e40	2022-03-08	Viral 50	is
1AU6nlNT9nC4d22aDb7xwp	Mögulegt	Markéta Irglová	19	#bd3200	2022-03-08	Viral 50	is
2n6GNBBTehOPfiQtPGlsCg	Töfrar	Silfurtónar	20	#bd3200	2022-03-08	Viral 50	is
7BbaIYAdi3pg4MGl6PHwPv	Monëy so big	Yeat	21	#3e3e40	2022-03-08	Viral 50	is
3DRG3HjNz4ZzjDapuZZVOt	Svart-hvíta hetjan mín	Dúkkulísurnar	22	#84bd00	2022-03-08	Viral 50	is
3FMedgGsLUNwx8NciePFEK	Reggae & Calypso (Russ Millions x Buni x YV)	Russ Millions	23	#84bd00	2022-03-08	Viral 50	is
6QHXcb0eFwOKZOZ9bOFmxm	Toxic Pony	ALTÉGO, Britney Spears, Ginuwine	24	#bd3200	2022-03-08	Viral 50	is
7u0iiYvFoI3qI6tFe8JT6t	Elísabet	Pétur Örn Guðmundsson	25	#bd3200	2022-03-08	Viral 50	is
4bLL8O04PMkzYpT4sC47kd	Ástin heldur vöku	Júlí Heiðar	26	#84bd00	2022-03-08	Viral 50	is
2WL6GQzPuK9Nrpy9XwNEbz	Something In The Way - Remastered	Nirvana	27	#84bd00	2022-03-08	Viral 50	is
6FiySur7YZL0Kff2YVGsEB	Right Foot Creep	YoungBoy Never Broke Again	28	#bd3200	2022-03-08	Viral 50	is
0N0h5lXc4HOiLgGb9EZi8m	Rocking A Cardigan in Atlanta	lil Shordie Scott	29	#3e3e40	2022-03-08	Viral 50	is
6GomT970rCOkKAyyrwJeZi	Move Your Body	Öwnboss, Sevek	30	#84bd00	2022-03-08	Viral 50	is
3Ot1NYpvz95HEaAxJ1uKa6	Keep it Cool	SUNCITY, Sanna Martinez	31	#3e3e40	2022-03-08	Viral 50	is
1ri9ZUkBJVFUdgwzCnfcYs	MAMIII	Becky G, KAROL G	32	#3e3e40	2022-03-08	Viral 50	is
50Cf2eYv8zT3v2HAkwhIiL	Give That Wolf A Banana	Subwoolfer	33	#bd3200	2022-03-08	Viral 50	is
250HCdqW1C97j3MjvWlysp	Bjór	Fræbblarnir	34	#bd3200	2022-03-08	Viral 50	is
7Fege3yv4dvehB3NdRBGwI	Banking On Me	Gunna	35	#bd3200	2022-03-08	Viral 50	is
6D7UmVOpb3eZSzQ0odYc0j	FLOTT	FLOTT	36	#bd3200	2022-03-08	Viral 50	is
49KTdYsWNtkvOslTpgZuM1	War	ArrDee, Aitch	37	#bd3200	2022-03-08	Viral 50	is
7rdIKBTAQm4nLlpA5E8DBI	Shake	Ishowsped	38	#84bd00	2022-03-08	Viral 50	is
0rNIEBlBuo5108lnHyGbqJ	Eat Your Salad	Citi Zēni	39	#bd3200	2022-03-08	Viral 50	is
4wMjRiC0lFIx7mo7EZdLGF	Volcano	Haffi Haff	40	#84bd00	2022-03-08	Viral 50	is
58HvfVOeJY7lUuCqF0m3ly	MIDDLE OF THE NIGHT	Elley Duhé	41	#84bd00	2022-03-08	Viral 50	is
4MKOj49FQ3dlI9gqCOIjIn	Pump 101	Digga D, Still Brickin'	42	#4687d7	2022-03-08	Viral 50	is
6SzNZUQsMN41QlUU0P5oGx	Possible	Markéta Irglová	43	#bd3200	2022-03-08	Viral 50	is
0zCgWGmDF0aih5qexATyBn	After Dark	Mr.Kitty	44	#84bd00	2022-03-08	Viral 50	is
52xJxFP6TqMuO4Yt0eOkMz	We Don't Talk About Bruno	Carolina Gaitán - La Gaita, Mauro Castillo, Adassa, Rhenzy Feliz, Diane Guerrero, Stephanie Beatriz, Encanto - Cast	45	#bd3200	2022-03-08	Viral 50	is
5vUnjhBzRJJIAOJPde6zDx	TO THE MOON	Jnr Choi, Sam Tompkins	46	#84bd00	2022-03-08	Viral 50	is
6K5ph5mq1qprHae3TrgTj5	"Surface Pressure - From ""Encanto""/Soundtrack Version"	Jessica Darrow	47	#4687d7	2022-03-08	Viral 50	is
0unPBMjVwn0HpWget3DBze	Stefania (Kalush Orchestra)	KALUSH	48	#84bd00	2022-03-08	Viral 50	is
1NkI8DtCnjcWVCVLF0gB71	The Batman	Michael Giacchino	49	#4687d7	2022-03-08	Viral 50	is
3xRH6FPVtheDyNla3T1FE7	Hrs and Hrs	Muni Long	50	#4687d7	2022-03-08	Viral 50	is
4lpZYPQkoe9g3w8FN8UNNw	Þaðan af	Katla	1	#3e3e40	2022-03-09	Viral 50	is
4t3gM4Rl5rz5du0Qn2Yd8K	Með hækkandi sól	Sigga Eyþórs, Beta Ey, Elín Ey	2	#3e3e40	2022-03-09	Viral 50	is
3yxtmMzxVUobXExlRJNcZb	Tökum af stað	Daughters of Reykjavík	3	#84bd00	2022-03-09	Viral 50	is
3jx6wsXt6OOgw0mQIlmWlb	Ljósið	Stefan Oli	4	#3e3e40	2022-03-09	Viral 50	is
4huBDGP4I3S0pYI0EaRN1c	City of Gods	Fivio Foreign, Kanye West, Alicia Keys	5	#bd3200	2022-03-09	Viral 50	is
6c5MbySvBl1Ybi9ZkuWa8N	Turn This Around	Daughters of Reykjavík	6	#3e3e40	2022-03-09	Viral 50	is
5LgU3ovyTAvJ4IRGZes5bS	All I Know	Stefan Oli	7	#84bd00	2022-03-09	Viral 50	is
5wuD1oRGdrxLMCjOEIeYzH	Then Again	Katla	8	#3e3e40	2022-03-09	Viral 50	is
3o9kpgkIcffx0iSwxhuNI2	Numb Little Bug	Em Beihold	9	#bd3200	2022-03-09	Viral 50	is
6E4Lmb2YbDG8jANjCnevRK	Don't You Know (íslenska útgáfan)	Amarosis	10	#84bd00	2022-03-09	Viral 50	is
6WCrwk8hAiwqatYcTG2V2M	Bensínlaus	Atlantsolía	11	#bd3200	2022-03-09	Viral 50	is
3Oww84xrmgjyr5J1ilOmAf	Down Under (feat. Colin Hay)	Luude	12	#bd3200	2022-03-09	Viral 50	is
59CfNbkERJ3NoTXDvoURjj	Boyfriend	Dove Cameron	13	#bd3200	2022-03-09	Viral 50	is
33i76siNTo39XfYo8oqEzY	Gía	Haffi Haff	14	#bd3200	2022-03-09	Viral 50	is
04woIMsNe3heO7JRgsR0cL	Don’t You Know	Amarosis	15	#bd3200	2022-03-09	Viral 50	is
3IBL9TxT1r8E3zlrMjIlNT	Séns með þér	Hanna Mia, Astrotourists	16	#3e3e40	2022-03-09	Viral 50	is
2WL6GQzPuK9Nrpy9XwNEbz	Something In The Way - Remastered	Nirvana	17	#84bd00	2022-03-09	Viral 50	is
1AU6nlNT9nC4d22aDb7xwp	Mögulegt	Markéta Irglová	18	#84bd00	2022-03-09	Viral 50	is
0LU4WGvqi88j2RjDhhN6Dm	Hækkum í botn	SUNCITY, Sanna Martinez	19	#bd3200	2022-03-09	Viral 50	is
3FMedgGsLUNwx8NciePFEK	Reggae & Calypso (Russ Millions x Buni x YV)	Russ Millions	20	#84bd00	2022-03-09	Viral 50	is
45GDh5cZcRVOAyQqZWxiUt	Playboy	Jx.Zero	21	#bd3200	2022-03-09	Viral 50	is
7BbaIYAdi3pg4MGl6PHwPv	Monëy so big	Yeat	22	#bd3200	2022-03-09	Viral 50	is
4bLL8O04PMkzYpT4sC47kd	Ástin heldur vöku	Júlí Heiðar	23	#84bd00	2022-03-09	Viral 50	is
3Ot1NYpvz95HEaAxJ1uKa6	Keep it Cool	SUNCITY, Sanna Martinez	24	#84bd00	2022-03-09	Viral 50	is
2n6GNBBTehOPfiQtPGlsCg	Töfrar	Silfurtónar	25	#bd3200	2022-03-09	Viral 50	is
50Cf2eYv8zT3v2HAkwhIiL	Give That Wolf A Banana	Subwoolfer	26	#84bd00	2022-03-09	Viral 50	is
0N0h5lXc4HOiLgGb9EZi8m	Rocking A Cardigan in Atlanta	lil Shordie Scott	27	#84bd00	2022-03-09	Viral 50	is
6QHXcb0eFwOKZOZ9bOFmxm	Toxic Pony	ALTÉGO, Britney Spears, Ginuwine	28	#bd3200	2022-03-09	Viral 50	is
7Fege3yv4dvehB3NdRBGwI	Banking On Me	Gunna	29	#84bd00	2022-03-09	Viral 50	is
1NkI8DtCnjcWVCVLF0gB71	The Batman	Michael Giacchino	30	#84bd00	2022-03-09	Viral 50	is
1ri9ZUkBJVFUdgwzCnfcYs	MAMIII	Becky G, KAROL G	31	#84bd00	2022-03-09	Viral 50	is
6FiySur7YZL0Kff2YVGsEB	Right Foot Creep	YoungBoy Never Broke Again	32	#bd3200	2022-03-09	Viral 50	is
6GomT970rCOkKAyyrwJeZi	Move Your Body	Öwnboss, Sevek	33	#bd3200	2022-03-09	Viral 50	is
0rNIEBlBuo5108lnHyGbqJ	Eat Your Salad	Citi Zēni	34	#84bd00	2022-03-09	Viral 50	is
7rdIKBTAQm4nLlpA5E8DBI	Shake	Ishowsped	35	#84bd00	2022-03-09	Viral 50	is
6D7UmVOpb3eZSzQ0odYc0j	FLOTT	FLOTT	36	#3e3e40	2022-03-09	Viral 50	is
37ROoLBH0Z5rQiDeHzHn2l	Svart-hvíta hetjan mín	Dúkkulísurnar	37	#4687d7	2022-03-09	Viral 50	is
4wMjRiC0lFIx7mo7EZdLGF	Volcano	Haffi Haff	38	#84bd00	2022-03-09	Viral 50	is
0oA9wBGDY4uyILLg4GymWP	Tom's Diner	AnnenMayKantereit, Giant Rooks	39	#4687d7	2022-03-09	Viral 50	is
6K5ph5mq1qprHae3TrgTj5	"Surface Pressure - From ""Encanto""/Soundtrack Version"	Jessica Darrow	40	#84bd00	2022-03-09	Viral 50	is
1ZMGp9MTXbtAPvcKa0U3zS	Brividi	Mahmood, BLANCO	41	#4687d7	2022-03-09	Viral 50	is
4MKOj49FQ3dlI9gqCOIjIn	Pump 101	Digga D, Still Brickin'	42	#3e3e40	2022-03-09	Viral 50	is
79nEEoEPY2w8EXj9hjn5oc	Ginseng Strip 2002	Yung Lean	43	#4687d7	2022-03-09	Viral 50	is
1ojBtNRMzjL7ptLPZCzfRz	Thinking with My Dick (feat. Juicy J)	Kevin Gates	44	#4687d7	2022-03-09	Viral 50	is
49KTdYsWNtkvOslTpgZuM1	War	ArrDee, Aitch	45	#bd3200	2022-03-09	Viral 50	is
5vUnjhBzRJJIAOJPde6zDx	TO THE MOON	Jnr Choi, Sam Tompkins	46	#3e3e40	2022-03-09	Viral 50	is
250HCdqW1C97j3MjvWlysp	Bjór	Fræbblarnir	47	#bd3200	2022-03-09	Viral 50	is
0unPBMjVwn0HpWget3DBze	Stefania (Kalush Orchestra)	KALUSH	48	#3e3e40	2022-03-09	Viral 50	is
0zCgWGmDF0aih5qexATyBn	After Dark	Mr.Kitty	49	#bd3200	2022-03-09	Viral 50	is
3IPGG5Niex4hGlXFOYWzp9	Don't Play That	King Von, 21 Savage	50	#4687d7	2022-03-09	Viral 50	is
4t3gM4Rl5rz5du0Qn2Yd8K	Með hækkandi sól	Sigga Eyþórs, Beta Ey, Elín Ey	1	#84bd00	2022-03-10	Viral 50	is
4lpZYPQkoe9g3w8FN8UNNw	Þaðan af	Katla	2	#bd3200	2022-03-10	Viral 50	is
3jx6wsXt6OOgw0mQIlmWlb	Ljósið	Stefan Oli	3	#84bd00	2022-03-10	Viral 50	is
3yxtmMzxVUobXExlRJNcZb	Tökum af stað	Daughters of Reykjavík	4	#bd3200	2022-03-10	Viral 50	is
6c5MbySvBl1Ybi9ZkuWa8N	Turn This Around	Daughters of Reykjavík	5	#84bd00	2022-03-10	Viral 50	is
6E4Lmb2YbDG8jANjCnevRK	Don't You Know (íslenska útgáfan)	Amarosis	6	#84bd00	2022-03-10	Viral 50	is
5LgU3ovyTAvJ4IRGZes5bS	All I Know	Stefan Oli	7	#3e3e40	2022-03-10	Viral 50	is
4huBDGP4I3S0pYI0EaRN1c	City of Gods	Fivio Foreign, Kanye West, Alicia Keys	8	#bd3200	2022-03-10	Viral 50	is
3o9kpgkIcffx0iSwxhuNI2	Numb Little Bug	Em Beihold	9	#3e3e40	2022-03-10	Viral 50	is
33i76siNTo39XfYo8oqEzY	Gía	Haffi Haff	10	#84bd00	2022-03-10	Viral 50	is
04woIMsNe3heO7JRgsR0cL	Don’t You Know	Amarosis	11	#84bd00	2022-03-10	Viral 50	is
5wuD1oRGdrxLMCjOEIeYzH	Then Again	Katla	12	#bd3200	2022-03-10	Viral 50	is
59CfNbkERJ3NoTXDvoURjj	Boyfriend	Dove Cameron	13	#3e3e40	2022-03-10	Viral 50	is
2WL6GQzPuK9Nrpy9XwNEbz	Something In The Way - Remastered	Nirvana	14	#84bd00	2022-03-10	Viral 50	is
6WCrwk8hAiwqatYcTG2V2M	Bensínlaus	Atlantsolía	15	#bd3200	2022-03-10	Viral 50	is
3Oww84xrmgjyr5J1ilOmAf	Down Under (feat. Colin Hay)	Luude	16	#bd3200	2022-03-10	Viral 50	is
3IBL9TxT1r8E3zlrMjIlNT	Séns með þér	Hanna Mia, Astrotourists	17	#bd3200	2022-03-10	Viral 50	is
1AU6nlNT9nC4d22aDb7xwp	Mögulegt	Markéta Irglová	18	#3e3e40	2022-03-10	Viral 50	is
0LU4WGvqi88j2RjDhhN6Dm	Hækkum í botn	SUNCITY, Sanna Martinez	19	#3e3e40	2022-03-10	Viral 50	is
1NkI8DtCnjcWVCVLF0gB71	The Batman	Michael Giacchino	20	#84bd00	2022-03-10	Viral 50	is
7BbaIYAdi3pg4MGl6PHwPv	Monëy so big	Yeat	21	#84bd00	2022-03-10	Viral 50	is
0N0h5lXc4HOiLgGb9EZi8m	Rocking A Cardigan in Atlanta	lil Shordie Scott	22	#84bd00	2022-03-10	Viral 50	is
2n6GNBBTehOPfiQtPGlsCg	Töfrar	Silfurtónar	23	#84bd00	2022-03-10	Viral 50	is
4bLL8O04PMkzYpT4sC47kd	Ástin heldur vöku	Júlí Heiðar	24	#bd3200	2022-03-10	Viral 50	is
50Cf2eYv8zT3v2HAkwhIiL	Give That Wolf A Banana	Subwoolfer	25	#84bd00	2022-03-10	Viral 50	is
7Fege3yv4dvehB3NdRBGwI	Banking On Me	Gunna	26	#84bd00	2022-03-10	Viral 50	is
1ojBtNRMzjL7ptLPZCzfRz	Thinking with My Dick (feat. Juicy J)	Kevin Gates	27	#84bd00	2022-03-10	Viral 50	is
0oA9wBGDY4uyILLg4GymWP	Tom's Diner	AnnenMayKantereit, Giant Rooks	28	#84bd00	2022-03-10	Viral 50	is
3Ot1NYpvz95HEaAxJ1uKa6	Keep it Cool	SUNCITY, Sanna Martinez	29	#bd3200	2022-03-10	Viral 50	is
45GDh5cZcRVOAyQqZWxiUt	Playboy	Jx.Zero	30	#bd3200	2022-03-10	Viral 50	is
7rdIKBTAQm4nLlpA5E8DBI	Shake	Ishowsped	31	#84bd00	2022-03-10	Viral 50	is
6FiySur7YZL0Kff2YVGsEB	Right Foot Creep	YoungBoy Never Broke Again	32	#3e3e40	2022-03-10	Viral 50	is
4MKOj49FQ3dlI9gqCOIjIn	Pump 101	Digga D, Still Brickin'	33	#84bd00	2022-03-10	Viral 50	is
0rNIEBlBuo5108lnHyGbqJ	Eat Your Salad	Citi Zēni	34	#3e3e40	2022-03-10	Viral 50	is
3FMedgGsLUNwx8NciePFEK	Reggae & Calypso (Russ Millions x Buni x YV)	Russ Millions	35	#bd3200	2022-03-10	Viral 50	is
4wMjRiC0lFIx7mo7EZdLGF	Volcano	Haffi Haff	36	#84bd00	2022-03-10	Viral 50	is
6QHXcb0eFwOKZOZ9bOFmxm	Toxic Pony	ALTÉGO, Britney Spears, Ginuwine	37	#bd3200	2022-03-10	Viral 50	is
58HvfVOeJY7lUuCqF0m3ly	MIDDLE OF THE NIGHT	Elley Duhé	38	#4687d7	2022-03-10	Viral 50	is
6GomT970rCOkKAyyrwJeZi	Move Your Body	Öwnboss, Sevek	39	#bd3200	2022-03-10	Viral 50	is
1ZMGp9MTXbtAPvcKa0U3zS	Brividi	Mahmood, BLANCO	40	#84bd00	2022-03-10	Viral 50	is
6D7UmVOpb3eZSzQ0odYc0j	FLOTT	FLOTT	41	#bd3200	2022-03-10	Viral 50	is
37ROoLBH0Z5rQiDeHzHn2l	Svart-hvíta hetjan mín	Dúkkulísurnar	42	#bd3200	2022-03-10	Viral 50	is
1ri9ZUkBJVFUdgwzCnfcYs	MAMIII	Becky G, KAROL G	43	#bd3200	2022-03-10	Viral 50	is
4CEwAI3xJyeuCKYSTAOSp1	Don't You Know (íslenska útgáfan) - Karaoke	Amarosis	44	#4687d7	2022-03-10	Viral 50	is
0unPBMjVwn0HpWget3DBze	Stefania (Kalush Orchestra)	KALUSH	45	#84bd00	2022-03-10	Viral 50	is
5iKr8t4W07HyFldrqDMxKe	Gemini	Hanna Mia, Astrotourists	46	#4687d7	2022-03-10	Viral 50	is
5vUnjhBzRJJIAOJPde6zDx	TO THE MOON	Jnr Choi, Sam Tompkins	47	#bd3200	2022-03-10	Viral 50	is
49KTdYsWNtkvOslTpgZuM1	War	ArrDee, Aitch	48	#bd3200	2022-03-10	Viral 50	is
0zCgWGmDF0aih5qexATyBn	After Dark	Mr.Kitty	49	#3e3e40	2022-03-10	Viral 50	is
1pYsBrqRmQaj9wSTUNL3eT	Bona Fide (feat. Soffía Björg)	Krummi	50	#4687d7	2022-03-10	Viral 50	is
4t3gM4Rl5rz5du0Qn2Yd8K	Með hækkandi sól	Sigga Eyþórs, Beta Ey, Elín Ey	1	#3e3e40	2022-03-11	Viral 50	is
4lpZYPQkoe9g3w8FN8UNNw	Þaðan af	Katla	2	#3e3e40	2022-03-11	Viral 50	is
3jx6wsXt6OOgw0mQIlmWlb	Ljósið	Stefan Oli	3	#3e3e40	2022-03-11	Viral 50	is
6c5MbySvBl1Ybi9ZkuWa8N	Turn This Around	Daughters of Reykjavík	4	#84bd00	2022-03-11	Viral 50	is
3yxtmMzxVUobXExlRJNcZb	Tökum af stað	Daughters of Reykjavík	5	#bd3200	2022-03-11	Viral 50	is
5LgU3ovyTAvJ4IRGZes5bS	All I Know	Stefan Oli	6	#84bd00	2022-03-11	Viral 50	is
3o9kpgkIcffx0iSwxhuNI2	Numb Little Bug	Em Beihold	7	#84bd00	2022-03-11	Viral 50	is
6E4Lmb2YbDG8jANjCnevRK	Don't You Know (íslenska útgáfan)	Amarosis	8	#bd3200	2022-03-11	Viral 50	is
5wuD1oRGdrxLMCjOEIeYzH	Then Again	Katla	9	#84bd00	2022-03-11	Viral 50	is
2WL6GQzPuK9Nrpy9XwNEbz	Something In The Way - Remastered	Nirvana	10	#84bd00	2022-03-11	Viral 50	is
59CfNbkERJ3NoTXDvoURjj	Boyfriend	Dove Cameron	11	#84bd00	2022-03-11	Viral 50	is
4huBDGP4I3S0pYI0EaRN1c	City of Gods	Fivio Foreign, Kanye West, Alicia Keys	12	#bd3200	2022-03-11	Viral 50	is
6WCrwk8hAiwqatYcTG2V2M	Bensínlaus	Atlantsolía	13	#84bd00	2022-03-11	Viral 50	is
1ojBtNRMzjL7ptLPZCzfRz	Thinking with My Dick (feat. Juicy J)	Kevin Gates	14	#84bd00	2022-03-11	Viral 50	is
04woIMsNe3heO7JRgsR0cL	Don’t You Know	Amarosis	15	#bd3200	2022-03-11	Viral 50	is
3IBL9TxT1r8E3zlrMjIlNT	Séns með þér	Hanna Mia, Astrotourists	16	#84bd00	2022-03-11	Viral 50	is
33i76siNTo39XfYo8oqEzY	Gía	Haffi Haff	17	#bd3200	2022-03-11	Viral 50	is
0N0h5lXc4HOiLgGb9EZi8m	Rocking A Cardigan in Atlanta	lil Shordie Scott	18	#84bd00	2022-03-11	Viral 50	is
3Oww84xrmgjyr5J1ilOmAf	Down Under (feat. Colin Hay)	Luude	19	#bd3200	2022-03-11	Viral 50	is
4bLL8O04PMkzYpT4sC47kd	Ástin heldur vöku	Júlí Heiðar	20	#84bd00	2022-03-11	Viral 50	is
1AU6nlNT9nC4d22aDb7xwp	Mögulegt	Markéta Irglová	21	#bd3200	2022-03-11	Viral 50	is
1NkI8DtCnjcWVCVLF0gB71	The Batman	Michael Giacchino	22	#bd3200	2022-03-11	Viral 50	is
0LU4WGvqi88j2RjDhhN6Dm	Hækkum í botn	SUNCITY, Sanna Martinez	23	#bd3200	2022-03-11	Viral 50	is
7BbaIYAdi3pg4MGl6PHwPv	Monëy so big	Yeat	24	#bd3200	2022-03-11	Viral 50	is
7Fege3yv4dvehB3NdRBGwI	Banking On Me	Gunna	25	#84bd00	2022-03-11	Viral 50	is
0oA9wBGDY4uyILLg4GymWP	Tom's Diner	AnnenMayKantereit, Giant Rooks	26	#84bd00	2022-03-11	Viral 50	is
50Cf2eYv8zT3v2HAkwhIiL	Give That Wolf A Banana	Subwoolfer	27	#bd3200	2022-03-11	Viral 50	is
3Ot1NYpvz95HEaAxJ1uKa6	Keep it Cool	SUNCITY, Sanna Martinez	28	#84bd00	2022-03-11	Viral 50	is
2n6GNBBTehOPfiQtPGlsCg	Töfrar	Silfurtónar	29	#bd3200	2022-03-11	Viral 50	is
45GDh5cZcRVOAyQqZWxiUt	Playboy	Jx.Zero	30	#3e3e40	2022-03-11	Viral 50	is
6FiySur7YZL0Kff2YVGsEB	Right Foot Creep	YoungBoy Never Broke Again	31	#84bd00	2022-03-11	Viral 50	is
4wMjRiC0lFIx7mo7EZdLGF	Volcano	Haffi Haff	32	#84bd00	2022-03-11	Viral 50	is
3FMedgGsLUNwx8NciePFEK	Reggae & Calypso (Russ Millions x Buni x YV)	Russ Millions	33	#84bd00	2022-03-11	Viral 50	is
7rdIKBTAQm4nLlpA5E8DBI	Shake	Ishowsped	34	#bd3200	2022-03-11	Viral 50	is
0rNIEBlBuo5108lnHyGbqJ	Eat Your Salad	Citi Zēni	35	#bd3200	2022-03-11	Viral 50	is
6QHXcb0eFwOKZOZ9bOFmxm	Toxic Pony	ALTÉGO, Britney Spears, Ginuwine	36	#84bd00	2022-03-11	Viral 50	is
58HvfVOeJY7lUuCqF0m3ly	MIDDLE OF THE NIGHT	Elley Duhé	37	#84bd00	2022-03-11	Viral 50	is
4CEwAI3xJyeuCKYSTAOSp1	Don't You Know (íslenska útgáfan) - Karaoke	Amarosis	38	#84bd00	2022-03-11	Viral 50	is
3oqh1aMQniNyTPWZl6TC1a	Bleikur og blár	Friðrik Dór	39	#4687d7	2022-03-11	Viral 50	is
6GomT970rCOkKAyyrwJeZi	Move Your Body	Öwnboss, Sevek	40	#bd3200	2022-03-11	Viral 50	is
1pYsBrqRmQaj9wSTUNL3eT	Bona Fide (feat. Soffía Björg)	Krummi	41	#84bd00	2022-03-11	Viral 50	is
6D7UmVOpb3eZSzQ0odYc0j	FLOTT	FLOTT	42	#bd3200	2022-03-11	Viral 50	is
1dxcQA922vdRVtSlGunpGX	Fjólublátt ljós við barinn	Klíkan	43	#4687d7	2022-03-11	Viral 50	is
5iKr8t4W07HyFldrqDMxKe	Gemini	Hanna Mia, Astrotourists	44	#84bd00	2022-03-11	Viral 50	is
1ri9ZUkBJVFUdgwzCnfcYs	MAMIII	Becky G, KAROL G	45	#bd3200	2022-03-11	Viral 50	is
1ZdhOMWyFR8Iv9eylMGYg2	Mount Everest	Labrinth	46	#4687d7	2022-03-11	Viral 50	is
1ZMGp9MTXbtAPvcKa0U3zS	Brividi	Mahmood, BLANCO	47	#bd3200	2022-03-11	Viral 50	is
4MKOj49FQ3dlI9gqCOIjIn	Pump 101	Digga D, Still Brickin'	48	#bd3200	2022-03-11	Viral 50	is
6SzNZUQsMN41QlUU0P5oGx	Possible	Markéta Irglová	49	#4687d7	2022-03-11	Viral 50	is
3YcLuHLXrvJbGNzNlcqWaz	Royal Morning Blue	Damon Albarn	50	#4687d7	2022-03-11	Viral 50	is
4t3gM4Rl5rz5du0Qn2Yd8K	Með hækkandi sól	Sigga Eyþórs, Beta Ey, Elín Ey	1	#3e3e40	2022-03-12	Viral 50	is
6c5MbySvBl1Ybi9ZkuWa8N	Turn This Around	Daughters of Reykjavík	2	#84bd00	2022-03-12	Viral 50	is
3yxtmMzxVUobXExlRJNcZb	Tökum af stað	Daughters of Reykjavík	3	#84bd00	2022-03-12	Viral 50	is
3jx6wsXt6OOgw0mQIlmWlb	Ljósið	Stefan Oli	4	#bd3200	2022-03-12	Viral 50	is
4lpZYPQkoe9g3w8FN8UNNw	Þaðan af	Katla	5	#bd3200	2022-03-12	Viral 50	is
5LgU3ovyTAvJ4IRGZes5bS	All I Know	Stefan Oli	6	#3e3e40	2022-03-12	Viral 50	is
3o9kpgkIcffx0iSwxhuNI2	Numb Little Bug	Em Beihold	7	#3e3e40	2022-03-12	Viral 50	is
2WL6GQzPuK9Nrpy9XwNEbz	Something In The Way - Remastered	Nirvana	8	#84bd00	2022-03-12	Viral 50	is
04woIMsNe3heO7JRgsR0cL	Don’t You Know	Amarosis	9	#84bd00	2022-03-12	Viral 50	is
1ojBtNRMzjL7ptLPZCzfRz	Thinking with My Dick (feat. Juicy J)	Kevin Gates	10	#84bd00	2022-03-12	Viral 50	is
6E4Lmb2YbDG8jANjCnevRK	Don't You Know (íslenska útgáfan)	Amarosis	11	#bd3200	2022-03-12	Viral 50	is
6WCrwk8hAiwqatYcTG2V2M	Bensínlaus	Atlantsolía	12	#84bd00	2022-03-12	Viral 50	is
33i76siNTo39XfYo8oqEzY	Gía	Haffi Haff	13	#84bd00	2022-03-12	Viral 50	is
59CfNbkERJ3NoTXDvoURjj	Boyfriend	Dove Cameron	14	#bd3200	2022-03-12	Viral 50	is
50Cf2eYv8zT3v2HAkwhIiL	Give That Wolf A Banana	Subwoolfer	15	#84bd00	2022-03-12	Viral 50	is
5wuD1oRGdrxLMCjOEIeYzH	Then Again	Katla	16	#bd3200	2022-03-12	Viral 50	is
3Oww84xrmgjyr5J1ilOmAf	Down Under (feat. Colin Hay)	Luude	17	#84bd00	2022-03-12	Viral 50	is
3IBL9TxT1r8E3zlrMjIlNT	Séns með þér	Hanna Mia, Astrotourists	18	#bd3200	2022-03-12	Viral 50	is
4huBDGP4I3S0pYI0EaRN1c	City of Gods	Fivio Foreign, Kanye West, Alicia Keys	19	#bd3200	2022-03-12	Viral 50	is
0N0h5lXc4HOiLgGb9EZi8m	Rocking A Cardigan in Atlanta	lil Shordie Scott	20	#bd3200	2022-03-12	Viral 50	is
1NkI8DtCnjcWVCVLF0gB71	The Batman	Michael Giacchino	21	#84bd00	2022-03-12	Viral 50	is
4bLL8O04PMkzYpT4sC47kd	Ástin heldur vöku	Júlí Heiðar	22	#bd3200	2022-03-12	Viral 50	is
0oA9wBGDY4uyILLg4GymWP	Tom's Diner	AnnenMayKantereit, Giant Rooks	23	#84bd00	2022-03-12	Viral 50	is
0LU4WGvqi88j2RjDhhN6Dm	Hækkum í botn	SUNCITY, Sanna Martinez	24	#bd3200	2022-03-12	Viral 50	is
7Fege3yv4dvehB3NdRBGwI	Banking On Me	Gunna	25	#3e3e40	2022-03-12	Viral 50	is
2n6GNBBTehOPfiQtPGlsCg	Töfrar	Silfurtónar	26	#84bd00	2022-03-12	Viral 50	is
7BbaIYAdi3pg4MGl6PHwPv	Monëy so big	Yeat	27	#bd3200	2022-03-12	Viral 50	is
58HvfVOeJY7lUuCqF0m3ly	MIDDLE OF THE NIGHT	Elley Duhé	28	#84bd00	2022-03-12	Viral 50	is
3Ot1NYpvz95HEaAxJ1uKa6	Keep it Cool	SUNCITY, Sanna Martinez	29	#bd3200	2022-03-12	Viral 50	is
45GDh5cZcRVOAyQqZWxiUt	Playboy	Jx.Zero	30	#3e3e40	2022-03-12	Viral 50	is
3oqh1aMQniNyTPWZl6TC1a	Bleikur og blár	Friðrik Dór	31	#84bd00	2022-03-12	Viral 50	is
3DRG3HjNz4ZzjDapuZZVOt	Svart-hvíta hetjan mín	Dúkkulísurnar	32	#4687d7	2022-03-12	Viral 50	is
4wMjRiC0lFIx7mo7EZdLGF	Volcano	Haffi Haff	33	#bd3200	2022-03-12	Viral 50	is
6FiySur7YZL0Kff2YVGsEB	Right Foot Creep	YoungBoy Never Broke Again	34	#bd3200	2022-03-12	Viral 50	is
1ZMGp9MTXbtAPvcKa0U3zS	Brividi	Mahmood, BLANCO	35	#84bd00	2022-03-12	Viral 50	is
4CEwAI3xJyeuCKYSTAOSp1	Don't You Know (íslenska útgáfan) - Karaoke	Amarosis	36	#84bd00	2022-03-12	Viral 50	is
0BvM4sh1rKdKKidamKdHH7	Ain't got nobody	Sísý Ey	37	#4687d7	2022-03-12	Viral 50	is
3FMedgGsLUNwx8NciePFEK	Reggae & Calypso (Russ Millions x Buni x YV)	Russ Millions	38	#bd3200	2022-03-12	Viral 50	is
7eeno3ABQy6MMw8GlsZ7BO	Shake	Ishowsped, essential318	39	#bd3200	2022-03-12	Viral 50	is
5iKr8t4W07HyFldrqDMxKe	Gemini	Hanna Mia, Astrotourists	40	#84bd00	2022-03-12	Viral 50	is
1ZdhOMWyFR8Iv9eylMGYg2	Mount Everest	Labrinth	41	#84bd00	2022-03-12	Viral 50	is
6QHXcb0eFwOKZOZ9bOFmxm	Toxic Pony	ALTÉGO, Britney Spears, Ginuwine	42	#bd3200	2022-03-12	Viral 50	is
6GomT970rCOkKAyyrwJeZi	Move Your Body	Öwnboss, Sevek	43	#bd3200	2022-03-12	Viral 50	is
0rNIEBlBuo5108lnHyGbqJ	Eat Your Salad	Citi Zēni	44	#bd3200	2022-03-12	Viral 50	is
4xAmbn7xiy6wGOs4oaxv70	Call Me Little Sunshine	Ghost	45	#4687d7	2022-03-12	Viral 50	is
1ri9ZUkBJVFUdgwzCnfcYs	MAMIII	Becky G, KAROL G	46	#bd3200	2022-03-12	Viral 50	is
6SzNZUQsMN41QlUU0P5oGx	Possible	Markéta Irglová	47	#84bd00	2022-03-12	Viral 50	is
6D7UmVOpb3eZSzQ0odYc0j	FLOTT	FLOTT	48	#bd3200	2022-03-12	Viral 50	is
3YcLuHLXrvJbGNzNlcqWaz	Royal Morning Blue	Damon Albarn	49	#84bd00	2022-03-12	Viral 50	is
52xJxFP6TqMuO4Yt0eOkMz	We Don't Talk About Bruno	Carolina Gaitán - La Gaita, Mauro Castillo, Adassa, Rhenzy Feliz, Diane Guerrero, Stephanie Beatriz, Encanto - Cast	50	#4687d7	2022-03-12	Viral 50	is
4t3gM4Rl5rz5du0Qn2Yd8K	Með hækkandi sól	Sigga Eyþórs, Beta Ey, Elín Ey	1	#3e3e40	2022-03-13	Viral 50	is
6c5MbySvBl1Ybi9ZkuWa8N	Turn This Around	Daughters of Reykjavík	2	#3e3e40	2022-03-13	Viral 50	is
3yxtmMzxVUobXExlRJNcZb	Tökum af stað	Daughters of Reykjavík	3	#3e3e40	2022-03-13	Viral 50	is
3jx6wsXt6OOgw0mQIlmWlb	Ljósið	Stefan Oli	4	#3e3e40	2022-03-13	Viral 50	is
4lpZYPQkoe9g3w8FN8UNNw	Þaðan af	Katla	5	#3e3e40	2022-03-13	Viral 50	is
1ojBtNRMzjL7ptLPZCzfRz	Thinking with My Dick (feat. Juicy J)	Kevin Gates	6	#84bd00	2022-03-13	Viral 50	is
04woIMsNe3heO7JRgsR0cL	Don’t You Know	Amarosis	7	#84bd00	2022-03-13	Viral 50	is
2WL6GQzPuK9Nrpy9XwNEbz	Something In The Way - Remastered	Nirvana	8	#3e3e40	2022-03-13	Viral 50	is
5LgU3ovyTAvJ4IRGZes5bS	All I Know	Stefan Oli	9	#bd3200	2022-03-13	Viral 50	is
3o9kpgkIcffx0iSwxhuNI2	Numb Little Bug	Em Beihold	10	#bd3200	2022-03-13	Viral 50	is
6E4Lmb2YbDG8jANjCnevRK	Don't You Know (íslenska útgáfan)	Amarosis	11	#3e3e40	2022-03-13	Viral 50	is
59CfNbkERJ3NoTXDvoURjj	Boyfriend	Dove Cameron	12	#84bd00	2022-03-13	Viral 50	is
6WCrwk8hAiwqatYcTG2V2M	Bensínlaus	Atlantsolía	13	#bd3200	2022-03-13	Viral 50	is
50Cf2eYv8zT3v2HAkwhIiL	Give That Wolf A Banana	Subwoolfer	14	#84bd00	2022-03-13	Viral 50	is
0BvM4sh1rKdKKidamKdHH7	Ain't got nobody	Sísý Ey	15	#84bd00	2022-03-13	Viral 50	is
33i76siNTo39XfYo8oqEzY	Gía	Haffi Haff	16	#bd3200	2022-03-13	Viral 50	is
5wuD1oRGdrxLMCjOEIeYzH	Then Again	Katla	17	#bd3200	2022-03-13	Viral 50	is
3IBL9TxT1r8E3zlrMjIlNT	Séns með þér	Hanna Mia, Astrotourists	18	#3e3e40	2022-03-13	Viral 50	is
4bLL8O04PMkzYpT4sC47kd	Ástin heldur vöku	Júlí Heiðar	19	#84bd00	2022-03-13	Viral 50	is
0oA9wBGDY4uyILLg4GymWP	Tom's Diner	AnnenMayKantereit, Giant Rooks	20	#84bd00	2022-03-13	Viral 50	is
4huBDGP4I3S0pYI0EaRN1c	City of Gods	Fivio Foreign, Kanye West, Alicia Keys	21	#bd3200	2022-03-13	Viral 50	is
3Oww84xrmgjyr5J1ilOmAf	Down Under (feat. Colin Hay)	Luude	22	#bd3200	2022-03-13	Viral 50	is
1NkI8DtCnjcWVCVLF0gB71	The Batman	Michael Giacchino	23	#bd3200	2022-03-13	Viral 50	is
58HvfVOeJY7lUuCqF0m3ly	MIDDLE OF THE NIGHT	Elley Duhé	24	#84bd00	2022-03-13	Viral 50	is
4CEwAI3xJyeuCKYSTAOSp1	Don't You Know (íslenska útgáfan) - Karaoke	Amarosis	25	#84bd00	2022-03-13	Viral 50	is
7BbaIYAdi3pg4MGl6PHwPv	Monëy so big	Yeat	26	#84bd00	2022-03-13	Viral 50	is
7Fege3yv4dvehB3NdRBGwI	Banking On Me	Gunna	27	#bd3200	2022-03-13	Viral 50	is
0N0h5lXc4HOiLgGb9EZi8m	Rocking A Cardigan in Atlanta	lil Shordie Scott	28	#bd3200	2022-03-13	Viral 50	is
0LU4WGvqi88j2RjDhhN6Dm	Hækkum í botn	SUNCITY, Sanna Martinez	29	#bd3200	2022-03-13	Viral 50	is
2n6GNBBTehOPfiQtPGlsCg	Töfrar	Silfurtónar	30	#bd3200	2022-03-13	Viral 50	is
1ZMGp9MTXbtAPvcKa0U3zS	Brividi	Mahmood, BLANCO	31	#84bd00	2022-03-13	Viral 50	is
3Ot1NYpvz95HEaAxJ1uKa6	Keep it Cool	SUNCITY, Sanna Martinez	32	#bd3200	2022-03-13	Viral 50	is
0unPBMjVwn0HpWget3DBze	Stefania (Kalush Orchestra)	KALUSH	33	#4687d7	2022-03-13	Viral 50	is
4wMjRiC0lFIx7mo7EZdLGF	Volcano	Haffi Haff	34	#bd3200	2022-03-13	Viral 50	is
0rNIEBlBuo5108lnHyGbqJ	Eat Your Salad	Citi Zēni	35	#84bd00	2022-03-13	Viral 50	is
3oqh1aMQniNyTPWZl6TC1a	Bleikur og blár	Friðrik Dór	36	#bd3200	2022-03-13	Viral 50	is
6FiySur7YZL0Kff2YVGsEB	Right Foot Creep	YoungBoy Never Broke Again	37	#bd3200	2022-03-13	Viral 50	is
7eeno3ABQy6MMw8GlsZ7BO	Shake	Ishowsped, essential318	38	#84bd00	2022-03-13	Viral 50	is
1ZdhOMWyFR8Iv9eylMGYg2	Mount Everest	Labrinth	39	#84bd00	2022-03-13	Viral 50	is
2p2yeYSCHJLfIH1qapCpwa	Með hækkandi sól - Karaoke	Sigga Eyþórs, Beta Ey, Elín Ey	40	#4687d7	2022-03-13	Viral 50	is
3FMedgGsLUNwx8NciePFEK	Reggae & Calypso (Russ Millions x Buni x YV)	Russ Millions	41	#bd3200	2022-03-13	Viral 50	is
5iKr8t4W07HyFldrqDMxKe	Gemini	Hanna Mia, Astrotourists	42	#bd3200	2022-03-13	Viral 50	is
6QHXcb0eFwOKZOZ9bOFmxm	Toxic Pony	ALTÉGO, Britney Spears, Ginuwine	43	#bd3200	2022-03-13	Viral 50	is
6GomT970rCOkKAyyrwJeZi	Move Your Body	Öwnboss, Sevek	44	#bd3200	2022-03-13	Viral 50	is
6SzNZUQsMN41QlUU0P5oGx	Possible	Markéta Irglová	45	#84bd00	2022-03-13	Viral 50	is
3YcLuHLXrvJbGNzNlcqWaz	Royal Morning Blue	Damon Albarn	46	#84bd00	2022-03-13	Viral 50	is
1ri9ZUkBJVFUdgwzCnfcYs	MAMIII	Becky G, KAROL G	47	#bd3200	2022-03-13	Viral 50	is
4xAmbn7xiy6wGOs4oaxv70	Call Me Little Sunshine	Ghost	48	#bd3200	2022-03-13	Viral 50	is
0sTlGEld0h8kIPZaKDYUf4	Notion	The Rare Occasions	49	#4687d7	2022-03-13	Viral 50	is
1pYsBrqRmQaj9wSTUNL3eT	Bona Fide (feat. Soffía Björg)	Krummi	50	#4687d7	2022-03-13	Viral 50	is
